county,administered_date,total_doses,cumulative_total_doses,pfizer_doses,cumulative_pfizer_doses,moderna_doses,cumulative_moderna_doses,jj_doses,cumulative_jj_doses,partially_vaccinated,total_partially_vaccinated,fully_vaccinated,cumulative_fully_vaccinated,at_least_one_dose,cumulative_at_least_one_dose,california_flag
All CA Counties,2020-12-15,1132,1132,1132,1132,0,0,0,0,1132,1132,0,0,1132,1132,
All CA Counties,2020-12-16,8115,9247,8115,9247,0,0,0,0,8115,9247,0,0,8115,9247,
All CA Counties,2020-12-17,25706,34953,25706,34953,0,0,0,0,25708,34955,0,0,25708,34955,
All CA Counties,2020-12-18,43734,78687,43680,78633,54,54,0,0,43735,78690,0,0,43735,78690,
All CA Counties,2020-12-19,25190,103877,25167,103800,23,77,0,0,25189,103878,1,1,25189,103879,
All CA Counties,2020-12-20,18930,122807,18900,122700,30,107,0,0,18929,122806,1,2,18929,122808,
All CA Counties,2020-12-21,49516,172323,49436,172136,80,187,0,0,49519,172324,1,3,49519,172327,
All CA Counties,2020-12-22,49840,222163,47728,219864,2112,2299,0,0,49838,222161,1,4,49838,222165,
All CA Counties,2020-12-23,50224,272387,41521,261385,8703,11002,0,0,50220,272381,0,4,50220,272385,
All CA Counties,2020-12-24,24005,296392,16314,277699,7691,18693,0,0,24002,296382,1,5,24002,296387,
All CA Counties,2020-12-25,2330,298722,2011,279710,319,19012,0,0,2330,298712,0,5,2330,298717,
All CA Counties,2020-12-26,14604,313326,9432,289142,5172,24184,0,0,14603,313314,1,6,14603,313320,
All CA Counties,2020-12-27,9388,322714,5565,294707,3823,28007,0,0,9387,322700,1,7,9387,322707,
All CA Counties,2020-12-28,45630,368344,29254,323961,16376,44383,0,0,45627,368324,3,10,45627,368334,
All CA Counties,2020-12-29,50999,419343,28502,352463,22497,66880,0,0,50995,419316,3,13,50995,419329,
All CA Counties,2020-12-30,62868,482211,35629,388092,27239,94119,0,0,62862,482175,3,16,62862,482191,
All CA Counties,2020-12-31,29272,511483,10831,398923,18441,112560,0,0,29264,511434,5,21,29264,511455,
All CA Counties,2021-01-01,3922,515405,1733,400656,2189,114749,0,0,3917,515348,3,24,3917,515372,
All CA Counties,2021-01-02,18424,533829,10219,410875,8205,122954,0,0,18423,533771,0,24,18423,533795,
All CA Counties,2021-01-03,6129,539958,3474,414349,2655,125609,0,0,6100,539859,12,36,6100,539895,
All CA Counties,2021-01-04,43328,583286,21912,436261,21416,147025,0,0,43249,583065,43,79,43249,583144,
All CA Counties,2021-01-05,56152,639438,29562,465823,26590,173615,0,0,50718,628491,5378,5457,50804,633948,
All CA Counties,2021-01-06,72930,712368,40330,506153,32600,206215,0,0,57652,671069,15102,20559,57680,691628,
All CA Counties,2021-01-07,91644,804012,52137,558290,39507,245722,0,0,61219,702066,30266,50825,61263,752891,
All CA Counties,2021-01-08,106069,910081,63929,622219,42140,287862,0,0,65044,726273,40893,91718,65100,817991,
All CA Counties,2021-01-09,43588,953669,25046,647265,18542,306404,0,0,27499,737725,16069,107787,27521,845512,
All CA Counties,2021-01-10,24209,977878,14812,662077,9397,315801,0,0,12997,739543,11196,118983,13014,858526,
All CA Counties,2021-01-11,104110,1081988,69260,731337,34850,350651,0,0,60426,756488,43644,162627,60589,919115,
All CA Counties,2021-01-12,112455,1194443,66394,797731,46061,396712,0,0,71531,787395,40845,203472,71752,990867,
All CA Counties,2021-01-13,118496,1312939,61380,859111,57116,453828,0,0,84898,838851,33513,236985,84969,1075836,
All CA Counties,2021-01-14,123053,1435992,49297,908408,73756,527584,0,0,103557,923154,19394,256379,103697,1179533,
All CA Counties,2021-01-15,141537,1577529,52002,960410,89535,617119,0,0,126565,1035016,14880,271259,126742,1306275,
All CA Counties,2021-01-16,80316,1657845,27371,987781,52945,670064,0,0,72797,1100367,7494,278753,72845,1379120,
All CA Counties,2021-01-17,48019,1705864,16769,1004550,31250,701314,0,0,44391,1141182,3621,282374,44436,1423556,
All CA Counties,2021-01-18,87572,1793436,45555,1050105,42017,743331,0,0,68447,1190733,19045,301419,68596,1492152,
All CA Counties,2021-01-19,141410,1934846,73321,1123426,68089,811420,0,0,110376,1270477,30942,332361,110686,1602838,
All CA Counties,2021-01-20,158039,2092885,80188,1203614,77851,889271,0,0,124921,1362701,32939,365300,125163,1728001,
All CA Counties,2021-01-21,171989,2264874,76112,1279726,95877,985148,0,0,153173,1497576,18616,383916,153491,1881492,
All CA Counties,2021-01-22,168533,2433407,68701,1348427,99832,1084980,0,0,154348,1638026,14056,397972,154506,2035998,
All CA Counties,2021-01-23,110939,2544346,49385,1397812,61554,1146534,0,0,98419,1724096,12461,410433,98531,2134529,
All CA Counties,2021-01-24,60860,2605206,29466,1427278,31394,1177928,0,0,56231,1775780,4599,415032,56283,2190812,
All CA Counties,2021-01-25,143654,2748860,64797,1492075,78857,1256785,0,0,109035,1850618,34536,449568,109374,2300186,
All CA Counties,2021-01-26,167548,2916408,82303,1574378,85245,1342030,0,0,130501,1944449,36923,486491,130754,2430940,
All CA Counties,2021-01-27,179133,3095541,87762,1662140,91371,1433401,0,0,140261,2046396,38507,524998,140454,2571394,
All CA Counties,2021-01-28,186669,3282210,85933,1748073,100736,1534137,0,0,152910,2166012,33478,558476,153094,2724488,
All CA Counties,2021-01-29,182492,3464702,87859,1835932,94633,1628770,0,0,148156,2280547,33771,592247,148306,2872794,
All CA Counties,2021-01-30,122687,3587389,55139,1891071,67548,1696318,0,0,107723,2373604,14802,607049,107859,2980653,
All CA Counties,2021-01-31,69142,3656531,38870,1929941,30272,1726590,0,0,64104,2432766,4992,612041,64154,3044807,
All CA Counties,2021-02-01,157965,3814496,72744,2002685,85221,1811811,0,0,119936,2514938,37889,649930,120061,3164868,
All CA Counties,2021-02-02,185454,3999950,79386,2082071,106068,1917879,0,0,139845,2609735,45264,695194,140061,3304929,
All CA Counties,2021-02-03,209697,4209647,94770,2176841,114927,2032806,0,0,156114,2712961,53113,748307,156339,3461268,
All CA Counties,2021-02-04,227177,4436824,99685,2276526,127492,2160298,0,0,166884,2820432,59757,808064,167228,3628496,
All CA Counties,2021-02-05,245023,4681847,106191,2382717,138832,2299130,0,0,166887,2910470,77386,885450,167424,3795920,
All CA Counties,2021-02-06,154371,4836218,74645,2457362,79726,2378856,0,0,119831,2996412,34375,919825,120317,3916237,
All CA Counties,2021-02-07,66577,4902795,43036,2500398,23541,2402397,0,0,50214,3030790,16278,936103,50656,3966893,
All CA Counties,2021-02-08,179737,5082532,88209,2588607,91528,2493925,0,0,118739,3089696,60551,996654,119457,4086350,
All CA Counties,2021-02-09,210144,5292676,101538,2690145,108606,2602531,0,0,126283,3133671,83432,1080086,127407,4213757,
All CA Counties,2021-02-10,247608,5540284,119564,2809709,128044,2730575,0,0,138181,3164676,108620,1188706,139625,4353382,
All CA Counties,2021-02-11,263174,5803458,130417,2940126,132757,2863332,0,0,144922,3194122,117234,1305940,146680,4500062,
All CA Counties,2021-02-12,270769,6074227,118674,3058800,152095,3015427,0,0,146632,3219709,123373,1429313,148960,4649022,
All CA Counties,2021-02-13,166145,6240372,76990,3135790,89155,3104582,0,0,91845,3239605,73887,1503200,93783,4742805,
All CA Counties,2021-02-14,95119,6335491,47415,3183205,47704,3152286,0,0,51548,3249404,43422,1546622,53221,4796026,
All CA Counties,2021-02-15,141363,6476854,62157,3245362,79206,3231492,0,0,78348,3268272,62667,1609289,81535,4877561,
All CA Counties,2021-02-16,247478,6724332,117477,3362839,130001,3361493,0,0,132832,3290230,114304,1723593,136262,5013823,
All CA Counties,2021-02-17,256766,6981098,128045,3490884,128721,3490214,0,0,128281,3294165,127997,1851590,131932,5145755,
All CA Counties,2021-02-18,270821,7251919,141545,3632429,129276,3619490,0,0,131848,3292368,138335,1989925,136538,5282293,
All CA Counties,2021-02-19,249787,7501706,144719,3777148,105068,3724558,0,0,129684,3304558,119667,2109592,131857,5414150,
All CA Counties,2021-02-20,150585,7652291,96815,3873963,53770,3778328,0,0,83216,3322928,67135,2176727,85505,5499655,
All CA Counties,2021-02-21,71941,7724232,58045,3932008,13896,3792224,0,0,35504,3324504,36226,2212953,37802,5537457,
All CA Counties,2021-02-22,162375,7886607,109040,4041048,53335,3845559,0,0,81433,3327798,80637,2293590,83931,5621388,
All CA Counties,2021-02-23,221268,8107875,116433,4157481,104835,3950394,0,0,102618,3319255,118129,2411719,109586,5730974,
All CA Counties,2021-02-24,280146,8388021,141327,4298808,138819,4089213,0,0,133443,3315202,146124,2557843,142071,5873045,
All CA Counties,2021-02-25,315104,8703125,154088,4452896,161016,4250229,0,0,164704,3339607,149762,2707605,174167,6047212,
All CA Counties,2021-02-26,349097,9052222,162685,4615581,186412,4436641,0,0,195327,3389315,152936,2860541,202644,6249856,
All CA Counties,2021-02-27,245429,9297651,117309,4732890,128101,4564742,19,19,138978,3426982,105902,2966443,143569,6393425,
All CA Counties,2021-02-28,129351,9427002,77201,4810091,52148,4616890,2,21,75792,3453395,53188,3019631,79601,6473026,
All CA Counties,2021-03-01,235730,9662732,124944,4935035,110743,4727633,43,64,136316,3495819,98805,3118436,141229,6614255,
All CA Counties,2021-03-02,274616,9937348,133654,5068689,140947,4868580,15,79,163546,3556599,110633,3229069,171413,6785668,
All CA Counties,2021-03-03,326259,10263607,161074,5229763,165151,5033731,34,113,187455,3614092,138191,3367260,195684,6981352,
All CA Counties,2021-03-04,344644,10608251,173076,5402839,171486,5205217,82,195,202072,3681946,141893,3509153,209747,7191099,
All CA Counties,2021-03-05,330514,10938765,160532,5563371,168881,5374098,1101,1296,204890,3770643,124898,3634051,213595,7404694,
All CA Counties,2021-03-06,254878,11193643,129945,5693316,117156,5491254,7777,9073,157947,3845056,96558,3730609,170971,7575665,
All CA Counties,2021-03-07,123934,11317577,75362,5768678,44547,5535801,4025,13098,77077,3884037,46697,3777306,85678,7661343,
All CA Counties,2021-03-08,214359,11531936,103141,5871819,100870,5636671,10348,23446,139666,3964689,74366,3851672,155018,7816361,
All CA Counties,2021-03-09,265252,11797188,114844,5986663,134661,5771332,15747,39193,143149,4007635,121680,3973352,164626,7980987,
All CA Counties,2021-03-10,312266,12109454,153385,6140048,135166,5906498,23715,62908,167962,4061101,143733,4117085,197199,8178186,
All CA Counties,2021-03-11,370863,12480317,178937,6318985,159282,6065780,32644,95552,190810,4110776,179215,4296300,228890,8407076,
All CA Counties,2021-03-12,387175,12867492,172158,6491143,169254,6235034,45763,141315,189027,4152185,197436,4493736,238845,8645921,
All CA Counties,2021-03-13,277962,13145454,121671,6612814,125579,6360613,30712,172027,150111,4209851,127450,4621186,185116,8831037,
All CA Counties,2021-03-14,152268,13297722,81261,6694075,56233,6416846,14774,186801,82229,4239446,69792,4690978,99387,8930424,
All CA Counties,2021-03-15,286877,13584599,136496,6830571,130103,6546949,20278,207079,156753,4290432,129469,4820447,180455,9110879,
All CA Counties,2021-03-16,365903,13950502,171042,7001613,177792,6724741,17069,224148,214037,4374229,151200,4971647,234997,9345876,
All CA Counties,2021-03-17,377554,14328056,186385,7187998,172997,6897738,18172,242320,234351,4487232,142502,5114149,255505,9601381,
All CA Counties,2021-03-18,392899,14720955,199338,7387336,175872,7073610,17689,260009,235700,4587548,156221,5270370,256537,9857918,
All CA Counties,2021-03-19,401933,15122888,209918,7597254,170716,7244326,21299,281308,235700,4681685,165374,5435744,259511,10117429,
All CA Counties,2021-03-20,288953,15411841,151228,7748482,122070,7366396,15655,296963,185614,4782131,102758,5538502,203204,10320633,
All CA Counties,2021-03-21,141052,15552893,97046,7845528,36626,7403022,7380,304343,89114,4829718,51658,5590160,99245,10419878,
All CA Counties,2021-03-22,268016,15820909,156288,8001816,100884,7503906,10844,315187,177495,4931698,89912,5680072,191892,10611770,
All CA Counties,2021-03-23,351185,16172094,192708,8194524,147828,7651734,10649,325836,226645,5048069,123746,5803818,240117,10851887,
All CA Counties,2021-03-24,380712,16552806,218276,8412800,150415,7802149,12021,337857,224675,5133092,154952,5958770,239975,11091862,
All CA Counties,2021-03-25,408467,16961273,224329,8637129,169868,7972017,14270,352127,235700,5213641,171623,6130393,252172,11344034,
All CA Counties,2021-03-26,425697,17386970,227155,8864284,182823,8154840,15719,367846,235868,5279477,188756,6319149,254592,11598626,
All CA Counties,2021-03-27,306029,17692999,162594,9026878,132152,8286992,11283,379129,157439,5302590,147876,6467025,170989,11769615,
All CA Counties,2021-03-28,165811,17858810,105829,9132707,56416,8343408,3566,382695,90882,5324379,74573,6541598,96362,11865977,
All CA Counties,2021-03-29,305464,18164274,164767,9297474,132179,8475587,8518,391213,174408,5379383,130417,6672015,185421,12051398,
All CA Counties,2021-03-30,391374,18555648,197582,9495056,176510,8652097,17282,408495,239036,5485862,151683,6823698,258162,12309560,
All CA Counties,2021-03-31,418069,18973717,227299,9722355,169771,8821868,20999,429494,240529,5571784,176715,7000413,262637,12572197,
All CA Counties,2021-04-01,478894,19452611,245125,9967480,195310,9017178,38459,467953,266088,5665755,211868,7212281,305839,12878036,
All CA Counties,2021-04-02,461728,19914339,225479,10192959,194841,9212019,41408,509361,252482,5753168,208183,7420464,295596,13173632,
All CA Counties,2021-04-03,321280,20235619,163020,10355979,118175,9330194,40085,549446,161676,5797334,159053,7579517,203219,13376851,
All CA Counties,2021-04-04,130916,20366535,68297,10424276,43884,9374078,18735,568181,58454,5802535,72240,7651757,77441,13454292,
All CA Counties,2021-04-05,344679,20711214,179151,10603427,126967,9501045,38561,606742,173179,5846086,170964,7822721,214515,13668807,
All CA Counties,2021-04-06,450767,21161981,228928,10832355,157458,9658503,64381,671123,220561,5904190,229427,8052148,287531,13956338,
All CA Counties,2021-04-07,464368,21626349,241638,11073993,153999,9812502,68731,739854,228107,5967882,235456,8287604,299148,14255486,
All CA Counties,2021-04-08,490256,22116605,247985,11321978,159859,9972361,82412,822266,232801,6029045,256482,8544086,317645,14573131,
All CA Counties,2021-04-09,480708,22597313,239492,11561470,163237,10135598,77979,900245,223151,6077103,256655,8800741,304713,14877844,
All CA Counties,2021-04-10,358560,22955873,164876,11726346,121199,10256797,72485,972730,151648,6097939,206302,9007043,227138,15104982,
All CA Counties,2021-04-11,183858,23139731,102632,11828978,47556,10304353,33670,1006400,76073,6103764,107484,9114527,113309,15218291,
All CA Counties,2021-04-12,334459,23474190,172293,12001271,125053,10429406,37113,1043513,156049,6122908,177591,9292118,196735,15415026,
All CA Counties,2021-04-13,424827,23899017,236863,12238134,187056,10616462,908,1044421,237446,6178615,186529,9478647,242236,15657262,
All CA Counties,2021-04-14,441015,24340032,247715,12485849,193035,10809497,265,1044686,231776,6208556,208239,9686886,238180,15895442,
All CA Counties,2021-04-15,477087,24817119,278440,12764289,198438,11007935,209,1044895,268317,6274283,207518,9894404,273245,16168687,
All CA Counties,2021-04-16,463730,25280849,261727,13026016,201709,11209644,294,1045189,248735,6312336,213945,10108349,251998,16420685,
All CA Counties,2021-04-17,329843,25610692,186437,13212453,143368,11353012,38,1045227,186988,6361053,142217,10250566,190934,16611619,
All CA Counties,2021-04-18,151211,25761903,95742,13308195,55454,11408466,15,1045242,79001,6371840,71875,10322441,82662,16694281,
All CA Counties,2021-04-19,313092,26074995,181159,13489354,131835,11540301,98,1045340,148802,6360296,163545,10485986,152001,16846282,
All CA Counties,2021-04-20,400621,26475616,213172,13702526,187405,11727706,44,1045384,200308,6366854,199437,10685423,205995,17052277,
All CA Counties,2021-04-21,412964,26888580,234548,13937074,178170,11905876,246,1045630,199717,6360768,212081,10897504,205995,17258272,
All CA Counties,2021-04-22,431902,27320482,247012,14184086,184821,12090697,69,1045699,195290,6327970,235442,11132946,202644,17460916,
All CA Counties,2021-04-23,425331,27745813,242843,14426929,182411,12273108,77,1045776,192783,6300168,231393,11364339,203591,17664507,
All CA Counties,2021-04-24,314479,28060292,199269,14626198,115062,12388170,148,1045924,161226,6316484,152512,11516851,168828,17833335,
All CA Counties,2021-04-25,147132,28207424,96877,14723075,50193,12438363,62,1045986,78769,6329720,68001,11584852,81237,17914572,
All CA Counties,2021-04-26,263074,28470498,153199,14876274,108571,12546934,1304,1047290,113644,6304601,148668,11733520,123549,18038121,
All CA Counties,2021-04-27,322984,28793482,176203,15052477,141566,12688500,5215,1052505,129041,6254760,193018,11926538,143177,18181298,
All CA Counties,2021-04-28,306799,29100281,172240,15224717,127415,12815915,7144,1059649,123563,6210615,182433,12108971,138288,18319586,
All CA Counties,2021-04-29,180290,29280571,109381,15334098,68311,12884226,2598,1062247,61201,6163195,118578,12227549,71158,18390744,
All CA and Non-CA Counties,2020-12-15,1139,1139,1139,1139,0,0,0,0,1139,1139,0,0,1139,1139,
All CA and Non-CA Counties,2020-12-16,8380,9519,8380,9519,0,0,0,0,8380,9519,0,0,8380,9519,
All CA and Non-CA Counties,2020-12-17,27307,36826,27307,36826,0,0,0,0,27307,36826,0,0,27307,36826,
All CA and Non-CA Counties,2020-12-18,46301,83127,46240,83066,61,61,0,0,46301,83127,0,0,46301,83127,
All CA and Non-CA Counties,2020-12-19,26310,109437,26286,109352,24,85,0,0,26309,109435,1,1,26309,109436,
All CA and Non-CA Counties,2020-12-20,19628,129065,19596,128948,32,117,0,0,19627,129061,1,2,19627,129063,
All CA and Non-CA Counties,2020-12-21,51713,180778,51630,180578,83,200,0,0,51711,180771,1,3,51711,180774,
All CA and Non-CA Counties,2020-12-22,51908,232686,49723,230301,2185,2385,0,0,51906,232676,1,4,51906,232680,
All CA and Non-CA Counties,2020-12-23,51744,284430,42908,273209,8836,11221,0,0,51740,284416,0,4,51740,284420,
All CA and Non-CA Counties,2020-12-24,24809,309239,16926,290135,7883,19104,0,0,24806,309221,1,5,24806,309226,
All CA and Non-CA Counties,2020-12-25,2363,311602,2040,292175,323,19427,0,0,2363,311584,0,5,2363,311589,
All CA and Non-CA Counties,2020-12-26,14913,326515,9637,301812,5276,24703,0,0,14912,326495,1,6,14912,326501,
All CA and Non-CA Counties,2020-12-27,9576,336091,5638,307450,3938,28641,0,0,9575,336069,1,7,9575,336076,
All CA and Non-CA Counties,2020-12-28,47051,383142,30158,337608,16893,45534,0,0,47048,383114,3,10,47048,383124,
All CA and Non-CA Counties,2020-12-29,52553,435695,29522,367130,23031,68565,0,0,52549,435660,3,13,52549,435673,
All CA and Non-CA Counties,2020-12-30,64853,500548,36920,404050,27933,96498,0,0,64845,500502,3,16,64845,500518,
All CA and Non-CA Counties,2020-12-31,30395,530943,11431,415481,18964,115462,0,0,30385,530881,6,22,30385,530903,
All CA and Non-CA Counties,2021-01-01,4033,534976,1756,417237,2277,117739,0,0,4028,534906,3,25,4028,534931,
All CA and Non-CA Counties,2021-01-02,18665,553641,10352,427589,8313,126052,0,0,18663,553568,1,26,18663,553594,
All CA and Non-CA Counties,2021-01-03,6299,559940,3564,431153,2735,128787,0,0,6270,559826,12,38,6270,559864,
All CA and Non-CA Counties,2021-01-04,44474,604414,22423,453576,22051,150838,0,0,44390,604173,43,81,44390,604254,
All CA and Non-CA Counties,2021-01-05,57691,662105,30372,483948,27319,178157,0,0,52067,650759,5567,5648,52153,656407,
All CA and Non-CA Counties,2021-01-06,75660,737765,41950,525898,33710,211867,0,0,59626,694559,15854,21502,59654,716061,
All CA and Non-CA Counties,2021-01-07,95894,833659,54778,580676,41116,252983,0,0,63776,726424,31957,53459,63822,779883,
All CA and Non-CA Counties,2021-01-08,110613,944272,66872,647548,43741,296724,0,0,67689,751390,42782,96241,67748,847631,
All CA and Non-CA Counties,2021-01-09,44906,989178,25573,673121,19333,316057,0,0,28493,763514,16393,112634,28517,876148,
All CA and Non-CA Counties,2021-01-10,24510,1013688,14992,688113,9518,325575,0,0,13178,765393,11316,123950,13195,889343,
All CA and Non-CA Counties,2021-01-11,107439,1121127,71292,759405,36147,361722,0,0,62417,782992,44981,168931,62580,951923,
All CA and Non-CA Counties,2021-01-12,116339,1237466,68714,828119,47625,409347,0,0,73870,814700,42385,211316,74093,1026016,
All CA and Non-CA Counties,2021-01-13,122196,1359662,63191,891310,59005,468352,0,0,87423,867507,34689,246005,87496,1113512,
All CA and Non-CA Counties,2021-01-14,126808,1486470,50575,941885,76233,544585,0,0,106670,954295,20023,266028,106811,1220323,
All CA and Non-CA Counties,2021-01-15,145816,1632286,52995,994880,92821,637406,0,0,130374,1069509,15337,281365,130551,1350874,
All CA and Non-CA Counties,2021-01-16,83021,1715307,27760,1022640,55261,692667,0,0,75332,1137227,7662,289027,75380,1426254,
All CA and Non-CA Counties,2021-01-17,48516,1763823,16920,1039560,31596,724263,0,0,44839,1178441,3670,292697,44884,1471138,
All CA and Non-CA Counties,2021-01-18,88821,1852644,46376,1085936,42445,766708,0,0,69238,1228327,19502,312199,69388,1540526,
All CA and Non-CA Counties,2021-01-19,145472,1998116,74660,1160596,70812,837520,0,0,113541,1310343,31838,344037,113854,1654380,
All CA and Non-CA Counties,2021-01-20,162514,2160630,81673,1242269,80841,918361,0,0,128412,1405077,33921,377958,128655,1783035,
All CA and Non-CA Counties,2021-01-21,176177,2336807,77283,1319552,98894,1017255,0,0,156798,1543027,19166,397124,157116,1940151,
All CA and Non-CA Counties,2021-01-22,173199,2510006,69813,1389365,103386,1120641,0,0,158619,1687358,14447,411571,158778,2098929,
All CA and Non-CA Counties,2021-01-23,113206,2623212,49722,1439087,63484,1184125,0,0,100523,1775369,12624,424195,100635,2199564,
All CA and Non-CA Counties,2021-01-24,61464,2684676,29712,1468799,31752,1215877,0,0,56758,1827502,4677,428872,56810,2256374,
All CA and Non-CA Counties,2021-01-25,148136,2832812,66770,1535569,81366,1297243,0,0,112649,1905089,35402,464274,112989,2369363,
All CA and Non-CA Counties,2021-01-26,173593,3006405,85289,1620858,88304,1385547,0,0,135705,2003288,37766,502040,135965,2505328,
All CA and Non-CA Counties,2021-01-27,183969,3190374,90449,1711307,93520,1479067,0,0,144482,2108846,39118,541158,144676,2650004,
All CA and Non-CA Counties,2021-01-28,192114,3382488,88963,1800270,103151,1582218,0,0,157772,2232749,34053,575211,157956,2807960,
All CA and Non-CA Counties,2021-01-29,187444,3569932,90979,1891249,96465,1678683,0,0,152331,2350682,34549,609760,152482,2960442,
All CA and Non-CA Counties,2021-01-30,127035,3696967,57441,1948690,69594,1748277,0,0,111850,2447644,15024,624784,111986,3072428,
All CA and Non-CA Counties,2021-01-31,72328,3769295,41638,1990328,30690,1778967,0,0,67238,2509888,5045,629829,67289,3139717,
All CA and Non-CA Counties,2021-02-01,163480,3932775,75343,2065671,88137,1867104,0,0,124747,2596172,38588,668417,124872,3264589,
All CA and Non-CA Counties,2021-02-02,192277,4125052,81616,2147287,110661,1977765,0,0,145945,2696354,45979,714396,146161,3410750,
All CA and Non-CA Counties,2021-02-03,217066,4342118,96895,2244182,120171,2097936,0,0,162607,2805207,53980,768376,162833,3573583,
All CA and Non-CA Counties,2021-02-04,234029,4576147,101912,2346094,132117,2230053,0,0,172747,2917562,60737,829113,173092,3746675,
All CA and Non-CA Counties,2021-02-05,251856,4828003,108421,2454515,143435,2373488,0,0,172656,3012306,78449,907562,173193,3919868,
All CA and Non-CA Counties,2021-02-06,158833,4986836,76827,2531342,82006,2455494,0,0,123832,3101797,34830,942392,124321,4044189,
All CA and Non-CA Counties,2021-02-07,68749,5055585,44826,2576168,23923,2479417,0,0,52307,3138191,16357,958749,52751,4096940,
All CA and Non-CA Counties,2021-02-08,185021,5240606,91527,2667695,93494,2572911,0,0,122931,3200207,61633,1020382,123649,4220589,
All CA and Non-CA Counties,2021-02-09,214430,5455036,103449,2771144,110981,2683892,0,0,129251,3245855,84741,1105123,130389,4350978,
All CA and Non-CA Counties,2021-02-10,253174,5708210,121456,2892600,131718,2815610,0,0,141283,3277548,111076,1216199,142769,4493747,
All CA and Non-CA Counties,2021-02-11,267983,5976193,132651,3025251,135332,2950942,0,0,148387,3309139,118571,1334770,150162,4643909,
All CA and Non-CA Counties,2021-02-12,276013,6252206,120628,3145879,155385,3106327,0,0,150039,3336302,125208,1459978,152371,4796280,
All CA and Non-CA Counties,2021-02-13,168554,6420760,77684,3223563,90870,3197197,0,0,93714,3357536,74430,1534408,95664,4891944,
All CA and Non-CA Counties,2021-02-14,96449,6517209,47815,3271378,48634,3245831,0,0,52638,3368191,43658,1578066,54313,4946257,
All CA and Non-CA Counties,2021-02-15,143907,6661116,63702,3335080,80205,3326036,0,0,79574,3386986,63970,1642036,82765,5029022,
All CA and Non-CA Counties,2021-02-16,254011,6915127,120459,3455539,133552,3459588,0,0,135475,3407711,118184,1760220,138909,5167931,
All CA and Non-CA Counties,2021-02-17,262668,7177795,130984,3586523,131684,3591272,0,0,130110,3409412,132064,1892284,133765,5301696,
All CA and Non-CA Counties,2021-02-18,277279,7455074,145306,3731829,131973,3723245,0,0,133905,3405289,142719,2035003,138596,5440292,
All CA and Non-CA Counties,2021-02-19,255660,7710734,148834,3880663,106826,3830071,0,0,132154,3416553,123064,2158067,134328,5574620,
All CA and Non-CA Counties,2021-02-20,153829,7864563,99401,3980064,54428,3884499,0,0,84415,3434082,69176,2227243,86705,5661325,
All CA and Non-CA Counties,2021-02-21,73741,7938304,59630,4039694,14111,3898610,0,0,36125,3435104,37401,2264644,38423,5699748,
All CA and Non-CA Counties,2021-02-22,165836,8104140,111574,4151268,54262,3952872,0,0,83056,3438189,82474,2347118,85559,5785307,
All CA and Non-CA Counties,2021-02-23,227169,8331309,119715,4270983,107454,4060326,0,0,104935,3428399,121707,2468825,111917,5897224,
All CA and Non-CA Counties,2021-02-24,286519,8617828,144841,4415824,141678,4202004,0,0,135946,3422989,149989,2618814,144579,6041803,
All CA and Non-CA Counties,2021-02-25,322073,8939901,157634,4573458,164439,4366443,0,0,167850,3446752,153554,2772368,177317,6219120,
All CA and Non-CA Counties,2021-02-26,355930,9295831,166317,4739775,189613,4556056,0,0,198516,3496084,156502,2928870,205834,6424954,
All CA and Non-CA Counties,2021-02-27,250735,9546566,119876,4859651,130839,4686895,20,20,140832,3532168,109343,3038213,145427,6570381,
All CA and Non-CA Counties,2021-02-28,131780,9678346,78970,4938621,52807,4739702,3,23,76594,3557761,54812,3093025,80405,6650786,
All CA and Non-CA Counties,2021-03-01,240483,9918829,127895,5066516,112544,4852246,44,67,137635,3598084,102231,3195256,142554,6793340,
All CA and Non-CA Counties,2021-03-02,280807,10199636,135660,5202176,145132,4997378,15,82,165423,3656441,114935,3310191,173292,6966632,
All CA and Non-CA Counties,2021-03-03,334011,10533647,164029,5366205,169946,5167324,36,118,190047,3711385,143338,3453529,198282,7164914,
All CA and Non-CA Counties,2021-03-04,351402,10885049,175951,5542156,175365,5342689,86,204,204413,3777185,146294,3599823,212094,7377008,
All CA and Non-CA Counties,2021-03-05,335582,11220631,162987,5705143,171480,5514169,1115,1319,207499,3866054,127356,3727179,216225,7593233,
All CA and Non-CA Counties,2021-03-06,259482,11480113,132065,5837208,119482,5633651,7935,9254,160283,3940703,98824,3826003,173473,7766706,
All CA and Non-CA Counties,2021-03-07,125484,11605597,76340,5913548,45065,5678716,4079,13333,78005,3980047,47317,3873320,86661,7853367,
All CA and Non-CA Counties,2021-03-08,217340,11822937,104855,6018403,101889,5780605,10596,23929,141736,4062141,75249,3948569,157343,8010710,
All CA and Non-CA Counties,2021-03-09,269550,12092487,116879,6135282,136598,5917203,16073,40002,145575,4105970,123549,4072118,167378,8178088,
All CA and Non-CA Counties,2021-03-10,316358,12408845,155214,6290496,136926,6054129,24218,64220,170403,4160742,145378,4217496,200150,8378238,
All CA and Non-CA Counties,2021-03-11,376813,12785658,181859,6472355,161623,6215752,33331,97551,193926,4211394,182042,4399538,232694,8610932,
All CA and Non-CA Counties,2021-03-12,393352,13179010,175773,6648128,171088,6386840,46491,144042,192305,4253922,200324,4599862,242852,8853784,
All CA and Non-CA Counties,2021-03-13,281689,13460699,123807,6771935,126704,6513544,31178,175220,152696,4313506,128586,4728448,188170,9041954,
All CA and Non-CA Counties,2021-03-14,154029,13614728,82158,6854093,56772,6570316,15099,190319,83274,4343756,70508,4798956,100758,9142712,
All CA and Non-CA Counties,2021-03-15,290806,13905534,138524,6992617,131571,6701887,20711,211030,158838,4395424,131310,4930266,182978,9325690,
All CA and Non-CA Counties,2021-03-16,373153,14278687,175166,7167783,180547,6882434,17440,228470,217994,4480258,154490,5084756,239324,9565014,
All CA and Non-CA Counties,2021-03-17,385592,14664279,191438,7359221,175618,7058052,18536,247006,239054,4595000,145831,5230587,260573,9825587,
All CA and Non-CA Counties,2021-03-18,400857,15065136,204130,7563351,178514,7236566,18213,265219,240237,4696964,159634,5390221,261598,10087185,
All CA and Non-CA Counties,2021-03-19,409221,15474357,214235,7777586,173145,7409711,21841,287060,240108,4793173,168255,5558476,264464,10351649,
All CA and Non-CA Counties,2021-03-20,293665,15768022,154306,7931892,123618,7533329,15741,302801,189242,4896257,103834,5662310,206918,10558567,
All CA and Non-CA Counties,2021-03-21,143075,15911097,98411,8030303,37197,7570526,7467,310268,90739,4945162,52053,5714363,100958,10659525,
All CA and Non-CA Counties,2021-03-22,271254,16182351,158234,8188537,102088,7672614,10932,321200,179728,5048469,90906,5805269,194213,10853738,
All CA and Non-CA Counties,2021-03-23,357170,16539521,195755,8384292,150492,7823106,10923,332123,230852,5167558,125510,5930779,244599,11098337,
All CA and Non-CA Counties,2021-03-24,387927,16927448,221979,8606271,153504,7976610,12444,344567,229747,5255937,157089,6087868,245468,11343805,
All CA and Non-CA Counties,2021-03-25,416532,17343980,228020,8834291,173757,8150367,14755,359322,241728,5340974,173648,6261516,258685,11602490,
All CA and Non-CA Counties,2021-03-26,432266,17776246,230594,9064885,185780,8336147,15892,375214,240344,5409390,190824,6452340,259240,11861730,
All CA and Non-CA Counties,2021-03-27,311331,18087577,165619,9230504,134330,8470477,11382,386596,160857,5434138,149755,6602095,174503,12036233,
All CA and Non-CA Counties,2021-03-28,168843,18256420,107429,9337933,57691,8528168,3723,390319,92919,5457132,75562,6677657,98556,12134789,
All CA and Non-CA Counties,2021-03-29,310455,18566875,166938,9504871,134668,8662836,8849,399168,177428,5513520,132385,6810042,188773,12323562,
All CA and Non-CA Counties,2021-03-30,397969,18964844,200987,9705858,179158,8841994,17824,416992,243150,5622194,154152,6964194,262826,12586388,
All CA and Non-CA Counties,2021-03-31,424141,19388985,230905,9936763,171478,9013472,21758,438750,243991,5709727,179323,7143517,266856,12853244,
All CA and Non-CA Counties,2021-04-01,485994,19874979,249260,10186023,197659,9211131,39075,477825,270289,5805618,214760,7358277,310651,13163895,
All CA and Non-CA Counties,2021-04-02,469913,20344892,229651,10415674,197727,9408858,42535,520360,256898,5894811,211947,7570224,301140,13465035,
All CA and Non-CA Counties,2021-04-03,327383,20672275,166565,10582239,119584,9528442,41234,561594,164899,5940474,161928,7732152,207591,13672626,
All CA and Non-CA Counties,2021-04-04,132692,20804967,69171,10651410,44553,9572995,18968,580562,59451,5946127,73018,7805170,78671,13751297,
All CA and Non-CA Counties,2021-04-05,348647,21153614,181077,10832487,128359,9701354,39211,619773,175112,5990230,172996,7978166,217099,13968396,
All CA and Non-CA Counties,2021-04-06,457424,21611038,232406,11064893,159093,9860447,65925,685698,223245,6048599,233388,8211554,291757,14260153,
All CA and Non-CA Counties,2021-04-07,472079,22083117,245943,11310836,155755,10016202,70381,756079,231252,6112518,240014,8451568,303933,14564086,
All CA and Non-CA Counties,2021-04-08,498016,22581133,251981,11562817,161729,10177931,84306,840385,235945,6174105,261089,8712657,322676,14886762,
All CA and Non-CA Counties,2021-04-09,488053,23069186,243240,11806057,164930,10342861,79883,920268,226148,6222723,260998,8973655,309616,15196378,
All CA and Non-CA Counties,2021-04-10,364615,23433801,167953,11974010,122330,10465191,74332,994600,153377,6242812,210624,9184279,230713,15427091,
All CA and Non-CA Counties,2021-04-11,186698,23620499,104164,12078174,48235,10513426,34299,1028899,77113,6248508,109283,9293562,114979,15542070,
All CA and Non-CA Counties,2021-04-12,338398,23958897,174483,12252657,126277,10639703,37638,1066537,157881,6267906,179694,9473256,199092,15741162,
All CA and Non-CA Counties,2021-04-13,430367,24389264,240372,12493029,189063,10828766,932,1067469,240230,6323671,189280,9662536,245045,15986207,
All CA and Non-CA Counties,2021-04-14,446118,24835382,250935,12743964,194915,11023681,268,1067737,234547,6354059,210566,9873102,240954,16227161,
All CA and Non-CA Counties,2021-04-15,482979,25318361,282011,13025975,200752,11224433,216,1067953,271517,6420353,210159,10083261,276453,16503614,
All CA and Non-CA Counties,2021-04-16,469604,25787965,265128,13291103,204175,11428608,301,1068254,252134,6459343,216415,10299676,255405,16759019,
All CA and Non-CA Counties,2021-04-17,334998,26122963,189481,13480584,145478,11574086,39,1068293,189922,6508781,144431,10444107,193869,16952888,
All CA and Non-CA Counties,2021-04-18,153301,26276264,96900,13577484,56385,11630471,16,1068309,80000,6519483,72961,10517068,83663,17036551,
All CA and Non-CA Counties,2021-04-19,317203,26593467,183103,13760587,134001,11764472,99,1068408,150951,6508140,165496,10682564,154153,17190704,
All CA and Non-CA Counties,2021-04-20,406023,26999490,215707,13976294,190272,11954744,44,1068452,202684,6514054,202457,10885021,208371,17399075,
All CA and Non-CA Counties,2021-04-21,419488,27418978,237399,14213693,181841,12136585,248,1068700,202230,6506485,216080,11101101,208511,17607586,
All CA and Non-CA Counties,2021-04-22,438946,27857924,250811,14464504,188063,12324648,72,1068772,198182,6472437,239588,11340689,205540,17813126,
All CA and Non-CA Counties,2021-04-23,431208,28289132,245864,14710368,185266,12509914,78,1068850,195355,6443917,234686,11575375,206166,18019292,
All CA and Non-CA Counties,2021-04-24,319376,28608508,202695,14913063,116530,12626444,151,1069001,163475,6459844,155156,11730531,171083,18190375,
All CA and Non-CA Counties,2021-04-25,149297,28757805,98158,15011221,51075,12677519,64,1069065,79895,6473174,69037,11799568,82367,18272742,
All CA and Non-CA Counties,2021-04-26,266502,29024307,154643,15165864,110534,12788053,1325,1070390,115194,6447753,150541,11950109,125120,18397862,
All CA and Non-CA Counties,2021-04-27,327965,29352272,177867,15343731,144594,12932647,5504,1075894,130899,6396947,196135,12146244,145329,18543191,
All CA and Non-CA Counties,2021-04-28,311400,29663672,174150,15517881,129734,13062381,7516,1083410,125501,6352460,185087,12331331,140600,18683791,
All CA and Non-CA Counties,2021-04-29,182807,29846479,110497,15628378,69500,13131881,2810,1086220,62216,6304780,120067,12451398,72387,18756178,
Outside California,2020-12-15,7,7,7,7,0,0,0,0,7,7,0,0,7,7,Not in California
Outside California,2020-12-16,265,272,265,272,0,0,0,0,265,272,0,0,265,272,Not in California
Outside California,2020-12-17,1599,1871,1599,1871,0,0,0,0,1599,1871,0,0,1599,1871,Not in California
Outside California,2020-12-18,2558,4429,2551,4422,7,7,0,0,2558,4429,0,0,2558,4429,Not in California
Outside California,2020-12-19,1039,5468,1038,5460,1,8,0,0,1039,5468,0,0,1039,5468,Not in California
Outside California,2020-12-20,674,6142,672,6132,2,10,0,0,674,6142,0,0,674,6142,Not in California
Outside California,2020-12-21,2192,8334,2189,8321,3,13,0,0,2192,8334,0,0,2192,8334,Not in California
Outside California,2020-12-22,2064,10398,1991,10312,73,86,0,0,2064,10398,0,0,2064,10398,Not in California
Outside California,2020-12-23,1520,11918,1387,11699,133,219,0,0,1520,11918,0,0,1520,11918,Not in California
Outside California,2020-12-24,804,12722,612,12311,192,411,0,0,804,12722,0,0,804,12722,Not in California
Outside California,2020-12-25,33,12755,29,12340,4,415,0,0,33,12755,0,0,33,12755,Not in California
Outside California,2020-12-26,308,13063,204,12544,104,519,0,0,308,13063,0,0,308,13063,Not in California
Outside California,2020-12-27,188,13251,73,12617,115,634,0,0,188,13251,0,0,188,13251,Not in California
Outside California,2020-12-28,1417,14668,900,13517,517,1151,0,0,1417,14668,0,0,1417,14668,Not in California
Outside California,2020-12-29,1551,16219,1017,14534,534,1685,0,0,1551,16219,0,0,1551,16219,Not in California
Outside California,2020-12-30,1926,18145,1235,15769,691,2376,0,0,1926,18145,0,0,1926,18145,Not in California
Outside California,2020-12-31,1121,19266,600,16369,521,2897,0,0,1120,19264,1,1,1120,19265,Not in California
Outside California,2021-01-01,111,19377,23,16392,88,2985,0,0,111,19375,0,1,111,19376,Not in California
Outside California,2021-01-02,240,19617,133,16525,107,3092,0,0,239,19613,1,2,239,19615,Not in California
Outside California,2021-01-03,170,19787,90,16615,80,3172,0,0,170,19783,0,2,170,19785,Not in California
Outside California,2021-01-04,1143,20930,508,17123,635,3807,0,0,1139,20922,0,2,1139,20924,Not in California
Outside California,2021-01-05,1538,22468,810,17933,728,4535,0,0,1347,22080,189,191,1347,22271,Not in California
Outside California,2021-01-06,2700,25168,1592,19525,1108,5643,0,0,1968,23319,729,920,1968,24239,Not in California
Outside California,2021-01-07,4140,29308,2534,22059,1606,7249,0,0,2485,24153,1653,2573,2487,26726,Not in California
Outside California,2021-01-08,4518,33826,2922,24981,1596,8845,0,0,2640,24928,1868,4441,2643,29369,Not in California
Outside California,2021-01-09,1315,35141,525,25506,790,9635,0,0,990,25596,324,4765,992,30361,Not in California
Outside California,2021-01-10,301,35442,180,25686,121,9756,0,0,181,25657,120,4885,181,30542,Not in California
Outside California,2021-01-11,3306,38748,2009,27695,1297,11053,0,0,1973,26297,1333,6218,1973,32515,Not in California
Outside California,2021-01-12,3874,42622,2312,30007,1562,12615,0,0,2331,27090,1539,7757,2332,34847,Not in California
Outside California,2021-01-13,3689,46311,1800,31807,1889,14504,0,0,2513,28429,1176,8933,2515,37362,Not in California
Outside California,2021-01-14,3751,50062,1275,33082,2476,16980,0,0,3109,30910,629,9562,3110,40472,Not in California
Outside California,2021-01-15,4275,54337,990,34072,3285,20265,0,0,3805,34258,457,10019,3805,44277,Not in California
Outside California,2021-01-16,2698,57035,382,34454,2316,22581,0,0,2529,36620,167,10186,2529,46806,Not in California
Outside California,2021-01-17,494,57529,148,34602,346,22927,0,0,445,37016,49,10235,445,47251,Not in California
Outside California,2021-01-18,1195,58724,767,35369,428,23355,0,0,739,37301,455,10690,740,47991,Not in California
Outside California,2021-01-19,4039,62763,1317,36686,2722,26077,0,0,3144,39553,895,11585,3147,51138,Not in California
Outside California,2021-01-20,4396,67159,1406,38092,2990,29067,0,0,3464,42088,930,12515,3465,54603,Not in California
Outside California,2021-01-21,4128,71287,1113,39205,3015,32082,0,0,3564,45103,549,13064,3564,58167,Not in California
Outside California,2021-01-22,4626,75913,1077,40282,3549,35631,0,0,4231,48944,391,13455,4232,62399,Not in California
Outside California,2021-01-23,2255,78168,331,40613,1924,37555,0,0,2092,50873,163,13618,2092,64491,Not in California
Outside California,2021-01-24,602,78770,244,40857,358,37913,0,0,524,51319,78,13696,524,65015,Not in California
Outside California,2021-01-25,4460,83230,1954,42811,2506,40419,0,0,3595,54052,863,14559,3596,68611,Not in California
Outside California,2021-01-26,5947,89177,2892,45703,3055,43474,0,0,5103,58319,843,15402,5110,73721,Not in California
Outside California,2021-01-27,4819,93996,2670,48373,2149,45623,0,0,4205,61915,610,16012,4206,77927,Not in California
Outside California,2021-01-28,5290,99286,2878,51251,2412,48035,0,0,4764,66164,515,16527,4764,82691,Not in California
Outside California,2021-01-29,4805,104091,2974,54225,1831,49866,0,0,4024,69412,777,17304,4025,86716,Not in California
Outside California,2021-01-30,4338,108429,2294,56519,2044,51910,0,0,4114,73305,221,17525,4114,90830,Not in California
Outside California,2021-01-31,3170,111599,2752,59271,418,52328,0,0,3118,76372,52,17577,3119,93949,Not in California
Outside California,2021-02-01,5479,117078,2565,61836,2914,55242,0,0,4790,80480,682,18259,4790,98739,Not in California
Outside California,2021-02-02,6753,123831,2162,63998,4591,59833,0,0,6037,85808,709,18968,6037,104776,Not in California
Outside California,2021-02-03,7319,131150,2079,66077,5240,65073,0,0,6455,91408,856,19824,6456,111232,Not in California
Outside California,2021-02-04,6791,137941,2171,68248,4620,69693,0,0,5807,96241,975,20799,5808,117040,Not in California
Outside California,2021-02-05,6811,144752,2215,70463,4596,74289,0,0,5751,100936,1056,21855,5751,122791,Not in California
Outside California,2021-02-06,4443,149195,2168,72631,2275,76564,0,0,3986,104477,448,22303,3989,126780,Not in California
Outside California,2021-02-07,2164,151359,1782,74413,382,76946,0,0,2087,106489,77,22380,2089,128869,Not in California
Outside California,2021-02-08,5232,156591,3269,77682,1963,78909,0,0,4179,109625,1043,23423,4179,133048,Not in California
Outside California,2021-02-09,4266,160857,1892,79574,2374,81283,0,0,2963,111308,1294,24717,2977,136025,Not in California
Outside California,2021-02-10,5531,166388,1862,81436,3669,84952,0,0,3093,112013,2430,27147,3135,139160,Not in California
Outside California,2021-02-11,4717,171105,2143,83579,2574,87526,0,0,3422,114165,1287,28434,3439,142599,Not in California
Outside California,2021-02-12,5198,176303,1916,85495,3282,90808,0,0,3390,115757,1802,30236,3394,145993,Not in California
Outside California,2021-02-13,2394,178697,691,86186,1703,92511,0,0,1852,117079,542,30778,1864,147857,Not in California
Outside California,2021-02-14,1323,180020,399,86585,924,93435,0,0,1085,117931,235,31013,1087,148944,Not in California
Outside California,2021-02-15,2501,182521,1508,88093,993,94428,0,0,1198,117843,1290,32303,1202,150146,Not in California
Outside California,2021-02-16,6429,188950,2887,90980,3542,97970,0,0,2612,116652,3807,36110,2616,152762,Not in California
Outside California,2021-02-17,5892,194842,2931,93911,2961,100931,0,0,1825,114419,4062,40172,1829,154591,Not in California
Outside California,2021-02-18,6353,201195,3661,97572,2692,103623,0,0,2038,112160,4298,44470,2039,156630,Not in California
Outside California,2021-02-19,5677,206872,3925,101497,1752,105375,0,0,2412,111313,3260,47730,2413,159043,Not in California
Outside California,2021-02-20,3232,210104,2581,104078,651,106026,0,0,1194,110472,2036,49766,1195,160238,Not in California
Outside California,2021-02-21,1782,211886,1567,105645,215,106241,0,0,617,109928,1161,50927,617,160855,Not in California
Outside California,2021-02-22,3452,215338,2525,108170,927,107168,0,0,1617,109716,1834,52761,1622,162477,Not in California
Outside California,2021-02-23,5838,221176,3231,111401,2607,109775,0,0,2302,108501,3531,56292,2316,164793,Not in California
Outside California,2021-02-24,6330,227506,3479,114880,2851,112626,0,0,2489,107159,3836,60128,2494,167287,Not in California
Outside California,2021-02-25,6893,234399,3486,118366,3407,116033,0,0,3119,106539,3743,63871,3123,170410,Not in California
Outside California,2021-02-26,6793,241192,3607,121973,3186,119219,0,0,3165,106154,3551,67422,3166,173576,Not in California
Outside California,2021-02-27,5279,246471,2553,124526,2725,121944,1,1,1835,104560,3433,70855,1839,175415,Not in California
Outside California,2021-02-28,2412,248883,1756,126282,655,122599,1,2,792,103735,1619,72474,794,176209,Not in California
Outside California,2021-03-01,4709,253592,2925,129207,1783,124382,1,3,1295,101629,3407,75881,1301,177510,Not in California
Outside California,2021-03-02,6171,259763,1998,131205,4173,128555,0,3,1865,99200,4296,80177,1867,179377,Not in California
Outside California,2021-03-03,7739,267502,2948,134153,4789,133344,2,5,2583,96645,5144,85321,2589,181966,Not in California
Outside California,2021-03-04,6705,274207,2826,136979,3875,137219,4,9,2320,94601,4370,89691,2326,184292,Not in California
Outside California,2021-03-05,5035,279242,2440,139419,2581,139800,14,23,2574,94744,2452,92143,2595,186887,Not in California
Outside California,2021-03-06,4572,283814,2109,141528,2307,142107,156,179,2313,94964,2257,94400,2477,189364,Not in California
Outside California,2021-03-07,1540,285354,977,142505,509,142616,54,233,922,95324,617,95017,977,190341,Not in California
Outside California,2021-03-08,2949,288303,1691,144196,1012,143628,246,479,2062,96781,858,95875,2315,192656,Not in California
Outside California,2021-03-09,4259,292562,2003,146199,1934,145562,322,801,2416,97680,1839,97714,2738,195394,Not in California
Outside California,2021-03-10,4083,296645,1823,148022,1759,147321,501,1302,2436,98984,1640,99354,2944,198338,Not in California
Outside California,2021-03-11,5913,302558,2909,150931,2331,149652,673,1975,3102,99954,2806,102160,3776,202114,Not in California
Outside California,2021-03-12,6095,308653,3559,154490,1813,151465,723,2698,3263,101117,2824,104984,3987,206101,Not in California
Outside California,2021-03-13,3703,312356,2132,156622,1109,152574,462,3160,2577,103039,1120,106104,3042,209143,Not in California
Outside California,2021-03-14,1744,314100,888,157510,533,153107,323,3483,1039,103697,705,106809,1363,210506,Not in California
Outside California,2021-03-15,3899,317999,2017,159527,1451,154558,431,3914,2065,104370,1828,108637,2501,213007,Not in California
Outside California,2021-03-16,7186,325185,4102,163629,2717,157275,367,4281,3913,105378,3271,111908,4279,217286,Not in California
Outside California,2021-03-17,7992,333177,5039,168668,2590,159865,363,4644,4664,107081,3325,115233,5028,222314,Not in California
Outside California,2021-03-18,7918,341095,4772,173440,2622,162487,524,5168,4509,108713,3401,118634,5033,227347,Not in California
Outside California,2021-03-19,7259,348354,4298,177738,2419,164906,542,5710,4384,110769,2873,121507,4929,232276,Not in California
Outside California,2021-03-20,4679,353033,3064,180802,1529,166435,86,5796,3609,113400,1064,122571,3695,235971,Not in California
Outside California,2021-03-21,2000,355033,1348,182150,565,167000,87,5883,1606,114702,392,122963,1694,237665,Not in California
Outside California,2021-03-22,3204,358237,1928,184078,1189,168189,87,5970,2216,116023,982,123945,2303,239968,Not in California
Outside California,2021-03-23,5962,364199,3038,187116,2655,170844,269,6239,4196,118736,1753,125698,4466,244434,Not in California
Outside California,2021-03-24,7189,371388,3694,190810,3072,173916,423,6662,5051,122076,2132,127830,5472,249906,Not in California
Outside California,2021-03-25,8017,379405,3657,194467,3875,177791,485,7147,5996,126546,2011,129841,6481,256387,Not in California
Outside California,2021-03-26,6533,385938,3420,197887,2945,180736,168,7315,4457,129118,2052,131893,4624,261011,Not in California
Outside California,2021-03-27,5263,391201,3012,200899,2152,182888,99,7414,3395,130750,1859,133752,3491,264502,Not in California
Outside California,2021-03-28,3016,394217,1591,202490,1268,184156,157,7571,2026,131948,985,134737,2183,266685,Not in California
Outside California,2021-03-29,4953,399170,2154,204644,2469,186625,330,7901,2995,133318,1956,136693,3326,270011,Not in California
Outside California,2021-03-30,6553,405723,3380,208024,2631,189256,542,8443,4088,135502,2454,139147,4638,274649,Not in California
Outside California,2021-03-31,6036,411759,3584,211608,1693,190949,759,9202,3437,137100,2596,141743,4194,278843,Not in California
Outside California,2021-04-01,7072,418831,4122,215730,2334,193283,616,9818,4179,139003,2887,144630,4790,283633,Not in California
Outside California,2021-04-02,8122,426953,4156,219886,2848,196131,1118,10936,4387,140779,3730,148360,5506,289139,Not in California
Outside California,2021-04-03,6085,433038,3536,223422,1400,197531,1149,12085,3215,142278,2865,151225,4364,293503,Not in California
Outside California,2021-04-04,1760,434798,869,224291,658,198189,233,12318,987,142725,773,151998,1220,294723,Not in California
Outside California,2021-04-05,3934,438732,1906,226197,1379,199568,649,12967,1914,143272,2017,154015,2564,297287,Not in California
Outside California,2021-04-06,6623,445355,3461,229658,1619,201187,1543,14510,2667,143537,3943,157958,4208,301495,Not in California
Outside California,2021-04-07,7673,453028,4280,233938,1743,202930,1650,16160,3116,143743,4550,162508,4756,306251,Not in California
Outside California,2021-04-08,7717,460745,3968,237906,1859,204789,1890,18050,3124,144165,4585,167093,5007,311258,Not in California
Outside California,2021-04-09,7304,468049,3723,241629,1677,206466,1904,19954,2970,144712,4329,171422,4876,316134,Not in California
Outside California,2021-04-10,6045,474094,3068,244697,1130,207596,1847,21801,1726,143969,4315,175737,3572,319706,Not in California
Outside California,2021-04-11,2825,476919,1521,246218,675,208271,629,22430,1034,143843,1790,177527,1664,321370,Not in California
Outside California,2021-04-12,3897,480816,2167,248385,1208,209479,522,22952,1815,144102,2078,179605,2337,323707,Not in California
Outside California,2021-04-13,5470,486286,3482,251867,1964,211443,24,22976,2756,144174,2709,182314,2781,326488,Not in California
Outside California,2021-04-14,5069,491355,3210,255077,1856,213299,3,22979,2763,144639,2301,184615,2766,329254,Not in California
Outside California,2021-04-15,5848,497203,3554,258631,2288,215587,6,22985,3185,145218,2613,187228,3192,332446,Not in California
Outside California,2021-04-16,5822,503025,3363,261994,2452,218039,7,22992,3368,146145,2449,189677,3376,335822,Not in California
Outside California,2021-04-17,5129,508154,3030,265024,2098,220137,1,22993,2926,146874,2197,191874,2926,338748,Not in California
Outside California,2021-04-18,2071,510225,1151,266175,919,221056,1,22994,992,146794,1074,192948,994,339742,Not in California
Outside California,2021-04-19,4076,514301,1923,268098,2152,223208,1,22995,2133,146997,1933,194881,2136,341878,Not in California
Outside California,2021-04-20,5378,519679,2521,270619,2857,226065,0,22995,2370,146365,3002,197883,2370,344248,Not in California
Outside California,2021-04-21,6487,526166,2836,273455,3649,229714,2,22997,2502,144897,3973,201856,2505,346753,Not in California
Outside California,2021-04-22,7021,533187,3785,277240,3233,232947,3,23000,2887,143660,4128,205984,2891,349644,Not in California
Outside California,2021-04-23,5844,539031,3006,280246,2837,235784,1,23001,2553,142936,3280,209264,2556,352200,Not in California
Outside California,2021-04-24,4862,543893,3405,283651,1454,237238,3,23004,2223,142530,2635,211899,2229,354429,Not in California
Outside California,2021-04-25,2142,546035,1272,284923,868,238106,2,23006,1114,142623,1025,212924,1118,355547,Not in California
Outside California,2021-04-26,3410,549445,1432,286355,1957,240063,21,23027,1544,142327,1861,214785,1565,357112,Not in California
Outside California,2021-04-27,4957,554402,1655,288010,3013,243076,289,23316,1851,141372,3100,217885,2145,359257,Not in California
Outside California,2021-04-28,4542,558944,1864,289874,2307,245383,371,23687,1898,141008,2635,220520,2271,361528,Not in California
Outside California,2021-04-29,2514,561458,1114,290988,1188,246571,212,23899,1015,140751,1486,222006,1229,362757,Not in California
Unknown,2020-12-17,2,2,2,2,0,0,0,0,0,0,0,0,0,0,Not in California
Unknown,2020-12-18,9,11,9,11,0,0,0,0,8,8,0,0,8,8,Not in California
Unknown,2020-12-19,81,92,81,92,0,0,0,0,81,89,0,0,81,89,Not in California
Unknown,2020-12-20,24,116,24,116,0,0,0,0,24,113,0,0,24,113,Not in California
Unknown,2020-12-21,5,121,5,121,0,0,0,0,0,113,0,0,0,113,Not in California
Unknown,2020-12-22,4,125,4,125,0,0,0,0,4,117,0,0,4,117,Not in California
Unknown,2020-12-26,1,126,1,126,0,0,0,0,1,118,0,0,1,118,Not in California
Unknown,2020-12-28,4,130,4,130,0,0,0,0,4,122,0,0,4,122,Not in California
Unknown,2020-12-29,3,133,3,133,0,0,0,0,3,125,0,0,3,125,Not in California
Unknown,2020-12-30,59,192,56,189,3,3,0,0,57,182,0,0,57,182,Not in California
Unknown,2020-12-31,2,194,0,189,2,5,0,0,1,183,0,0,1,183,Not in California
Unknown,2021-01-02,1,195,0,189,1,6,0,0,1,184,0,0,1,184,Not in California
Unknown,2021-01-04,3,198,3,192,0,6,0,0,2,186,0,0,2,186,Not in California
Unknown,2021-01-05,1,199,0,192,1,7,0,0,2,188,0,0,2,188,Not in California
Unknown,2021-01-06,30,229,28,220,2,9,0,0,6,171,23,23,6,194,Not in California
Unknown,2021-01-07,110,339,107,327,3,12,0,0,72,205,38,61,72,266,Not in California
Unknown,2021-01-08,26,365,21,348,5,17,0,0,5,189,21,82,5,271,Not in California
Unknown,2021-01-09,3,368,2,350,1,18,0,0,4,193,0,82,4,275,Not in California
Unknown,2021-01-11,23,391,23,373,0,18,0,0,18,207,4,86,18,293,Not in California
Unknown,2021-01-12,10,401,8,381,2,20,0,0,8,215,1,87,9,302,Not in California
Unknown,2021-01-13,11,412,11,392,0,20,0,0,12,227,0,87,12,314,Not in California
Unknown,2021-01-14,4,416,3,395,1,21,0,0,4,231,0,87,4,318,Not in California
Unknown,2021-01-15,4,420,3,398,1,22,0,0,4,235,0,87,4,322,Not in California
Unknown,2021-01-16,7,427,7,405,0,22,0,0,6,240,1,88,6,328,Not in California
Unknown,2021-01-17,3,430,3,408,0,22,0,0,3,243,0,88,3,331,Not in California
Unknown,2021-01-18,54,484,54,462,0,22,0,0,52,293,2,90,52,383,Not in California
Unknown,2021-01-19,23,507,22,484,1,23,0,0,21,313,1,91,21,404,Not in California
Unknown,2021-01-20,79,586,79,563,0,23,0,0,27,288,52,143,27,431,Not in California
Unknown,2021-01-21,60,646,58,621,2,25,0,0,61,348,1,144,61,492,Not in California
Unknown,2021-01-22,40,686,35,656,5,30,0,0,40,388,0,144,40,532,Not in California
Unknown,2021-01-23,12,698,6,662,6,36,0,0,12,400,0,144,12,544,Not in California
Unknown,2021-01-24,2,700,2,664,0,36,0,0,3,403,0,144,3,547,Not in California
Unknown,2021-01-25,22,722,19,683,3,39,0,0,19,419,3,147,19,566,Not in California
Unknown,2021-01-26,98,820,94,777,4,43,0,0,101,520,0,147,101,667,Not in California
Unknown,2021-01-27,17,837,17,794,0,43,0,0,16,535,1,148,16,683,Not in California
Unknown,2021-01-28,155,992,152,946,3,46,0,0,98,573,60,208,98,781,Not in California
Unknown,2021-01-29,147,1139,146,1092,1,47,0,0,151,723,1,209,151,932,Not in California
Unknown,2021-01-30,10,1149,8,1100,2,49,0,0,13,735,1,210,13,945,Not in California
Unknown,2021-01-31,16,1165,16,1116,0,49,0,0,16,750,1,211,16,961,Not in California
Unknown,2021-02-01,36,1201,34,1150,2,51,0,0,21,754,17,228,21,982,Not in California
Unknown,2021-02-02,70,1271,68,1218,2,53,0,0,63,811,6,234,63,1045,Not in California
Unknown,2021-02-03,50,1321,46,1264,4,57,0,0,38,838,11,245,38,1083,Not in California
Unknown,2021-02-04,61,1382,56,1320,5,62,0,0,56,889,5,250,56,1139,Not in California
Unknown,2021-02-05,22,1404,15,1335,7,69,0,0,18,900,7,257,18,1157,Not in California
Unknown,2021-02-06,19,1423,14,1349,5,74,0,0,15,908,7,264,15,1172,Not in California
Unknown,2021-02-07,8,1431,8,1357,0,74,0,0,6,912,2,266,6,1178,Not in California
Unknown,2021-02-08,52,1483,49,1406,3,77,0,0,13,886,39,305,13,1191,Not in California
Unknown,2021-02-09,20,1503,19,1425,1,78,0,0,5,876,15,320,5,1196,Not in California
Unknown,2021-02-10,35,1538,30,1455,5,83,0,0,9,859,26,346,9,1205,Not in California
Unknown,2021-02-11,92,1630,91,1546,1,84,0,0,43,852,50,396,43,1248,Not in California
Unknown,2021-02-12,46,1676,38,1584,8,92,0,0,17,836,33,429,17,1265,Not in California
Unknown,2021-02-13,15,1691,3,1587,12,104,0,0,17,852,1,430,17,1282,Not in California
Unknown,2021-02-14,7,1698,1,1588,6,110,0,0,5,856,1,431,5,1287,Not in California
Unknown,2021-02-15,43,1741,37,1625,6,116,0,0,28,871,13,444,28,1315,Not in California
Unknown,2021-02-16,104,1845,95,1720,9,125,0,0,31,829,73,517,31,1346,Not in California
Unknown,2021-02-17,10,1855,8,1728,2,127,0,0,4,828,5,522,4,1350,Not in California
Unknown,2021-02-18,105,1960,100,1828,5,132,0,0,19,761,86,608,19,1369,Not in California
Unknown,2021-02-19,196,2156,190,2018,6,138,0,0,58,682,137,745,58,1427,Not in California
Unknown,2021-02-20,12,2168,5,2023,7,145,0,0,5,682,5,750,5,1432,Not in California
Unknown,2021-02-21,18,2186,18,2041,0,145,0,0,4,672,14,764,4,1436,Not in California
Unknown,2021-02-22,9,2195,9,2050,0,145,0,0,6,675,3,767,6,1442,Not in California
Unknown,2021-02-23,63,2258,51,2101,12,157,0,0,15,643,47,814,15,1457,Not in California
Unknown,2021-02-24,43,2301,35,2136,8,165,0,0,14,628,29,843,14,1471,Not in California
Unknown,2021-02-25,76,2377,60,2196,16,181,0,0,27,606,49,892,27,1498,Not in California
Unknown,2021-02-26,40,2417,25,2221,15,196,0,0,24,615,15,907,24,1522,Not in California
Unknown,2021-02-27,27,2444,14,2235,13,209,0,0,19,626,8,915,19,1541,Not in California
Unknown,2021-02-28,17,2461,13,2248,4,213,0,0,10,631,5,920,10,1551,Not in California
Unknown,2021-03-01,44,2505,26,2274,18,231,0,0,24,636,19,939,24,1575,Not in California
Unknown,2021-03-02,20,2525,8,2282,12,243,0,0,12,642,6,945,12,1587,Not in California
Unknown,2021-03-03,13,2538,7,2289,6,249,0,0,9,648,3,948,9,1596,Not in California
Unknown,2021-03-04,53,2591,49,2338,4,253,0,0,21,638,31,979,21,1617,Not in California
Unknown,2021-03-05,33,2624,15,2353,18,271,0,0,35,667,6,985,35,1652,Not in California
Unknown,2021-03-06,32,2656,11,2364,19,290,2,2,23,683,9,994,25,1677,Not in California
Unknown,2021-03-07,10,2666,1,2365,9,299,0,2,6,686,3,997,6,1683,Not in California
Unknown,2021-03-08,32,2698,23,2388,7,306,2,4,8,671,25,1022,10,1693,Not in California
Unknown,2021-03-09,39,2737,32,2420,3,309,4,8,10,655,30,1052,14,1707,Not in California
Unknown,2021-03-10,9,2746,6,2426,1,310,2,10,5,657,5,1057,7,1714,Not in California
Unknown,2021-03-11,37,2783,13,2439,10,320,14,24,14,664,21,1078,28,1742,Not in California
Unknown,2021-03-12,82,2865,56,2495,21,341,5,29,15,620,64,1142,20,1762,Not in California
Unknown,2021-03-13,24,2889,4,2499,16,357,4,33,8,616,16,1158,12,1774,Not in California
Unknown,2021-03-14,17,2906,9,2508,6,363,2,35,6,613,11,1169,8,1782,Not in California
Unknown,2021-03-15,30,2936,11,2519,17,380,2,37,20,622,13,1182,22,1804,Not in California
Unknown,2021-03-16,64,3000,22,2541,38,418,4,41,44,651,19,1201,48,1852,Not in California
Unknown,2021-03-17,46,3046,14,2555,31,449,1,42,39,687,4,1205,40,1892,Not in California
Unknown,2021-03-18,40,3086,20,2575,20,469,0,42,28,703,12,1217,28,1920,Not in California
Unknown,2021-03-19,29,3115,19,2594,10,479,0,42,24,719,8,1225,24,1944,Not in California
Unknown,2021-03-20,33,3148,14,2608,19,498,0,42,19,726,12,1237,19,1963,Not in California
Unknown,2021-03-21,23,3171,17,2625,6,504,0,42,19,742,3,1240,19,1982,Not in California
Unknown,2021-03-22,34,3205,18,2643,15,519,1,43,17,748,12,1252,18,2000,Not in California
Unknown,2021-03-23,23,3228,9,2652,9,528,5,48,11,753,11,1263,16,2016,Not in California
Unknown,2021-03-24,26,3254,9,2661,17,545,0,48,21,769,5,1268,21,2037,Not in California
Unknown,2021-03-25,48,3302,34,2695,14,559,0,48,32,787,14,1282,32,2069,Not in California
Unknown,2021-03-26,36,3338,19,2714,12,571,5,53,19,795,16,1298,24,2093,Not in California
Unknown,2021-03-27,39,3377,13,2727,26,597,0,53,23,798,20,1318,23,2116,Not in California
Unknown,2021-03-28,16,3393,9,2736,7,604,0,53,11,805,4,1322,11,2127,Not in California
Unknown,2021-03-29,38,3431,17,2753,20,624,1,54,25,819,12,1334,26,2153,Not in California
Unknown,2021-03-30,42,3473,25,2778,17,641,0,54,26,830,15,1349,26,2179,Not in California
Unknown,2021-03-31,36,3509,22,2800,14,655,0,54,25,843,12,1361,25,2204,Not in California
Unknown,2021-04-01,28,3537,13,2813,15,670,0,54,22,860,5,1366,22,2226,Not in California
Unknown,2021-04-02,63,3600,16,2829,38,708,9,63,29,864,34,1400,38,2264,Not in California
Unknown,2021-04-03,18,3618,9,2838,9,717,0,63,8,862,10,1410,8,2272,Not in California
Unknown,2021-04-04,16,3634,5,2843,11,728,0,63,10,867,5,1415,10,2282,Not in California
Unknown,2021-04-05,34,3668,20,2863,13,741,1,64,19,872,15,1430,20,2302,Not in California
Unknown,2021-04-06,34,3702,17,2880,16,757,1,65,17,872,18,1448,18,2320,Not in California
Unknown,2021-04-07,38,3740,25,2905,13,770,0,65,29,893,8,1456,29,2349,Not in California
Unknown,2021-04-08,43,3783,28,2933,11,781,4,69,20,895,22,1478,24,2373,Not in California
Unknown,2021-04-09,41,3824,25,2958,16,797,0,69,27,908,14,1492,27,2400,Not in California
Unknown,2021-04-10,10,3834,9,2967,1,798,0,69,3,904,7,1499,3,2403,Not in California
Unknown,2021-04-11,15,3849,11,2978,4,802,0,69,6,901,9,1508,6,2409,Not in California
Unknown,2021-04-12,42,3891,23,3001,16,818,3,72,17,896,25,1533,20,2429,Not in California
Unknown,2021-04-13,70,3961,27,3028,43,861,0,72,28,882,42,1575,28,2457,Not in California
Unknown,2021-04-14,34,3995,10,3038,24,885,0,72,8,864,26,1601,8,2465,Not in California
Unknown,2021-04-15,44,4039,17,3055,26,911,1,73,15,852,28,1629,16,2481,Not in California
Unknown,2021-04-16,52,4091,38,3093,14,925,0,73,31,862,21,1650,31,2512,Not in California
Unknown,2021-04-17,26,4117,14,3107,12,937,0,73,8,854,17,1667,9,2521,Not in California
Unknown,2021-04-18,19,4136,7,3114,12,949,0,73,7,849,12,1679,7,2528,Not in California
Unknown,2021-04-19,35,4171,21,3135,14,963,0,73,16,847,18,1697,16,2544,Not in California
Unknown,2021-04-20,24,4195,14,3149,10,973,0,73,6,835,18,1715,6,2550,Not in California
Unknown,2021-04-21,37,4232,15,3164,22,995,0,73,11,820,26,1741,11,2561,Not in California
Unknown,2021-04-22,23,4255,14,3178,9,1004,0,73,5,807,18,1759,5,2566,Not in California
Unknown,2021-04-23,33,4288,15,3193,18,1022,0,73,19,813,13,1772,19,2585,Not in California
Unknown,2021-04-24,35,4323,21,3214,14,1036,0,73,26,830,9,1781,26,2611,Not in California
Unknown,2021-04-25,23,4346,9,3223,14,1050,0,73,12,831,11,1792,12,2623,Not in California
Unknown,2021-04-26,18,4364,12,3235,6,1056,0,73,6,825,12,1804,6,2629,Not in California
Unknown,2021-04-27,24,4388,9,3244,15,1071,0,73,7,815,17,1821,7,2636,Not in California
Unknown,2021-04-28,59,4447,46,3290,12,1083,1,74,40,837,19,1840,41,2677,Not in California
Unknown,2021-04-29,3,4450,2,3292,1,1084,0,74,0,834,3,1843,0,2677,Not in California
Alameda,2020-12-15,36,36,36,36,0,0,0,0,36,36,0,0,36,36,California
Alameda,2020-12-16,203,239,203,239,0,0,0,0,203,239,0,0,203,239,California
Alameda,2020-12-17,396,635,396,635,0,0,0,0,396,635,0,0,396,635,California
Alameda,2020-12-18,1769,2404,1769,2404,0,0,0,0,1769,2404,0,0,1769,2404,California
Alameda,2020-12-19,1355,3759,1355,3759,0,0,0,0,1355,3759,0,0,1355,3759,California
Alameda,2020-12-20,1158,4917,1157,4916,1,1,0,0,1157,4915,1,1,1157,4916,California
Alameda,2020-12-21,1862,6779,1860,6776,2,3,0,0,1861,6776,0,1,1861,6777,California
Alameda,2020-12-22,2099,8878,2047,8823,52,55,0,0,2099,8875,0,1,2099,8876,California
Alameda,2020-12-23,1938,10816,1680,10503,258,313,0,0,1938,10813,0,1,1938,10814,California
Alameda,2020-12-24,1219,12035,759,11262,460,773,0,0,1219,12032,0,1,1219,12033,California
Alameda,2020-12-25,165,12200,128,11390,37,810,0,0,165,12197,0,1,165,12198,California
Alameda,2020-12-26,868,13068,324,11714,544,1354,0,0,868,13065,0,1,868,13066,California
Alameda,2020-12-27,499,13567,256,11970,243,1597,0,0,499,13564,0,1,499,13565,California
Alameda,2020-12-28,1883,15450,957,12927,926,2523,0,0,1883,15447,0,1,1883,15448,California
Alameda,2020-12-29,2428,17878,1023,13950,1405,3928,0,0,2427,17874,0,1,2427,17875,California
Alameda,2020-12-30,3124,21002,1361,15311,1763,5691,0,0,3126,21000,0,1,3126,21001,California
Alameda,2020-12-31,1793,22795,441,15752,1352,7043,0,0,1791,22790,1,2,1791,22792,California
Alameda,2021-01-01,171,22966,70,15822,101,7144,0,0,170,22959,1,3,170,22962,California
Alameda,2021-01-02,721,23687,522,16344,199,7343,0,0,720,23679,0,3,720,23682,California
Alameda,2021-01-03,341,24028,220,16564,121,7464,0,0,338,24014,3,6,338,24020,California
Alameda,2021-01-04,1648,25676,944,17508,704,8168,0,0,1636,25639,11,17,1636,25656,California
Alameda,2021-01-05,2202,27878,1265,18773,937,9105,0,0,1966,27372,233,250,1966,27622,California
Alameda,2021-01-06,3247,31125,1780,20553,1467,10572,0,0,2430,28990,814,1064,2432,30054,California
Alameda,2021-01-07,3773,34898,2111,22664,1662,12234,0,0,2686,30602,1078,2142,2690,32744,California
Alameda,2021-01-08,4726,39624,2698,25362,2028,14262,0,0,3102,32088,1620,3762,3106,35850,California
Alameda,2021-01-09,2034,41658,1389,26751,645,14907,0,0,1174,32402,860,4622,1174,37024,California
Alameda,2021-01-10,1063,42721,845,27596,218,15125,0,0,425,32188,639,5261,425,37449,California
Alameda,2021-01-11,4639,47360,3509,31105,1130,16255,0,0,2846,33249,1792,7053,2853,40302,California
Alameda,2021-01-12,4829,52189,3250,34355,1579,17834,0,0,3437,35298,1391,8444,3440,43742,California
Alameda,2021-01-13,5032,57221,2659,37014,2373,20207,0,0,3846,37963,1182,9626,3847,47589,California
Alameda,2021-01-14,5605,62826,2741,39755,2864,23071,0,0,4719,41808,877,10503,4722,52311,California
Alameda,2021-01-15,5833,68659,2310,42065,3523,26594,0,0,5067,46119,759,11262,5070,57381,California
Alameda,2021-01-16,3006,71665,1408,43473,1598,28192,0,0,2738,48590,268,11530,2739,60120,California
Alameda,2021-01-17,1867,73532,1083,44556,784,28976,0,0,1660,50045,206,11736,1661,61781,California
Alameda,2021-01-18,3198,76730,2054,46610,1144,30120,0,0,2604,52064,590,12326,2609,64390,California
Alameda,2021-01-19,5524,82254,3329,49939,2195,32315,0,0,4335,55214,1187,13513,4337,68727,California
Alameda,2021-01-20,6696,88950,4031,53970,2665,34980,0,0,5399,59332,1285,14798,5403,74130,California
Alameda,2021-01-21,7764,96714,3397,57367,4367,39347,0,0,6933,65445,825,15623,6938,81068,California
Alameda,2021-01-22,6840,103554,2034,59401,4806,44153,0,0,5702,70018,1131,16754,5704,86772,California
Alameda,2021-01-23,3287,106841,946,60347,2341,46494,0,0,2734,72201,553,17307,2736,89508,California
Alameda,2021-01-24,2050,108891,654,61001,1396,47890,0,0,1774,73703,272,17579,1774,91282,California
Alameda,2021-01-25,5221,114112,1986,62987,3235,51125,0,0,3635,75761,1578,19157,3636,94918,California
Alameda,2021-01-26,7245,121357,2287,65274,4958,56083,0,0,5385,79294,1853,21010,5386,100304,California
Alameda,2021-01-27,6668,128025,2075,67349,4593,60676,0,0,4820,82280,1834,22844,4820,105124,California
Alameda,2021-01-28,7888,135913,2546,69895,5342,66018,0,0,5647,85703,2225,25069,5648,110772,California
Alameda,2021-01-29,7920,143833,3181,73076,4739,70757,0,0,6098,89990,1812,26881,6099,116871,California
Alameda,2021-01-30,3418,147251,1672,74748,1746,72503,0,0,2714,92006,698,27579,2714,119585,California
Alameda,2021-01-31,1904,149155,963,75711,941,73444,0,0,1660,93425,241,27820,1660,121245,California
Alameda,2021-02-01,5959,155114,3355,79066,2604,76048,0,0,4323,96119,1630,29450,4324,125569,California
Alameda,2021-02-02,7463,162577,4251,83317,3212,79260,0,0,4669,98004,2784,32234,4669,130238,California
Alameda,2021-02-03,7080,169657,3729,87046,3351,82611,0,0,4406,99747,2668,34902,4411,134649,California
Alameda,2021-02-04,9499,179156,4126,91172,5373,87984,0,0,6444,103160,3036,37938,6449,141098,California
Alameda,2021-02-05,10331,189487,5391,96563,4940,92924,0,0,6464,105769,3861,41799,6470,147568,California
Alameda,2021-02-06,6994,196481,4434,100997,2560,95484,0,0,5874,110523,1120,42919,5874,153442,California
Alameda,2021-02-07,3580,200061,2892,103889,688,96172,0,0,2641,112229,936,43855,2642,156084,California
Alameda,2021-02-08,8092,208153,5786,109675,2306,98478,0,0,5541,115232,2540,46395,5543,161627,California
Alameda,2021-02-09,9710,217863,5860,115535,3850,102328,0,0,6062,117654,3642,50037,6064,167691,California
Alameda,2021-02-10,11454,229317,6772,122307,4682,107010,0,0,6633,119491,4804,54841,6641,174332,California
Alameda,2021-02-11,13934,243251,7988,130295,5946,112956,0,0,8379,122335,5538,60379,8382,182714,California
Alameda,2021-02-12,12525,255776,5693,135988,6832,119788,0,0,7752,125331,4759,65138,7755,190469,California
Alameda,2021-02-13,7808,263584,4066,140054,3742,123530,0,0,5846,129221,1958,67096,5848,196317,California
Alameda,2021-02-14,4025,267609,2534,142588,1491,125021,0,0,2867,130935,1155,68251,2869,199186,California
Alameda,2021-02-15,5712,273321,3223,145811,2489,127510,0,0,3701,132632,2007,70258,3704,202890,California
Alameda,2021-02-16,12531,285852,6954,152765,5577,133087,0,0,9317,138750,3204,73462,9322,212212,California
Alameda,2021-02-17,14101,299953,8354,161119,5747,138834,0,0,10483,145635,3600,77062,10485,222697,California
Alameda,2021-02-18,15860,315813,10062,171181,5798,144632,0,0,11512,152811,4342,81404,11518,234215,California
Alameda,2021-02-19,17642,333455,11439,182620,6203,150835,0,0,11695,158585,5925,87329,11699,245914,California
Alameda,2021-02-20,11861,345316,9611,192231,2250,153085,0,0,9143,165018,2715,90044,9148,255062,California
Alameda,2021-02-21,6196,351512,5264,197495,932,154017,0,0,3742,166316,2444,92488,3742,258804,California
Alameda,2021-02-22,10704,362216,7924,205419,2780,156797,0,0,6747,169130,3943,96431,6757,265561,California
Alameda,2021-02-23,12718,374934,7719,213138,4999,161796,0,0,7917,172262,4792,101223,7924,273485,California
Alameda,2021-02-24,14652,389586,8202,221340,6450,168246,0,0,9501,176679,5090,106313,9507,282992,California
Alameda,2021-02-25,15610,405196,9119,230459,6491,174737,0,0,9944,180995,5634,111947,9950,292942,California
Alameda,2021-02-26,18097,423293,10638,241097,7459,182196,0,0,11704,186350,6353,118300,11708,304650,California
Alameda,2021-02-27,14699,437992,10806,251903,3891,186087,2,2,9106,189889,5571,123871,9110,313760,California
Alameda,2021-02-28,9142,447134,7703,259606,1439,187526,0,2,6070,192909,3051,126922,6071,319831,California
Alameda,2021-03-01,13227,460361,9184,268790,4040,191566,3,5,8204,196144,4978,131900,8213,328044,California
Alameda,2021-03-02,13816,474177,9600,278390,4216,195782,0,5,8880,200114,4917,136817,8887,336931,California
Alameda,2021-03-03,15382,489559,9985,288375,5396,201178,1,6,10479,205720,4876,141693,10482,347413,California
Alameda,2021-03-04,17286,506845,11052,299427,6233,207411,1,7,10866,210201,6386,148079,10867,358280,California
Alameda,2021-03-05,15852,522697,10236,309663,5607,213018,9,16,10632,215668,5180,153259,10647,368927,California
Alameda,2021-03-06,14228,536925,9958,319621,4011,217029,259,275,9343,220430,4842,158101,9604,378531,California
Alameda,2021-03-07,9294,546219,8078,327699,1135,218164,81,356,6576,224396,2693,160794,6659,385190,California
Alameda,2021-03-08,11635,557854,7157,334856,4100,222264,378,734,8654,230496,2932,163726,9032,394222,California
Alameda,2021-03-09,11364,569218,7015,341871,3920,226184,429,1163,6284,232165,5046,168772,6715,400937,California
Alameda,2021-03-10,16657,585875,11315,353186,4784,230968,558,1721,7546,231178,9087,177859,8100,409037,California
Alameda,2021-03-11,19755,605630,11553,364739,6497,237465,1705,3426,6764,226682,12962,190821,8466,417503,California
Alameda,2021-03-12,21139,626769,12313,377052,7176,244641,1650,5076,7466,222140,13651,204472,9109,426612,California
Alameda,2021-03-13,15831,642600,10103,387155,4748,249389,980,6056,5106,217532,10692,215164,6084,432696,California
Alameda,2021-03-14,10691,653291,7811,394966,2095,251484,785,6841,4659,216954,6015,221179,5437,438133,California
Alameda,2021-03-15,14300,667591,9322,404288,4461,255945,517,7358,6360,215916,7912,229091,6874,445007,California
Alameda,2021-03-16,17151,684742,11099,415387,5519,261464,533,7891,7556,214462,9544,238635,8090,453097,California
Alameda,2021-03-17,17350,702092,9770,425157,6889,268353,691,8582,8167,214171,9149,247784,8858,461955,California
Alameda,2021-03-18,19032,721124,10314,435471,7842,276195,876,9458,8760,213566,10245,258029,9640,471595,California
Alameda,2021-03-19,19078,740202,10324,445795,6968,283163,1786,11244,7641,211597,11389,269418,9420,481015,California
Alameda,2021-03-20,15606,755808,10185,455980,4602,287765,819,12063,6534,209902,9044,278462,7349,488364,California
Alameda,2021-03-21,9053,764861,7096,463076,1426,289191,531,12594,3773,208936,5271,283733,4305,492669,California
Alameda,2021-03-22,14874,779735,9995,473071,3903,293094,976,13570,7179,209414,7674,291407,8152,500821,California
Alameda,2021-03-23,19076,798811,11498,484569,6786,299880,792,14362,10708,212593,8326,299733,11505,512326,California
Alameda,2021-03-24,18957,817768,11395,495964,6571,306451,991,15353,8592,211861,10306,310039,9574,521900,California
Alameda,2021-03-25,20324,838092,11215,507179,7729,314180,1380,16733,9552,212075,10708,320747,10922,532822,California
Alameda,2021-03-26,20646,858738,12365,519544,6752,320932,1529,18262,8860,210713,11742,332489,10380,543202,California
Alameda,2021-03-27,18157,876895,12314,531858,4886,325818,957,19219,7837,209213,10275,342764,8775,551977,California
Alameda,2021-03-28,10425,887320,8441,540299,1781,327599,203,19422,3833,206675,6580,349344,4042,556019,California
Alameda,2021-03-29,14576,901896,9278,549577,4304,331903,994,20416,6276,205678,8267,357611,7270,563289,California
Alameda,2021-03-30,18430,920326,9669,559246,7070,338973,1691,22107,10824,210612,7577,365188,12511,575800,California
Alameda,2021-03-31,19209,939535,10109,569355,7036,346009,2064,24171,9525,212536,9659,374847,11583,587383,California
Alameda,2021-04-01,22984,962519,9947,579302,7549,353558,5488,29659,10967,216995,11989,386836,16448,603831,California
Alameda,2021-04-02,23763,986282,9857,589159,8230,361788,5676,35335,11540,222008,12190,399026,17203,621034,California
Alameda,2021-04-03,20057,1006339,9720,598879,5650,367438,4687,40022,10265,227186,9773,408799,14951,635985,California
Alameda,2021-04-04,9917,1016256,3959,602838,2277,369715,3681,43703,3514,227982,6394,415193,7190,643175,California
Alameda,2021-04-05,17699,1033955,7435,610273,5503,375218,4761,48464,7201,229463,10480,425673,11961,655136,California
Alameda,2021-04-06,22070,1056025,10611,620884,5645,380863,5814,54278,10020,233273,12018,437691,15828,670964,California
Alameda,2021-04-07,22384,1078409,11468,632352,5485,386348,5431,59709,11355,239063,10988,448679,16778,687742,California
Alameda,2021-04-08,25304,1103713,11432,643784,5935,392283,7937,67646,10785,243332,14449,463128,18718,706460,California
Alameda,2021-04-09,23093,1126806,10471,654255,7438,399721,5184,72830,11893,249235,11177,474305,17080,723540,California
Alameda,2021-04-10,18767,1145573,7375,661630,5579,405300,5813,78643,8141,252572,10608,484913,13945,737485,California
Alameda,2021-04-11,10959,1156532,4761,666391,2264,407564,3934,82577,4474,254503,6469,491382,8400,745885,California
Alameda,2021-04-12,17767,1174299,11662,678053,4283,411847,1822,84399,10077,258739,7661,499043,11897,757782,California
Alameda,2021-04-13,23001,1197300,14616,692669,8331,420178,54,84453,16979,269801,5980,505023,17042,774824,California
Alameda,2021-04-14,22986,1220286,15180,707849,7804,427982,2,84455,15607,278066,7349,512372,15614,790438,California
Alameda,2021-04-15,23657,1243943,15174,723023,8481,436463,2,84457,15696,285857,7915,520287,15706,806144,California
Alameda,2021-04-16,24241,1268184,14319,737342,9917,446380,5,84462,15649,292980,8541,528828,15664,821808,California
Alameda,2021-04-17,20671,1288855,14253,751595,6418,452798,0,84462,14252,300855,6391,535219,14266,836074,California
Alameda,2021-04-18,9878,1298733,7544,759139,2334,455132,0,84462,6846,304701,3005,538224,6851,842925,California
Alameda,2021-04-19,15432,1314165,9631,768770,5801,460933,0,84462,8945,307197,6459,544683,8955,851880,California
Alameda,2021-04-20,18066,1332231,11029,779799,7036,467969,1,84463,9910,309011,8117,552800,9931,861811,California
Alameda,2021-04-21,19072,1351303,11167,790966,7900,475869,5,84468,11127,312270,7893,560693,11152,872963,California
Alameda,2021-04-22,21161,1372464,13696,804662,7462,483331,3,84471,11239,313659,9879,570572,11268,884231,California
Alameda,2021-04-23,21349,1393813,13944,818606,7405,490736,0,84471,11964,316306,9338,579910,11985,896216,California
Alameda,2021-04-24,18748,1412561,14200,832806,4541,495277,7,84478,9869,317348,8844,588754,9886,906102,California
Alameda,2021-04-25,8662,1421223,6718,839524,1944,497221,0,84478,5585,319879,3064,591818,5595,911697,California
Alameda,2021-04-26,13047,1434270,9019,848543,4008,501229,20,84498,8141,323167,4883,596701,8171,919868,California
Alameda,2021-04-27,14742,1449012,8635,857178,5803,507032,304,84802,6949,322691,7752,604453,7276,927144,California
Alameda,2021-04-28,14454,1463466,9030,866208,4969,512001,455,85257,5503,319739,8922,613375,5970,933114,California
Alameda,2021-04-29,9732,1473198,5945,872153,3690,515691,97,85354,3044,316228,6667,620042,3156,936270,California
Alpine,2020-12-18,2,2,2,2,0,0,0,0,2,2,0,0,2,2,California
Alpine,2020-12-19,2,4,2,4,0,0,0,0,2,4,0,0,2,4,California
Alpine,2020-12-21,2,6,2,6,0,0,0,0,2,6,0,0,2,6,California
Alpine,2020-12-30,14,20,0,6,14,14,0,0,14,20,0,0,14,20,California
Alpine,2020-12-31,1,21,0,6,1,15,0,0,1,21,0,0,1,21,California
Alpine,2021-01-01,1,22,0,6,1,16,0,0,1,22,0,0,1,22,California
Alpine,2021-01-02,1,23,1,7,0,16,0,0,1,23,0,0,1,23,California
Alpine,2021-01-04,10,33,0,7,10,26,0,0,10,33,0,0,10,33,California
Alpine,2021-01-05,9,42,1,8,8,34,0,0,9,42,0,0,9,42,California
Alpine,2021-01-06,31,73,0,8,31,65,0,0,31,73,0,0,31,73,California
Alpine,2021-01-07,8,81,0,8,8,73,0,0,8,81,0,0,8,81,California
Alpine,2021-01-08,4,85,2,10,2,75,0,0,2,81,2,2,2,83,California
Alpine,2021-01-09,2,87,2,12,0,75,0,0,0,79,2,4,0,83,California
Alpine,2021-01-11,32,119,1,13,31,106,0,0,31,109,1,5,31,114,California
Alpine,2021-01-13,35,154,0,13,35,141,0,0,35,144,0,5,35,149,California
Alpine,2021-01-14,1,155,0,13,1,142,0,0,1,145,0,5,1,150,California
Alpine,2021-01-15,1,156,0,13,1,143,0,0,1,146,0,5,1,151,California
Alpine,2021-01-20,21,177,0,13,21,164,0,0,21,167,0,5,21,172,California
Alpine,2021-01-21,1,178,0,13,1,165,0,0,1,168,0,5,1,173,California
Alpine,2021-01-22,32,210,0,13,32,197,0,0,32,200,0,5,32,205,California
Alpine,2021-01-23,1,211,1,14,0,197,0,0,0,199,1,6,0,205,California
Alpine,2021-01-25,16,227,0,14,16,213,0,0,16,215,0,6,16,221,California
Alpine,2021-01-27,1,228,1,15,0,213,0,0,0,214,1,7,0,221,California
Alpine,2021-01-28,1,229,0,15,1,214,0,0,0,213,1,8,0,221,California
Alpine,2021-01-29,1,230,0,15,1,215,0,0,1,214,0,8,1,222,California
Alpine,2021-02-01,25,255,0,15,25,240,0,0,7,203,18,26,7,229,California
Alpine,2021-02-03,34,289,0,15,34,274,0,0,10,189,24,50,10,239,California
Alpine,2021-02-04,8,297,0,15,8,282,0,0,3,187,5,55,3,242,California
Alpine,2021-02-05,31,328,0,15,31,313,0,0,12,180,19,74,12,254,California
Alpine,2021-02-06,1,329,1,16,0,313,0,0,1,181,0,74,1,255,California
Alpine,2021-02-07,1,330,1,17,0,313,0,0,1,182,0,74,1,256,California
Alpine,2021-02-08,32,362,0,17,32,345,0,0,4,158,28,102,4,260,California
Alpine,2021-02-10,34,396,0,17,34,379,0,0,0,124,34,136,0,260,California
Alpine,2021-02-11,6,402,0,17,6,385,0,0,3,124,3,139,3,263,California
Alpine,2021-02-12,1,403,0,17,1,386,0,0,0,123,1,140,0,263,California
Alpine,2021-02-17,23,426,0,17,23,409,0,0,3,106,20,160,3,266,California
Alpine,2021-02-18,2,428,0,17,2,411,0,0,1,106,1,161,1,267,California
Alpine,2021-02-19,34,462,1,18,33,444,0,0,2,76,32,193,2,269,California
Alpine,2021-02-22,27,489,0,18,27,471,0,0,8,65,19,212,8,277,California
Alpine,2021-02-24,1,490,1,19,0,471,0,0,1,66,0,212,1,278,California
Alpine,2021-02-25,6,496,1,20,5,476,0,0,6,72,0,212,6,284,California
Alpine,2021-02-26,29,525,1,21,28,504,0,0,28,99,1,213,28,312,California
Alpine,2021-02-27,1,526,0,21,1,505,0,0,1,100,0,213,1,313,California
Alpine,2021-03-01,35,561,0,21,35,540,0,0,25,115,10,223,25,338,California
Alpine,2021-03-02,1,562,1,22,0,540,0,0,0,114,1,224,0,338,California
Alpine,2021-03-03,30,592,1,23,29,569,0,0,18,120,12,236,18,356,California
Alpine,2021-03-04,11,603,1,24,10,579,0,0,11,131,0,236,11,367,California
Alpine,2021-03-05,30,633,0,24,30,609,0,0,22,145,8,244,22,389,California
Alpine,2021-03-08,31,664,0,24,31,640,0,0,29,172,2,246,29,418,California
Alpine,2021-03-10,73,737,0,24,73,713,0,0,73,245,0,246,73,491,California
Alpine,2021-03-11,36,773,0,24,36,749,0,0,32,273,4,250,32,523,California
Alpine,2021-03-12,19,792,0,24,19,768,0,0,17,288,2,252,17,540,California
Alpine,2021-03-15,21,813,1,25,20,788,0,0,20,307,1,253,20,560,California
Alpine,2021-03-17,23,836,0,25,22,810,1,1,19,323,4,257,20,580,California
Alpine,2021-03-18,38,874,3,28,35,845,0,1,35,355,3,260,35,615,California
Alpine,2021-03-19,2,876,1,29,1,846,0,1,1,355,1,261,1,616,California
Alpine,2021-03-22,24,900,0,29,24,870,0,1,15,361,9,270,15,631,California
Alpine,2021-03-24,19,919,0,29,19,889,0,1,9,360,10,280,9,640,California
Alpine,2021-03-25,35,954,1,30,33,922,1,2,28,382,7,287,29,669,California
Alpine,2021-03-27,1,955,0,30,1,923,0,2,0,381,1,288,0,669,California
Alpine,2021-03-28,1,956,1,31,0,923,0,2,1,382,0,288,1,670,California
Alpine,2021-03-29,19,975,0,31,18,941,1,3,2,368,17,305,3,673,California
Alpine,2021-04-01,16,991,0,31,16,957,0,3,7,366,9,314,7,680,California
Alpine,2021-04-02,100,1091,1,32,99,1056,0,3,46,359,53,367,46,726,California
Alpine,2021-04-05,4,1095,1,33,3,1059,0,3,0,355,4,371,0,726,California
Alpine,2021-04-06,3,1098,2,35,1,1060,0,3,2,356,1,372,2,728,California
Alpine,2021-04-07,116,1214,0,35,115,1175,1,4,29,300,86,458,30,758,California
Alpine,2021-04-08,38,1252,0,35,36,1211,2,6,10,284,28,486,12,770,California
Alpine,2021-04-09,1,1253,0,35,1,1212,0,6,1,285,0,486,1,771,California
Alpine,2021-04-14,47,1300,0,35,47,1259,0,6,10,258,37,523,10,781,California
Alpine,2021-04-15,35,1335,0,35,35,1294,0,6,3,229,32,555,3,784,California
Alpine,2021-04-16,1,1336,0,35,1,1295,0,6,1,230,0,555,1,785,California
Alpine,2021-04-19,1,1337,0,35,1,1296,0,6,1,231,0,555,1,786,California
Alpine,2021-04-21,31,1368,0,35,31,1327,0,6,15,230,16,571,15,801,California
Alpine,2021-04-22,24,1392,0,35,24,1351,0,6,1,208,23,594,1,802,California
Alpine,2021-04-24,2,1394,2,37,0,1351,0,6,0,207,2,596,1,803,California
Alpine,2021-04-25,1,1395,1,38,0,1351,0,6,0,206,1,597,0,803,California
Alpine,2021-04-27,1,1396,0,38,1,1352,0,6,1,207,0,597,1,804,California
Alpine,2021-04-28,36,1432,0,38,36,1388,0,6,6,183,30,627,6,810,California
Alpine,2021-04-29,6,1438,1,39,5,1393,0,6,2,181,4,631,2,812,California
Amador,2020-12-16,2,2,2,2,0,0,0,0,2,2,0,0,2,2,California
Amador,2020-12-17,5,7,5,7,0,0,0,0,5,7,0,0,5,7,California
Amador,2020-12-18,45,52,45,52,0,0,0,0,45,52,0,0,45,52,California
Amador,2020-12-19,17,69,17,69,0,0,0,0,17,69,0,0,17,69,California
Amador,2020-12-20,4,73,4,73,0,0,0,0,4,73,0,0,4,73,California
Amador,2020-12-21,31,104,31,104,0,0,0,0,31,104,0,0,31,104,California
Amador,2020-12-22,35,139,34,138,1,1,0,0,35,139,0,0,35,139,California
Amador,2020-12-23,39,178,38,176,1,2,0,0,39,178,0,0,39,178,California
Amador,2020-12-24,5,183,3,179,2,4,0,0,5,183,0,0,5,183,California
Amador,2020-12-26,5,188,4,183,1,5,0,0,5,188,0,0,5,188,California
Amador,2020-12-27,1,189,0,183,1,6,0,0,1,189,0,0,1,189,California
Amador,2020-12-28,31,220,27,210,4,10,0,0,31,220,0,0,31,220,California
Amador,2020-12-29,26,246,19,229,7,17,0,0,26,246,0,0,26,246,California
Amador,2020-12-30,124,370,78,307,46,63,0,0,124,370,0,0,124,370,California
Amador,2020-12-31,191,561,166,473,25,88,0,0,191,561,0,0,191,561,California
Amador,2021-01-01,2,563,0,473,2,90,0,0,2,563,0,0,2,563,California
Amador,2021-01-02,56,619,56,529,0,90,0,0,56,619,0,0,56,619,California
Amador,2021-01-03,65,684,17,546,48,138,0,0,65,684,0,0,65,684,California
Amador,2021-01-04,124,808,1,547,123,261,0,0,124,808,0,0,124,808,California
Amador,2021-01-05,33,841,3,550,30,291,0,0,31,838,2,2,32,840,California
Amador,2021-01-06,40,881,10,560,30,321,0,0,36,870,4,6,36,876,California
Amador,2021-01-07,227,1108,68,628,159,480,0,0,215,1073,12,18,215,1091,California
Amador,2021-01-08,84,1192,70,698,14,494,0,0,40,1070,44,62,41,1132,California
Amador,2021-01-09,11,1203,11,709,0,494,0,0,2,1063,9,71,2,1134,California
Amador,2021-01-10,6,1209,4,713,2,496,0,0,2,1061,4,75,2,1136,California
Amador,2021-01-11,124,1333,44,757,80,576,0,0,88,1114,36,111,89,1225,California
Amador,2021-01-12,64,1397,49,806,15,591,0,0,40,1130,24,135,40,1265,California
Amador,2021-01-13,38,1435,23,829,15,606,0,0,26,1144,12,147,26,1291,California
Amador,2021-01-14,146,1581,20,849,126,732,0,0,136,1270,10,157,136,1427,California
Amador,2021-01-15,55,1636,24,873,31,763,0,0,48,1311,7,164,48,1475,California
Amador,2021-01-16,19,1655,12,885,7,770,0,0,13,1319,6,170,14,1489,California
Amador,2021-01-17,25,1680,5,890,20,790,0,0,25,1344,0,170,25,1514,California
Amador,2021-01-18,32,1712,28,918,4,794,0,0,10,1332,22,192,10,1524,California
Amador,2021-01-19,121,1833,96,1014,25,819,0,0,77,1365,44,236,77,1601,California
Amador,2021-01-20,183,2016,34,1048,149,968,0,0,167,1517,15,251,167,1768,California
Amador,2021-01-21,253,2269,222,1270,31,999,0,0,144,1553,109,360,145,1913,California
Amador,2021-01-22,134,2403,72,1342,62,1061,0,0,127,1673,7,367,127,2040,California
Amador,2021-01-23,52,2455,32,1374,20,1081,0,0,50,1721,2,369,50,2090,California
Amador,2021-01-24,28,2483,12,1386,16,1097,0,0,25,1743,3,372,25,2115,California
Amador,2021-01-25,59,2542,28,1414,31,1128,0,0,42,1768,17,389,42,2157,California
Amador,2021-01-26,244,2786,16,1430,228,1356,0,0,234,1992,10,399,234,2391,California
Amador,2021-01-27,296,3082,30,1460,266,1622,0,0,249,2197,45,444,250,2641,California
Amador,2021-01-28,345,3427,76,1536,269,1891,0,0,284,2421,61,505,285,2926,California
Amador,2021-01-29,96,3523,31,1567,65,1956,0,0,81,2487,15,520,81,3007,California
Amador,2021-01-30,168,3691,34,1601,134,2090,0,0,163,2645,5,525,163,3170,California
Amador,2021-01-31,32,3723,28,1629,4,2094,0,0,31,2675,1,526,31,3201,California
Amador,2021-02-01,63,3786,23,1652,40,2134,0,0,36,2684,27,553,36,3237,California
Amador,2021-02-02,211,3997,63,1715,148,2282,0,0,126,2728,82,635,126,3363,California
Amador,2021-02-03,141,4138,38,1753,103,2385,0,0,90,2768,50,685,90,3453,California
Amador,2021-02-04,249,4387,73,1826,176,2561,0,0,164,2849,85,770,166,3619,California
Amador,2021-02-05,331,4718,63,1889,268,2829,0,0,315,3148,16,786,315,3934,California
Amador,2021-02-06,99,4817,80,1969,19,2848,0,0,95,3239,4,790,95,4029,California
Amador,2021-02-07,38,4855,35,2004,3,2851,0,0,35,3271,3,793,35,4064,California
Amador,2021-02-08,90,4945,62,2066,28,2879,0,0,73,3327,17,810,73,4137,California
Amador,2021-02-09,175,5120,83,2149,92,2971,0,0,110,3372,65,875,110,4247,California
Amador,2021-02-10,976,6096,80,2229,896,3867,0,0,943,4282,33,908,943,5190,California
Amador,2021-02-11,307,6403,119,2348,188,4055,0,0,201,4378,105,1013,201,5391,California
Amador,2021-02-12,326,6729,119,2467,207,4262,0,0,254,4560,72,1085,254,5645,California
Amador,2021-02-13,165,6894,81,2548,84,4346,0,0,139,4673,26,1111,139,5784,California
Amador,2021-02-14,124,7018,54,2602,70,4416,0,0,107,4763,17,1128,107,5891,California
Amador,2021-02-15,185,7203,60,2662,125,4541,0,0,168,4915,16,1144,168,6059,California
Amador,2021-02-16,464,7667,53,2715,411,4952,0,0,425,5302,39,1183,426,6485,California
Amador,2021-02-17,258,7925,80,2795,178,5130,0,0,163,5370,95,1278,163,6648,California
Amador,2021-02-18,398,8323,99,2894,299,5429,0,0,336,5645,62,1340,337,6985,California
Amador,2021-02-19,194,8517,77,2971,117,5546,0,0,111,5673,83,1423,111,7096,California
Amador,2021-02-20,92,8609,30,3001,62,5608,0,0,64,5709,28,1451,64,7160,California
Amador,2021-02-21,45,8654,34,3035,11,5619,0,0,15,5694,30,1481,15,7175,California
Amador,2021-02-22,63,8717,24,3059,39,5658,0,0,32,5696,30,1511,32,7207,California
Amador,2021-02-23,318,9035,54,3113,264,5922,0,0,138,5655,180,1691,139,7346,California
Amador,2021-02-24,393,9428,56,3169,337,6259,0,0,263,5792,126,1817,263,7609,California
Amador,2021-02-25,520,9948,116,3285,404,6663,0,0,280,5833,239,2056,280,7889,California
Amador,2021-02-26,608,10556,75,3360,533,7196,0,0,503,6232,105,2161,504,8393,California
Amador,2021-02-27,288,10844,91,3451,197,7393,0,0,100,6147,187,2348,102,8495,California
Amador,2021-02-28,102,10946,52,3503,50,7443,0,0,56,6160,46,2394,59,8554,California
Amador,2021-03-01,188,11134,66,3569,122,7565,0,0,119,6211,69,2463,120,8674,California
Amador,2021-03-02,379,11513,63,3632,316,7881,0,0,329,6491,50,2513,330,9004,California
Amador,2021-03-03,242,11755,79,3711,163,8044,0,0,167,6585,74,2587,168,9172,California
Amador,2021-03-04,496,12251,117,3828,379,8423,0,0,393,6875,103,2690,393,9565,California
Amador,2021-03-05,511,12762,77,3905,434,8857,0,0,293,6953,217,2907,295,9860,California
Amador,2021-03-06,99,12861,45,3950,53,8910,1,1,54,6963,45,2952,55,9915,California
Amador,2021-03-07,63,12924,42,3992,21,8931,0,1,20,6940,43,2995,20,9935,California
Amador,2021-03-08,152,13076,71,4063,80,9011,1,2,91,6971,61,3056,92,10027,California
Amador,2021-03-09,370,13446,50,4113,320,9331,0,2,292,7188,75,3131,292,10319,California
Amador,2021-03-10,508,13954,74,4187,432,9763,2,4,111,6905,397,3528,114,10433,California
Amador,2021-03-11,472,14426,115,4302,346,10109,11,15,300,7048,171,3699,314,10747,California
Amador,2021-03-12,568,14994,65,4367,495,10604,8,23,337,7168,230,3929,350,11097,California
Amador,2021-03-13,114,15108,18,4385,89,10693,7,30,74,7213,40,3969,85,11182,California
Amador,2021-03-14,90,15198,19,4404,68,10761,3,33,21,7168,69,4038,24,11206,California
Amador,2021-03-15,176,15374,25,4429,144,10905,7,40,53,7107,123,4161,62,11268,California
Amador,2021-03-16,447,15821,54,4483,383,11288,10,50,137,6946,308,4469,147,11415,California
Amador,2021-03-17,192,16013,42,4525,147,11435,3,53,116,6990,76,4545,120,11535,California
Amador,2021-03-18,474,16487,98,4623,372,11807,4,57,248,7020,226,4771,256,11791,California
Amador,2021-03-19,540,17027,56,4679,467,12274,17,74,391,7284,147,4918,411,12202,California
Amador,2021-03-20,109,17136,45,4724,63,12337,1,75,46,7271,62,4980,49,12251,California
Amador,2021-03-21,48,17184,36,4760,11,12348,1,76,31,7289,16,4996,34,12285,California
Amador,2021-03-22,113,17297,32,4792,52,12400,29,105,49,7303,64,5060,78,12363,California
Amador,2021-03-23,432,17729,47,4839,377,12777,8,113,275,7430,156,5216,283,12646,California
Amador,2021-03-24,341,18070,35,4874,54,12831,252,365,34,7410,306,5522,286,12932,California
Amador,2021-03-25,598,18668,81,4955,511,13342,6,371,387,7593,210,5732,393,13325,California
Amador,2021-03-26,740,19408,43,4998,691,14033,6,377,284,7432,454,6186,293,13618,California
Amador,2021-03-27,91,19499,14,5012,75,14108,2,379,27,7399,64,6250,31,13649,California
Amador,2021-03-28,68,19567,15,5027,51,14159,2,381,14,7363,53,6303,17,13666,California
Amador,2021-03-29,179,19746,26,5053,152,14311,1,382,81,7354,96,6399,87,13753,California
Amador,2021-03-30,527,20273,27,5080,499,14810,1,383,291,7411,235,6634,292,14045,California
Amador,2021-03-31,199,20472,56,5136,138,14948,5,388,43,7303,156,6790,48,14093,California
Amador,2021-04-01,612,21084,87,5223,525,15473,0,388,263,7221,347,7137,265,14358,California
Amador,2021-04-02,602,21686,35,5258,555,16028,12,400,383,7399,218,7355,396,14754,California
Amador,2021-04-03,82,21768,19,5277,43,16071,20,420,20,7378,62,7417,41,14795,California
Amador,2021-04-04,38,21806,3,5280,29,16100,6,426,15,7376,23,7440,21,14816,California
Amador,2021-04-05,143,21949,51,5331,74,16174,18,444,48,7349,94,7534,67,14883,California
Amador,2021-04-06,504,22453,37,5368,448,16622,19,463,224,7314,278,7812,243,15126,California
Amador,2021-04-07,100,22553,34,5402,47,16669,19,482,44,7323,54,7866,63,15189,California
Amador,2021-04-08,496,23049,83,5485,392,17061,21,503,222,7293,273,8139,243,15432,California
Amador,2021-04-09,485,23534,21,5506,445,17506,19,522,216,7258,268,8407,233,15665,California
Amador,2021-04-10,50,23584,14,5520,27,17533,9,531,22,7261,28,8435,31,15696,California
Amador,2021-04-11,48,23632,23,5543,21,17554,4,535,22,7261,26,8461,26,15722,California
Amador,2021-04-12,98,23730,26,5569,62,17616,10,545,42,7257,56,8517,52,15774,California
Amador,2021-04-13,343,24073,50,5619,293,17909,0,545,68,7051,274,8791,68,15842,California
Amador,2021-04-14,275,24348,26,5645,249,18158,0,545,175,7127,99,8890,175,16017,California
Amador,2021-04-15,329,24677,72,5717,257,18415,0,545,73,6949,251,9141,73,16090,California
Amador,2021-04-16,483,25160,29,5746,454,18869,0,545,385,7238,96,9237,385,16475,California
Amador,2021-04-17,61,25221,35,5781,26,18895,0,545,27,7231,34,9271,27,16502,California
Amador,2021-04-18,25,25246,5,5786,20,18915,0,545,11,7228,14,9285,11,16513,California
Amador,2021-04-19,69,25315,27,5813,42,18957,0,545,31,7224,37,9322,33,16546,California
Amador,2021-04-20,435,25750,54,5867,381,19338,0,545,111,7020,317,9639,113,16659,California
Amador,2021-04-21,85,25835,34,5901,51,19389,0,545,43,7022,41,9680,43,16702,California
Amador,2021-04-22,155,25990,72,5973,82,19471,1,546,68,7008,83,9763,69,16771,California
Amador,2021-04-23,355,26345,44,6017,311,19782,0,546,285,7226,69,9832,287,17058,California
Amador,2021-04-24,45,26390,23,6040,22,19804,0,546,25,7231,20,9852,25,17083,California
Amador,2021-04-25,37,26427,19,6059,18,19822,0,546,25,7244,12,9864,25,17108,California
Amador,2021-04-26,80,26507,25,6084,54,19876,1,547,39,7244,40,9904,40,17148,California
Amador,2021-04-27,481,26988,36,6120,445,20321,0,547,85,6935,394,10298,85,17233,California
Amador,2021-04-28,65,27053,28,6148,34,20355,3,550,38,6949,27,10325,41,17274,California
Amador,2021-04-29,134,27187,15,6163,14,20369,105,655,20,6959,114,10439,124,17398,California
Butte,2020-12-16,3,3,3,3,0,0,0,0,3,3,0,0,3,3,California
Butte,2020-12-17,21,24,21,24,0,0,0,0,21,24,0,0,21,24,California
Butte,2020-12-18,50,74,50,74,0,0,0,0,50,74,0,0,50,74,California
Butte,2020-12-19,7,81,7,81,0,0,0,0,7,81,0,0,7,81,California
Butte,2020-12-20,10,91,10,91,0,0,0,0,10,91,0,0,10,91,California
Butte,2020-12-21,634,725,634,725,0,0,0,0,634,725,0,0,634,725,California
Butte,2020-12-22,617,1342,615,1340,2,2,0,0,617,1342,0,0,617,1342,California
Butte,2020-12-23,869,2211,853,2193,16,18,0,0,869,2211,0,0,869,2211,California
Butte,2020-12-24,159,2370,156,2349,3,21,0,0,159,2370,0,0,159,2370,California
Butte,2020-12-26,93,2463,91,2440,2,23,0,0,93,2463,0,0,93,2463,California
Butte,2020-12-27,35,2498,34,2474,1,24,0,0,35,2498,0,0,35,2498,California
Butte,2020-12-28,279,2777,273,2747,6,30,0,0,279,2777,0,0,279,2777,California
Butte,2020-12-29,203,2980,179,2926,24,54,0,0,203,2980,0,0,203,2980,California
Butte,2020-12-30,503,3483,291,3217,212,266,0,0,503,3483,0,0,503,3483,California
Butte,2020-12-31,211,3694,18,3235,193,459,0,0,211,3694,0,0,211,3694,California
Butte,2021-01-01,8,3702,1,3236,7,466,0,0,8,3702,0,0,8,3702,California
Butte,2021-01-02,41,3743,38,3274,3,469,0,0,41,3743,0,0,41,3743,California
Butte,2021-01-03,4,3747,1,3275,3,472,0,0,4,3747,0,0,4,3747,California
Butte,2021-01-04,208,3955,175,3450,33,505,0,0,208,3955,0,0,208,3955,California
Butte,2021-01-05,196,4151,151,3601,45,550,0,0,195,4149,1,1,195,4150,California
Butte,2021-01-06,623,4774,397,3998,226,776,0,0,618,4763,5,6,619,4769,California
Butte,2021-01-07,762,5536,370,4368,392,1168,0,0,742,5485,20,26,742,5511,California
Butte,2021-01-08,586,6122,529,4897,57,1225,0,0,540,5979,46,72,540,6051,California
Butte,2021-01-09,12,6134,7,4904,5,1230,0,0,7,5981,5,77,7,6058,California
Butte,2021-01-10,19,6153,5,4909,14,1244,0,0,14,5990,5,82,14,6072,California
Butte,2021-01-11,985,7138,949,5858,36,1280,0,0,357,5722,628,710,360,6432,California
Butte,2021-01-12,697,7835,652,6510,45,1325,0,0,274,5573,423,1133,274,6706,California
Butte,2021-01-13,1449,9284,955,7465,494,1819,0,0,615,5356,834,1967,617,7323,California
Butte,2021-01-14,1637,10921,896,8361,741,2560,0,0,1440,6600,196,2163,1440,8763,California
Butte,2021-01-15,1168,12089,926,9287,242,2802,0,0,1059,7549,110,2273,1059,9822,California
Butte,2021-01-16,586,12675,300,9587,286,3088,0,0,541,8045,45,2318,541,10363,California
Butte,2021-01-17,239,12914,64,9651,175,3263,0,0,202,8210,37,2355,202,10565,California
Butte,2021-01-18,342,13256,301,9952,41,3304,0,0,275,8419,66,2421,275,10840,California
Butte,2021-01-19,493,13749,429,10381,64,3368,0,0,220,8366,273,2694,220,11060,California
Butte,2021-01-20,1346,15095,665,11046,681,4049,0,0,1043,9106,303,2997,1043,12103,California
Butte,2021-01-21,1474,16569,866,11912,608,4657,0,0,1366,10365,107,3104,1366,13469,California
Butte,2021-01-22,1013,17582,354,12266,659,5316,0,0,960,11272,53,3157,960,14429,California
Butte,2021-01-23,125,17707,83,12349,42,5358,0,0,99,11345,26,3183,99,14528,California
Butte,2021-01-24,9,17716,7,12356,2,5360,0,0,9,11354,0,3183,9,14537,California
Butte,2021-01-25,656,18372,336,12692,320,5680,0,0,493,11684,163,3346,493,15030,California
Butte,2021-01-26,1467,19839,377,13069,1090,6770,0,0,1330,12877,137,3483,1330,16360,California
Butte,2021-01-27,2081,21920,705,13774,1376,8146,0,0,1362,13521,718,4201,1362,17722,California
Butte,2021-01-28,2263,24183,262,14036,2001,10147,0,0,1952,15163,310,4511,1952,19674,California
Butte,2021-01-29,1684,25867,488,14524,1196,11343,0,0,1305,16090,378,4889,1305,20979,California
Butte,2021-01-30,32,25899,9,14533,23,11366,0,0,29,16116,3,4892,29,21008,California
Butte,2021-01-31,17,25916,15,14548,2,11368,0,0,16,16131,1,4893,16,21024,California
Butte,2021-02-01,1747,27663,406,14954,1341,12709,0,0,1359,17104,386,5279,1359,22383,California
Butte,2021-02-02,1930,29593,362,15316,1568,14277,0,0,1627,18427,304,5583,1627,24010,California
Butte,2021-02-03,2733,32326,772,16088,1961,16238,0,0,1843,19382,888,6471,1843,25853,California
Butte,2021-02-04,2959,35285,327,16415,2632,18870,0,0,2404,21233,553,7024,2404,28257,California
Butte,2021-02-05,1183,36468,663,17078,520,19390,0,0,550,21151,633,7657,551,28808,California
Butte,2021-02-06,144,36612,103,17181,41,19431,0,0,62,21131,82,7739,62,28870,California
Butte,2021-02-07,37,36649,33,17214,4,19435,0,0,13,21120,24,7763,13,28883,California
Butte,2021-02-08,689,37338,540,17754,149,19584,0,0,238,20907,451,8214,238,29121,California
Butte,2021-02-09,951,38289,457,18211,494,20078,0,0,724,21404,227,8441,724,29845,California
Butte,2021-02-10,1706,39995,1190,19401,516,20594,0,0,697,21094,1007,9448,697,30542,California
Butte,2021-02-11,2199,42194,1348,20749,851,21445,0,0,1004,20903,1195,10643,1004,31546,California
Butte,2021-02-12,887,43081,319,21068,568,22013,0,0,329,20675,557,11200,329,31875,California
Butte,2021-02-13,252,43333,44,21112,208,22221,0,0,150,20723,102,11302,150,32025,California
Butte,2021-02-14,160,43493,9,21121,151,22372,0,0,155,20873,5,11307,155,32180,California
Butte,2021-02-15,263,43756,48,21169,215,22587,0,0,198,21006,65,11372,198,32378,California
Butte,2021-02-16,728,44484,427,21596,301,22888,0,0,273,20823,456,11828,273,32651,California
Butte,2021-02-17,1513,45997,847,22443,666,23554,0,0,841,20994,670,12498,841,33492,California
Butte,2021-02-18,1555,47552,761,23204,794,24348,0,0,747,20933,808,13306,747,34239,California
Butte,2021-02-19,1166,48718,387,23591,779,25127,0,0,401,20576,758,14064,401,34640,California
Butte,2021-02-20,473,49191,28,23619,445,25572,0,0,120,20344,352,14416,120,34760,California
Butte,2021-02-21,16,49207,14,23633,2,25574,0,0,11,20350,5,14421,11,34771,California
Butte,2021-02-22,1497,50704,296,23929,1201,26775,0,0,381,19617,1114,15535,381,35152,California
Butte,2021-02-23,1633,52337,297,24226,1336,28111,0,0,463,18915,1165,16700,463,35615,California
Butte,2021-02-24,2134,54471,597,24823,1537,29648,0,0,730,18249,1396,18096,730,36345,California
Butte,2021-02-25,2073,56544,575,25398,1498,31146,0,0,651,17484,1417,19513,652,36997,California
Butte,2021-02-26,921,57465,311,25709,610,31756,0,0,398,17362,520,20033,398,37395,California
Butte,2021-02-27,234,57699,47,25756,187,31943,0,0,186,17502,46,20079,186,37581,California
Butte,2021-02-28,140,57839,16,25772,124,32067,0,0,132,17626,8,20087,132,37713,California
Butte,2021-03-01,1627,59466,178,25950,1448,33515,1,1,329,16661,1295,21382,330,38043,California
Butte,2021-03-02,1742,61208,196,26146,1546,35061,0,1,309,15541,1429,22811,309,38352,California
Butte,2021-03-03,2781,63989,846,26992,1935,36996,0,1,481,13723,2299,25110,481,38833,California
Butte,2021-03-04,3135,67124,672,27664,2463,39459,0,1,618,11825,2516,27626,618,39451,California
Butte,2021-03-05,1329,68453,604,28268,724,40183,1,2,723,11946,603,28229,724,40175,California
Butte,2021-03-06,248,68701,28,28296,197,40380,23,25,186,12094,61,28290,209,40384,California
Butte,2021-03-07,55,68756,3,28299,35,40415,17,42,30,12116,25,28315,47,40431,California
Butte,2021-03-08,1264,70020,129,28428,1058,41473,77,119,1099,13130,162,28477,1176,41607,California
Butte,2021-03-09,1896,71916,276,28704,1517,42990,103,222,1410,14159,484,28961,1513,43120,California
Butte,2021-03-10,2319,74235,965,29669,1254,44244,100,322,1580,15104,734,29695,1679,44799,California
Butte,2021-03-11,2803,77038,1312,30981,1365,45609,126,448,1979,16395,814,30509,2105,46904,California
Butte,2021-03-12,1141,78179,328,31309,466,46075,347,795,354,16315,781,31290,701,47605,California
Butte,2021-03-13,252,78431,66,31375,137,46212,49,844,64,16239,188,31478,112,47717,California
Butte,2021-03-14,160,78591,14,31389,104,46316,42,886,21,16164,138,31616,63,47780,California
Butte,2021-03-15,1719,80310,359,31748,1067,47383,293,1179,1126,16995,588,32204,1419,49199,California
Butte,2021-03-16,1629,81939,416,32164,1135,48518,78,1257,1090,17626,536,32740,1167,50366,California
Butte,2021-03-17,1952,83891,1359,33523,512,49030,81,1338,1133,18028,811,33551,1213,51579,California
Butte,2021-03-18,1797,85688,1455,34978,213,49243,129,1467,1058,18481,733,34284,1186,52765,California
Butte,2021-03-19,699,86387,313,35291,302,49545,84,1551,345,18565,345,34629,429,53194,California
Butte,2021-03-20,205,86592,32,35323,157,49702,16,1567,93,18562,112,34741,109,53303,California
Butte,2021-03-21,58,86650,27,35350,2,49704,29,1596,15,18563,43,34784,44,53347,California
Butte,2021-03-22,1461,88111,353,35703,1014,50718,94,1690,1196,19590,263,35047,1290,54637,California
Butte,2021-03-23,1799,89910,488,36191,1197,51915,114,1804,1453,20813,344,35391,1567,56204,California
Butte,2021-03-24,2247,92157,1264,37455,857,52772,126,1930,1701,22097,542,35933,1826,58030,California
Butte,2021-03-25,1482,93639,1199,38654,192,52964,91,2021,1021,22751,458,36391,1112,59142,California
Butte,2021-03-26,1214,94853,443,39097,525,53489,246,2267,572,22935,634,37025,818,59960,California
Butte,2021-03-27,299,95152,83,39180,192,53681,24,2291,131,22924,165,37190,154,60114,California
Butte,2021-03-28,225,95377,42,39222,175,53856,8,2299,100,22909,122,37312,107,60221,California
Butte,2021-03-29,1720,97097,381,39603,1269,55125,70,2369,1306,23874,411,37723,1376,61597,California
Butte,2021-03-30,1037,98134,467,40070,480,55605,90,2459,496,23925,535,38258,586,62183,California
Butte,2021-03-31,1777,99911,1305,41375,405,56010,67,2526,1088,24397,683,38941,1155,63338,California
Butte,2021-04-01,3277,103188,2660,44035,490,56500,127,2653,2210,25673,1062,40003,2338,65676,California
Butte,2021-04-02,996,104184,415,44450,461,56961,120,2773,563,25930,425,40428,682,66358,California
Butte,2021-04-03,344,104528,45,44495,224,57185,75,2848,165,25991,179,40607,240,66598,California
Butte,2021-04-04,186,104714,23,44518,140,57325,23,2871,108,26046,76,40683,131,66729,California
Butte,2021-04-05,1958,106672,419,44937,1370,58695,169,3040,601,25465,1350,42033,769,67498,California
Butte,2021-04-06,2183,108855,616,45553,1147,59842,420,3460,785,25276,1392,43425,1203,68701,California
Butte,2021-04-07,3002,111857,1312,46865,1297,61139,393,3853,691,24055,2305,45730,1084,69785,California
Butte,2021-04-08,2718,114575,1185,48050,1268,62407,265,4118,436,22477,2279,48009,701,70486,California
Butte,2021-04-09,1364,115939,346,48396,538,62945,480,4598,325,22244,1036,49045,803,71289,California
Butte,2021-04-10,216,116155,46,48442,74,63019,96,4694,95,22314,120,49165,190,71479,California
Butte,2021-04-11,103,116258,42,48484,51,63070,10,4704,79,22381,22,49187,89,71568,California
Butte,2021-04-12,1408,117666,317,48801,958,64028,133,4837,254,21614,1154,50341,387,71955,California
Butte,2021-04-13,1637,119303,571,49372,1060,65088,6,4843,348,20687,1282,51623,355,72310,California
Butte,2021-04-14,2830,122133,2341,51713,489,65577,0,4843,1316,20495,1509,53132,1317,73627,California
Butte,2021-04-15,630,122763,390,52103,240,65817,0,4843,480,20828,147,53279,480,74107,California
Butte,2021-04-16,807,123570,414,52517,393,66210,0,4843,475,20974,329,53608,475,74582,California
Butte,2021-04-17,338,123908,61,52578,277,66487,0,4843,236,21110,100,53708,236,74818,California
Butte,2021-04-18,38,123946,8,52586,30,66517,0,4843,34,21140,4,53712,34,74852,California
Butte,2021-04-19,1558,125504,381,52967,1177,67694,0,4843,449,20483,1106,54818,449,75301,California
Butte,2021-04-20,1968,127472,718,53685,1250,68944,0,4843,781,20082,1182,56000,781,76082,California
Butte,2021-04-21,2050,129522,1165,54850,885,69829,0,4843,481,19000,1563,57563,481,76563,California
Butte,2021-04-22,2182,131704,1904,56754,278,70107,0,4843,608,18038,1570,59133,608,77171,California
Butte,2021-04-23,937,132641,437,57191,500,70607,0,4843,488,18078,448,59581,488,77659,California
Butte,2021-04-24,342,132983,137,57328,205,70812,0,4843,188,18112,154,59735,188,77847,California
Butte,2021-04-25,171,133154,67,57395,104,70916,0,4843,64,18069,107,59842,64,77911,California
Butte,2021-04-26,1468,134622,408,57803,1055,71971,5,4848,410,17429,1055,60897,415,78326,California
Butte,2021-04-27,888,135510,613,58416,250,72221,25,4873,534,17638,350,61247,559,78885,California
Butte,2021-04-28,1244,136754,813,59229,407,72628,24,4897,390,17203,849,62096,414,79299,California
Butte,2021-04-29,514,137268,355,59584,146,72774,13,4910,155,17016,355,62451,168,79467,California
Calaveras,2020-12-16,5,5,5,5,0,0,0,0,5,5,0,0,5,5,California
Calaveras,2020-12-17,3,8,3,8,0,0,0,0,3,8,0,0,3,8,California
Calaveras,2020-12-18,38,46,38,46,0,0,0,0,38,46,0,0,38,46,California
Calaveras,2020-12-19,3,49,3,49,0,0,0,0,3,49,0,0,3,49,California
Calaveras,2020-12-20,3,52,3,52,0,0,0,0,3,52,0,0,3,52,California
Calaveras,2020-12-21,55,107,48,100,7,7,0,0,55,107,0,0,55,107,California
Calaveras,2020-12-22,82,189,78,178,4,11,0,0,83,190,0,0,83,190,California
Calaveras,2020-12-23,76,265,74,252,2,13,0,0,76,266,0,0,76,266,California
Calaveras,2020-12-24,2,267,2,254,0,13,0,0,2,268,0,0,2,268,California
Calaveras,2020-12-26,3,270,3,257,0,13,0,0,3,271,0,0,3,271,California
Calaveras,2020-12-28,22,292,18,275,4,17,0,0,21,291,1,1,21,292,California
Calaveras,2020-12-29,168,460,148,423,20,37,0,0,168,459,0,1,168,460,California
Calaveras,2020-12-30,94,554,82,505,12,49,0,0,94,553,0,1,94,554,California
Calaveras,2020-12-31,35,589,25,530,10,59,0,0,35,588,0,1,35,589,California
Calaveras,2021-01-02,11,600,11,541,0,59,0,0,11,599,0,1,11,600,California
Calaveras,2021-01-03,10,610,4,545,6,65,0,0,10,609,0,1,10,610,California
Calaveras,2021-01-04,33,643,5,550,28,93,0,0,33,642,0,1,33,643,California
Calaveras,2021-01-05,40,683,9,559,31,124,0,0,32,671,8,9,37,680,California
Calaveras,2021-01-06,106,789,29,588,77,201,0,0,96,757,10,19,96,776,California
Calaveras,2021-01-07,105,894,26,614,79,280,0,0,92,839,11,30,93,869,California
Calaveras,2021-01-08,68,962,38,652,30,310,0,0,45,862,23,53,46,915,California
Calaveras,2021-01-09,5,967,5,657,0,310,0,0,2,861,3,56,2,917,California
Calaveras,2021-01-10,2,969,0,657,2,312,0,0,2,863,0,56,2,919,California
Calaveras,2021-01-11,65,1034,59,716,6,318,0,0,27,855,37,93,29,948,California
Calaveras,2021-01-12,85,1119,52,768,33,351,0,0,52,875,33,126,53,1001,California
Calaveras,2021-01-13,109,1228,44,812,65,416,0,0,75,917,34,160,76,1077,California
Calaveras,2021-01-14,137,1365,41,853,96,512,0,0,104,990,32,192,105,1182,California
Calaveras,2021-01-15,91,1456,29,882,62,574,0,0,71,1041,20,212,71,1253,California
Calaveras,2021-01-16,13,1469,2,884,11,585,0,0,12,1052,1,213,12,1265,California
Calaveras,2021-01-17,9,1478,1,885,8,593,0,0,9,1061,0,213,9,1274,California
Calaveras,2021-01-18,131,1609,19,904,112,705,0,0,118,1169,13,226,121,1395,California
Calaveras,2021-01-19,204,1813,174,1078,30,735,0,0,62,1091,141,367,63,1458,California
Calaveras,2021-01-20,375,2188,81,1159,294,1029,0,0,291,1307,83,450,299,1757,California
Calaveras,2021-01-21,461,2649,40,1199,421,1450,0,0,434,1720,27,477,440,2197,California
Calaveras,2021-01-22,401,3050,23,1222,378,1828,0,0,391,2108,10,487,398,2595,California
Calaveras,2021-01-23,22,3072,10,1232,12,1840,0,0,18,2122,4,491,18,2613,California
Calaveras,2021-01-24,13,3085,8,1240,5,1845,0,0,11,2131,2,493,11,2624,California
Calaveras,2021-01-25,85,3170,8,1248,77,1922,0,0,80,2206,5,498,80,2704,California
Calaveras,2021-01-26,47,3217,15,1263,32,1954,0,0,39,2237,8,506,39,2743,California
Calaveras,2021-01-27,133,3350,43,1306,90,2044,0,0,106,2317,26,532,106,2849,California
Calaveras,2021-01-28,163,3513,23,1329,140,2184,0,0,140,2437,23,555,143,2992,California
Calaveras,2021-01-29,386,3899,13,1342,373,2557,0,0,362,2783,24,579,370,3362,California
Calaveras,2021-01-30,27,3926,10,1352,17,2574,0,0,25,2808,0,579,25,3387,California
Calaveras,2021-01-31,5,3931,3,1355,2,2576,0,0,4,2811,1,580,4,3391,California
Calaveras,2021-02-01,24,3955,11,1366,13,2589,0,0,18,2823,6,586,18,3409,California
Calaveras,2021-02-02,108,4063,22,1388,86,2675,0,0,70,2860,34,620,71,3480,California
Calaveras,2021-02-03,429,4492,42,1430,387,3062,0,0,346,3125,82,702,347,3827,California
Calaveras,2021-02-04,379,4871,24,1454,355,3417,0,0,297,3340,82,784,297,4124,California
Calaveras,2021-02-05,78,4949,22,1476,56,3473,0,0,40,3343,38,822,41,4165,California
Calaveras,2021-02-06,21,4970,12,1488,9,3482,0,0,21,3364,0,822,21,4186,California
Calaveras,2021-02-07,4,4974,1,1489,3,3485,0,0,2,3364,2,824,2,4188,California
Calaveras,2021-02-08,38,5012,17,1506,21,3506,0,0,30,3388,6,830,30,4218,California
Calaveras,2021-02-09,190,5202,74,1580,116,3622,0,0,129,3462,55,885,129,4347,California
Calaveras,2021-02-10,512,5714,29,1609,483,4105,0,0,444,3839,68,953,445,4792,California
Calaveras,2021-02-11,582,6296,81,1690,501,4606,0,0,474,4209,105,1058,475,5267,California
Calaveras,2021-02-12,569,6865,325,2015,244,4850,0,0,494,4631,73,1131,495,5762,California
Calaveras,2021-02-13,194,7059,37,2052,157,5007,0,0,179,4795,15,1146,179,5941,California
Calaveras,2021-02-14,220,7279,71,2123,149,5156,0,0,206,4987,14,1160,206,6147,California
Calaveras,2021-02-15,383,7662,22,2145,361,5517,0,0,263,5133,117,1277,263,6410,California
Calaveras,2021-02-16,267,7929,143,2288,124,5641,0,0,231,5328,36,1313,231,6641,California
Calaveras,2021-02-17,508,8437,37,2325,471,6112,0,0,211,5250,290,1603,212,6853,California
Calaveras,2021-02-18,498,8935,91,2416,407,6519,0,0,99,4960,389,1992,99,6952,California
Calaveras,2021-02-19,439,9374,43,2459,396,6915,0,0,98,4727,331,2323,98,7050,California
Calaveras,2021-02-20,59,9433,15,2474,44,6959,0,0,48,4764,11,2334,48,7098,California
Calaveras,2021-02-21,22,9455,13,2487,9,6968,0,0,19,4780,3,2337,19,7117,California
Calaveras,2021-02-22,62,9517,38,2525,24,6992,0,0,33,4784,29,2366,33,7150,California
Calaveras,2021-02-23,125,9642,40,2565,85,7077,0,0,89,4838,36,2402,90,7240,California
Calaveras,2021-02-24,96,9738,47,2612,49,7126,0,0,66,4875,29,2431,66,7306,California
Calaveras,2021-02-25,548,10286,98,2710,450,7576,0,0,358,5046,187,2618,358,7664,California
Calaveras,2021-02-26,704,10990,46,2756,658,8234,0,0,368,5095,321,2939,370,8034,California
Calaveras,2021-02-27,202,11192,21,2777,181,8415,0,0,179,5251,23,2962,179,8213,California
Calaveras,2021-02-28,98,11290,15,2792,83,8498,0,0,93,5340,4,2966,93,8306,California
Calaveras,2021-03-01,226,11516,40,2832,186,8684,0,0,146,5408,79,3045,147,8453,California
Calaveras,2021-03-02,243,11759,91,2923,152,8836,0,0,201,5570,40,3085,202,8655,California
Calaveras,2021-03-03,510,12269,103,3026,407,9243,0,0,213,5490,293,3378,213,8868,California
Calaveras,2021-03-04,738,13007,64,3090,673,9916,1,1,349,5458,383,3761,351,9219,California
Calaveras,2021-03-05,456,13463,271,3361,181,10097,4,5,141,5291,312,4073,145,9364,California
Calaveras,2021-03-06,155,13618,42,3403,107,10204,6,11,122,5386,33,4106,128,9492,California
Calaveras,2021-03-07,75,13693,32,3435,36,10240,7,18,34,5386,41,4147,41,9533,California
Calaveras,2021-03-08,161,13854,26,3461,127,10367,8,26,127,5488,33,4180,135,9668,California
Calaveras,2021-03-09,360,14214,136,3597,218,10585,6,32,32,5201,325,4505,38,9706,California
Calaveras,2021-03-10,415,14629,27,3624,385,10970,3,35,57,4905,356,4861,60,9766,California
Calaveras,2021-03-11,844,15473,417,4041,414,11384,13,48,428,4932,414,5275,441,10207,California
Calaveras,2021-03-12,397,15870,210,4251,177,11561,10,58,326,5202,71,5346,341,10548,California
Calaveras,2021-03-13,178,16048,16,4267,154,11715,8,66,144,5323,33,5379,154,10702,California
Calaveras,2021-03-14,155,16203,10,4277,144,11859,1,67,17,5210,138,5517,25,10727,California
Calaveras,2021-03-15,331,16534,47,4324,258,12117,26,93,52,5014,278,5795,82,10809,California
Calaveras,2021-03-16,685,17219,550,4874,115,12232,20,113,545,5441,138,5933,565,11374,California
Calaveras,2021-03-17,279,17498,52,4926,213,12445,14,127,51,5281,226,6159,66,11440,California
Calaveras,2021-03-18,665,18163,570,5496,80,12525,15,142,550,5733,115,6274,567,12007,California
Calaveras,2021-03-19,230,18393,49,5545,107,12632,74,216,55,5690,171,6445,128,12135,California
Calaveras,2021-03-20,79,18472,20,5565,58,12690,1,217,23,5659,56,6501,25,12160,California
Calaveras,2021-03-21,48,18520,31,5596,6,12696,11,228,13,5648,35,6536,24,12184,California
Calaveras,2021-03-22,79,18599,36,5632,22,12718,21,249,25,5640,54,6590,46,12230,California
Calaveras,2021-03-23,292,18891,204,5836,78,12796,10,259,114,5594,170,6760,124,12354,California
Calaveras,2021-03-24,131,19022,49,5885,72,12868,10,269,42,5558,88,6848,52,12406,California
Calaveras,2021-03-25,738,19760,100,5985,635,13503,3,272,446,5718,289,7137,449,12855,California
Calaveras,2021-03-26,426,20186,28,6013,392,13895,6,278,89,5481,334,7471,97,12952,California
Calaveras,2021-03-27,212,20398,19,6032,189,14084,4,282,38,5354,171,7642,44,12996,California
Calaveras,2021-03-28,112,20510,12,6044,98,14182,2,284,8,5262,103,7745,11,13007,California
Calaveras,2021-03-29,175,20685,21,6065,151,14333,3,287,56,5205,117,7862,60,13067,California
Calaveras,2021-03-30,529,21214,21,6086,491,14824,17,304,354,5402,174,8036,371,13438,California
Calaveras,2021-03-31,321,21535,139,6225,172,14996,10,314,155,5402,166,8202,166,13604,California
Calaveras,2021-04-01,681,22216,439,6664,241,15237,1,315,186,5098,494,8696,190,13794,California
Calaveras,2021-04-02,392,22608,229,6893,155,15392,8,323,117,4951,273,8969,126,13920,California
Calaveras,2021-04-03,144,22752,32,6925,108,15500,4,327,40,4891,104,9073,44,13964,California
Calaveras,2021-04-04,78,22830,25,6950,53,15553,0,327,50,4913,28,9101,50,14014,California
Calaveras,2021-04-05,206,23036,77,7027,120,15673,9,336,97,4911,109,9210,107,14121,California
Calaveras,2021-04-06,646,23682,573,7600,60,15733,13,349,107,4495,536,9746,120,14241,California
Calaveras,2021-04-07,752,24434,654,8254,62,15795,36,385,615,5010,137,9883,652,14893,California
Calaveras,2021-04-08,941,25375,852,9106,68,15863,21,406,432,4958,507,10390,455,15348,California
Calaveras,2021-04-09,150,25525,57,9163,46,15909,47,453,55,4967,94,10484,103,15451,California
Calaveras,2021-04-10,187,25712,41,9204,128,16037,18,471,146,5091,41,10525,165,15616,California
Calaveras,2021-04-11,67,25779,43,9247,22,16059,2,473,46,5118,21,10546,48,15664,California
Calaveras,2021-04-12,104,25883,47,9294,38,16097,19,492,55,5144,49,10595,75,15739,California
Calaveras,2021-04-13,422,26305,367,9661,55,16152,0,492,364,5454,56,10651,366,16105,California
Calaveras,2021-04-14,178,26483,27,9688,151,16303,0,492,134,5545,44,10695,135,16240,California
Calaveras,2021-04-15,336,26819,287,9975,49,16352,0,492,253,5718,80,10775,253,16493,California
Calaveras,2021-04-16,98,26917,24,9999,74,16426,0,492,46,5716,48,10823,46,16539,California
Calaveras,2021-04-17,330,27247,128,10127,202,16628,0,492,288,5963,41,10864,288,16827,California
Calaveras,2021-04-18,18,27265,5,10132,13,16641,0,492,11,5967,7,10871,11,16838,California
Calaveras,2021-04-19,66,27331,24,10156,42,16683,0,492,40,5983,25,10896,41,16879,California
Calaveras,2021-04-20,258,27589,92,10248,166,16849,0,492,193,6113,63,10959,193,17072,California
Calaveras,2021-04-21,211,27800,143,10391,68,16917,0,492,86,6077,123,11082,87,17159,California
Calaveras,2021-04-22,539,28339,93,10484,446,17363,0,492,144,5830,394,11476,147,17306,California
Calaveras,2021-04-23,157,28496,80,10564,77,17440,0,492,64,5803,91,11567,64,17370,California
Calaveras,2021-04-24,169,28665,36,10600,133,17573,0,492,126,5888,42,11609,127,17497,California
Calaveras,2021-04-25,43,28708,28,10628,15,17588,0,492,22,5891,21,11630,24,17521,California
Calaveras,2021-04-26,94,28802,60,10688,34,17622,0,492,29,5856,65,11695,30,17551,California
Calaveras,2021-04-27,419,29221,56,10744,349,17971,14,506,62,5577,355,12050,76,17627,California
Calaveras,2021-04-28,532,29753,468,11212,36,18007,28,534,41,5165,491,12541,79,17706,California
Calaveras,2021-04-29,367,30120,338,11550,12,18019,17,551,10,4838,356,12897,29,17735,California
Colusa,2020-12-18,1,1,1,1,0,0,0,0,1,1,0,0,1,1,California
Colusa,2020-12-21,2,3,2,3,0,0,0,0,2,3,0,0,2,3,California
Colusa,2020-12-22,10,13,10,13,0,0,0,0,10,13,0,0,10,13,California
Colusa,2020-12-23,10,23,10,23,0,0,0,0,10,23,0,0,10,23,California
Colusa,2020-12-24,2,25,1,24,1,1,0,0,2,25,0,0,2,25,California
Colusa,2020-12-27,1,26,1,25,0,1,0,0,1,26,0,0,1,26,California
Colusa,2020-12-28,7,33,3,28,4,5,0,0,7,33,0,0,7,33,California
Colusa,2020-12-29,11,44,8,36,3,8,0,0,11,44,0,0,11,44,California
Colusa,2020-12-30,50,94,13,49,37,45,0,0,50,94,0,0,50,94,California
Colusa,2020-12-31,18,112,1,50,17,62,0,0,18,112,0,0,18,112,California
Colusa,2021-01-04,4,116,0,50,4,66,0,0,4,116,0,0,4,116,California
Colusa,2021-01-05,67,183,1,51,66,132,0,0,67,183,0,0,67,183,California
Colusa,2021-01-06,15,198,9,60,6,138,0,0,15,198,0,0,15,198,California
Colusa,2021-01-07,38,236,4,64,34,172,0,0,37,234,1,1,37,235,California
Colusa,2021-01-08,9,245,7,71,2,174,0,0,8,241,1,2,8,243,California
Colusa,2021-01-09,2,247,1,72,1,175,0,0,2,243,0,2,2,245,California
Colusa,2021-01-10,1,248,0,72,1,176,0,0,1,244,0,2,1,246,California
Colusa,2021-01-11,12,260,6,78,6,182,0,0,7,246,5,7,7,253,California
Colusa,2021-01-12,11,271,9,87,2,184,0,0,6,247,5,12,6,259,California
Colusa,2021-01-13,21,292,13,100,8,192,0,0,13,252,8,20,13,272,California
Colusa,2021-01-14,35,327,28,128,7,199,0,0,33,283,2,22,33,305,California
Colusa,2021-01-15,41,368,5,133,36,235,0,0,39,320,2,24,39,344,California
Colusa,2021-01-16,12,380,1,134,11,246,0,0,11,330,1,25,11,355,California
Colusa,2021-01-17,3,383,2,136,1,247,0,0,2,331,1,26,2,357,California
Colusa,2021-01-18,4,387,0,136,4,251,0,0,4,335,0,26,4,361,California
Colusa,2021-01-19,9,396,8,144,1,252,0,0,5,336,4,30,5,366,California
Colusa,2021-01-20,115,511,101,245,14,266,0,0,102,425,13,43,102,468,California
Colusa,2021-01-21,56,567,41,286,15,281,0,0,55,479,1,44,55,523,California
Colusa,2021-01-22,40,607,17,303,23,304,0,0,35,509,5,49,35,558,California
Colusa,2021-01-23,35,642,6,309,29,333,0,0,35,544,0,49,35,593,California
Colusa,2021-01-25,7,649,0,309,7,340,0,0,7,551,0,49,7,600,California
Colusa,2021-01-26,8,657,5,314,3,343,0,0,5,553,3,52,5,605,California
Colusa,2021-01-27,109,766,31,345,78,421,0,0,107,658,2,54,107,712,California
Colusa,2021-01-28,79,845,46,391,33,454,0,0,72,723,7,61,72,784,California
Colusa,2021-01-29,41,886,7,398,34,488,0,0,40,762,1,62,40,824,California
Colusa,2021-01-30,27,913,4,402,23,511,0,0,27,789,0,62,27,851,California
Colusa,2021-01-31,7,920,7,409,0,511,0,0,7,796,0,62,7,858,California
Colusa,2021-02-01,27,947,10,419,17,528,0,0,22,813,5,67,22,880,California
Colusa,2021-02-02,42,989,8,427,34,562,0,0,36,843,6,73,36,916,California
Colusa,2021-02-03,69,1058,10,437,59,621,0,0,59,892,10,83,59,975,California
Colusa,2021-02-04,143,1201,81,518,62,683,0,0,115,979,28,111,115,1090,California
Colusa,2021-02-05,32,1233,8,526,24,707,0,0,29,1005,3,114,29,1119,California
Colusa,2021-02-06,284,1517,8,534,276,983,0,0,273,1267,11,125,273,1392,California
Colusa,2021-02-07,2,1519,1,535,1,984,0,0,0,1265,2,127,0,1392,California
Colusa,2021-02-08,40,1559,5,540,35,1019,0,0,37,1299,3,130,37,1429,California
Colusa,2021-02-09,231,1790,14,554,217,1236,0,0,176,1420,55,185,176,1605,California
Colusa,2021-02-10,116,1906,41,595,75,1311,0,0,73,1450,43,228,73,1678,California
Colusa,2021-02-11,97,2003,36,631,61,1372,0,0,72,1497,25,253,72,1750,California
Colusa,2021-02-12,117,2120,9,640,108,1480,0,0,79,1537,39,292,79,1829,California
Colusa,2021-02-13,60,2180,8,648,52,1532,0,0,52,1581,8,300,52,1881,California
Colusa,2021-02-14,20,2200,8,656,12,1544,0,0,14,1589,6,306,14,1895,California
Colusa,2021-02-15,45,2245,10,666,35,1579,0,0,38,1620,7,313,38,1933,California
Colusa,2021-02-16,67,2312,4,670,63,1642,0,0,66,1685,1,314,66,1999,California
Colusa,2021-02-17,206,2518,143,813,63,1705,0,0,60,1599,146,460,60,2059,California
Colusa,2021-02-18,135,2653,35,848,100,1805,0,0,112,1688,23,483,112,2171,California
Colusa,2021-02-19,155,2808,19,867,136,1941,0,0,129,1791,26,509,129,2300,California
Colusa,2021-02-20,28,2836,6,873,22,1963,0,0,12,1787,16,525,12,2312,California
Colusa,2021-02-21,1,2837,1,874,0,1963,0,0,0,1786,1,526,0,2312,California
Colusa,2021-02-22,43,2880,26,900,17,1980,0,0,29,1801,14,540,29,2341,California
Colusa,2021-02-23,22,2902,6,906,16,1996,0,0,18,1815,4,544,18,2359,California
Colusa,2021-02-24,300,3202,54,960,246,2242,0,0,158,1831,142,686,158,2517,California
Colusa,2021-02-25,102,3304,55,1015,47,2289,0,0,66,1861,36,722,66,2583,California
Colusa,2021-02-26,98,3402,13,1028,85,2374,0,0,59,1881,39,761,59,2642,California
Colusa,2021-02-27,55,3457,4,1032,51,2425,0,0,40,1906,15,776,40,2682,California
Colusa,2021-02-28,26,3483,14,1046,12,2437,0,0,18,1916,8,784,18,2700,California
Colusa,2021-03-01,46,3529,15,1061,31,2468,0,0,29,1928,17,801,29,2729,California
Colusa,2021-03-02,49,3578,13,1074,36,2504,0,0,26,1931,23,824,26,2755,California
Colusa,2021-03-03,242,3820,43,1117,199,2703,0,0,185,2059,57,881,185,2940,California
Colusa,2021-03-04,138,3958,58,1175,80,2783,0,0,80,2081,58,939,80,3020,California
Colusa,2021-03-05,98,4056,25,1200,64,2847,9,9,53,2098,45,984,62,3082,California
Colusa,2021-03-06,274,4330,9,1209,265,3112,0,9,37,1898,237,1221,37,3119,California
Colusa,2021-03-07,8,4338,5,1214,3,3115,0,9,6,1902,2,1223,6,3125,California
Colusa,2021-03-08,88,4426,20,1234,33,3148,35,44,44,1937,44,1267,79,3204,California
Colusa,2021-03-09,272,4698,70,1304,179,3327,23,67,83,1854,189,1456,106,3310,California
Colusa,2021-03-10,287,4985,35,1339,216,3543,36,103,201,2005,86,1542,237,3547,California
Colusa,2021-03-11,419,5404,59,1398,339,3882,21,124,338,2281,81,1623,357,3904,California
Colusa,2021-03-12,109,5513,18,1416,78,3960,13,137,19,2223,90,1713,32,3936,California
Colusa,2021-03-13,61,5574,16,1432,36,3996,9,146,18,2207,43,1756,27,3963,California
Colusa,2021-03-14,20,5594,0,1432,18,4014,2,148,6,2202,13,1769,8,3971,California
Colusa,2021-03-15,69,5663,26,1458,35,4049,8,156,14,2169,55,1824,22,3993,California
Colusa,2021-03-16,295,5958,15,1473,234,4283,46,202,188,2296,107,1931,234,4227,California
Colusa,2021-03-17,195,6153,49,1522,146,4429,0,202,111,2323,84,2015,111,4338,California
Colusa,2021-03-18,319,6472,33,1555,216,4645,70,272,197,2468,122,2137,267,4605,California
Colusa,2021-03-19,78,6550,20,1575,56,4701,2,274,54,2500,24,2161,56,4661,California
Colusa,2021-03-20,49,6599,7,1582,41,4742,1,275,36,2524,13,2174,37,4698,California
Colusa,2021-03-21,6,6605,4,1586,2,4744,0,275,4,2526,2,2176,4,4702,California
Colusa,2021-03-22,62,6667,10,1596,43,4787,9,284,40,2553,22,2198,49,4751,California
Colusa,2021-03-23,81,6748,16,1612,63,4850,2,286,54,2582,27,2225,56,4807,California
Colusa,2021-03-24,337,7085,57,1669,274,5124,6,292,69,2388,268,2493,74,4881,California
Colusa,2021-03-25,109,7194,60,1729,44,5168,5,297,52,2388,57,2550,57,4938,California
Colusa,2021-03-26,298,7492,47,1776,247,5415,4,301,245,2584,53,2603,249,5187,California
Colusa,2021-03-27,63,7555,5,1781,58,5473,0,301,25,2571,38,2641,25,5212,California
Colusa,2021-03-28,15,7570,6,1787,9,5482,0,301,7,2570,8,2649,7,5219,California
Colusa,2021-03-29,69,7639,19,1806,44,5526,6,307,30,2567,39,2688,36,5255,California
Colusa,2021-03-30,147,7786,78,1884,67,5593,2,309,75,2572,72,2760,77,5332,California
Colusa,2021-03-31,234,8020,42,1926,192,5785,0,309,74,2488,158,2918,74,5406,California
Colusa,2021-04-01,422,8442,67,1993,300,6085,55,364,298,2718,123,3041,353,5759,California
Colusa,2021-04-02,81,8523,12,2005,55,6140,14,378,37,2725,44,3085,51,5810,California
Colusa,2021-04-03,62,8585,10,2015,29,6169,23,401,14,2714,48,3133,37,5847,California
Colusa,2021-04-04,18,8603,0,2015,8,6177,10,411,3,2712,15,3148,13,5860,California
Colusa,2021-04-05,95,8698,25,2040,55,6232,15,426,39,2710,56,3204,54,5914,California
Colusa,2021-04-06,128,8826,33,2073,45,6277,50,476,43,2718,85,3289,93,6007,California
Colusa,2021-04-07,357,9183,40,2113,294,6571,23,499,133,2651,224,3513,157,6164,California
Colusa,2021-04-08,426,9609,33,2146,366,6937,27,526,121,2497,302,3815,148,6312,California
Colusa,2021-04-09,76,9685,21,2167,32,6969,23,549,28,2500,48,3863,51,6363,California
Colusa,2021-04-10,45,9730,9,2176,16,6985,20,569,13,2501,32,3895,33,6396,California
Colusa,2021-04-11,15,9745,2,2178,11,6996,2,571,7,2502,8,3903,9,6405,California
Colusa,2021-04-12,31,9776,3,2181,28,7024,0,571,24,2519,7,3910,24,6429,California
Colusa,2021-04-13,278,10054,23,2204,255,7279,0,571,94,2430,183,4093,94,6523,California
Colusa,2021-04-14,94,10148,19,2223,75,7354,0,571,33,2402,61,4154,33,6556,California
Colusa,2021-04-15,317,10465,42,2265,275,7629,0,571,129,2343,188,4342,129,6685,California
Colusa,2021-04-16,80,10545,11,2276,69,7698,0,571,36,2336,43,4385,36,6721,California
Colusa,2021-04-17,53,10598,7,2283,46,7744,0,571,31,2345,22,4407,31,6752,California
Colusa,2021-04-18,9,10607,2,2285,7,7751,0,571,7,2350,2,4409,7,6759,California
Colusa,2021-04-19,61,10668,22,2307,39,7790,0,571,17,2323,44,4453,17,6776,California
Colusa,2021-04-20,176,10844,32,2339,144,7934,0,571,128,2403,48,4501,128,6904,California
Colusa,2021-04-21,170,11014,59,2398,111,8045,0,571,110,2453,60,4561,110,7014,California
Colusa,2021-04-22,416,11430,25,2423,390,8435,1,572,213,2464,202,4763,213,7227,California
Colusa,2021-04-23,90,11520,17,2440,73,8508,0,572,36,2446,54,4817,36,7263,California
Colusa,2021-04-24,237,11757,19,2459,217,8725,1,573,204,2618,33,4850,205,7468,California
Colusa,2021-04-25,11,11768,5,2464,6,8731,0,573,8,2623,3,4853,8,7476,California
Colusa,2021-04-26,22,11790,4,2468,17,8748,1,574,7,2616,14,4867,7,7483,California
Colusa,2021-04-27,92,11882,21,2489,67,8815,4,578,43,2614,49,4916,47,7530,California
Colusa,2021-04-28,155,12037,26,2515,126,8941,3,581,108,2679,46,4962,111,7641,California
Colusa,2021-04-29,74,12111,6,2521,64,9005,4,585,23,2656,50,5012,27,7668,California
Contra Costa,2020-12-15,18,18,18,18,0,0,0,0,18,18,0,0,18,18,California
Contra Costa,2020-12-16,522,540,522,540,0,0,0,0,522,540,0,0,522,540,California
Contra Costa,2020-12-17,908,1448,908,1448,0,0,0,0,908,1448,0,0,908,1448,California
Contra Costa,2020-12-18,1590,3038,1589,3037,1,1,0,0,1590,3038,0,0,1590,3038,California
Contra Costa,2020-12-19,1101,4139,1100,4137,1,2,0,0,1101,4139,0,0,1101,4139,California
Contra Costa,2020-12-20,584,4723,583,4720,1,3,0,0,584,4723,0,0,584,4723,California
Contra Costa,2020-12-21,1652,6375,1650,6370,2,5,0,0,1652,6375,0,0,1652,6375,California
Contra Costa,2020-12-22,1664,8039,1560,7930,104,109,0,0,1664,8039,0,0,1664,8039,California
Contra Costa,2020-12-23,1587,9626,1339,9269,248,357,0,0,1587,9626,0,0,1587,9626,California
Contra Costa,2020-12-24,654,10280,336,9605,318,675,0,0,654,10280,0,0,654,10280,California
Contra Costa,2020-12-25,39,10319,17,9622,22,697,0,0,39,10319,0,0,39,10319,California
Contra Costa,2020-12-26,641,10960,131,9753,510,1207,0,0,641,10960,0,0,641,10960,California
Contra Costa,2020-12-27,240,11200,87,9840,153,1360,0,0,240,11200,0,0,240,11200,California
Contra Costa,2020-12-28,1829,13029,860,10700,969,2329,0,0,1829,13029,0,0,1829,13029,California
Contra Costa,2020-12-29,1828,14857,824,11524,1004,3333,0,0,1828,14857,0,0,1828,14857,California
Contra Costa,2020-12-30,2393,17250,1216,12740,1177,4510,0,0,2392,17249,0,0,2392,17249,California
Contra Costa,2020-12-31,914,18164,308,13048,606,5116,0,0,913,18162,0,0,913,18162,California
Contra Costa,2021-01-01,60,18224,23,13071,37,5153,0,0,60,18222,0,0,60,18222,California
Contra Costa,2021-01-02,334,18558,173,13244,161,5314,0,0,334,18556,0,0,334,18556,California
Contra Costa,2021-01-03,175,18733,117,13361,58,5372,0,0,174,18730,0,0,174,18730,California
Contra Costa,2021-01-04,1906,20639,1253,14614,653,6025,0,0,1885,20596,19,19,1885,20615,California
Contra Costa,2021-01-05,2100,22739,1258,15872,842,6867,0,0,1841,22180,258,277,1842,22457,California
Contra Costa,2021-01-06,3275,26014,2242,18114,1033,7900,0,0,2514,23942,755,1032,2517,24974,California
Contra Costa,2021-01-07,3091,29105,2058,20172,1033,8933,0,0,1881,24616,1207,2239,1881,26855,California
Contra Costa,2021-01-08,3382,32487,2390,22562,992,9925,0,0,1821,24884,1556,3795,1824,28679,California
Contra Costa,2021-01-09,1584,34071,1132,23694,452,10377,0,0,748,24799,835,4630,750,29429,California
Contra Costa,2021-01-10,360,34431,286,23980,74,10451,0,0,151,24741,209,4839,151,29580,California
Contra Costa,2021-01-11,3836,38267,3144,27124,692,11143,0,0,2232,25372,1604,6443,2235,31815,California
Contra Costa,2021-01-12,3903,42170,2927,30051,976,12119,0,0,2579,26629,1324,7767,2581,34396,California
Contra Costa,2021-01-13,4676,46846,2887,32938,1789,13908,0,0,3738,29434,934,8701,3739,38135,California
Contra Costa,2021-01-14,4305,51151,1553,34491,2752,16660,0,0,3923,32975,382,9083,3923,42058,California
Contra Costa,2021-01-15,5335,56486,2459,36950,2876,19536,0,0,5012,37669,322,9405,5016,47074,California
Contra Costa,2021-01-16,1718,58204,552,37502,1166,20702,0,0,1643,39237,75,9480,1643,48717,California
Contra Costa,2021-01-17,1634,59838,974,38476,660,21362,0,0,1511,40628,123,9603,1514,50231,California
Contra Costa,2021-01-18,3197,63035,1255,39731,1942,23304,0,0,2574,42586,617,10220,2575,52806,California
Contra Costa,2021-01-19,7066,70101,3160,42891,3906,27210,0,0,6061,47650,1002,11222,6066,58872,California
Contra Costa,2021-01-20,6614,76715,4056,46947,2558,29768,0,0,5381,51807,1229,12451,5386,64258,California
Contra Costa,2021-01-21,6960,83675,3101,50048,3859,33627,0,0,6236,57332,719,13170,6244,70502,California
Contra Costa,2021-01-22,6362,90037,2700,52748,3662,37289,0,0,5505,61992,848,14018,5508,76010,California
Contra Costa,2021-01-23,2023,92060,358,53106,1665,38954,0,0,1765,63503,256,14274,1767,77777,California
Contra Costa,2021-01-24,1581,93641,219,53325,1362,40316,0,0,1436,64798,145,14419,1440,79217,California
Contra Costa,2021-01-25,6650,100291,3018,56343,3632,43948,0,0,5087,68327,1561,15980,5090,84307,California
Contra Costa,2021-01-26,8080,108371,4679,61022,3401,47349,0,0,6241,72741,1831,17811,6245,90552,California
Contra Costa,2021-01-27,8238,116609,5499,66521,2739,50088,0,0,6341,77270,1816,19627,6345,96897,California
Contra Costa,2021-01-28,7439,124048,4081,70602,3358,53446,0,0,5837,81515,1596,21223,5841,102738,California
Contra Costa,2021-01-29,7440,131488,3890,74492,3550,56996,0,0,6130,86341,1306,22529,6132,108870,California
Contra Costa,2021-01-30,2081,133569,596,75088,1485,58481,0,0,1715,87697,359,22888,1715,110585,California
Contra Costa,2021-01-31,699,134268,480,75568,219,58700,0,0,573,88147,123,23011,573,111158,California
Contra Costa,2021-02-01,5521,139789,3761,79329,1760,60460,0,0,3890,90414,1626,24637,3893,115051,California
Contra Costa,2021-02-02,7752,147541,5269,84598,2483,62943,0,0,5902,94469,1848,26485,5903,120954,California
Contra Costa,2021-02-03,8265,155806,5456,90054,2809,65752,0,0,5629,97474,2625,29110,5630,126584,California
Contra Costa,2021-02-04,7439,163245,3534,93588,3905,69657,0,0,5717,101475,1718,30828,5719,132303,California
Contra Costa,2021-02-05,8422,171667,4818,98406,3604,73261,0,0,5714,104488,2701,33529,5714,138017,California
Contra Costa,2021-02-06,3469,175136,2154,100560,1315,74576,0,0,2817,106655,651,34180,2818,140835,California
Contra Costa,2021-02-07,981,176117,710,101270,271,74847,0,0,605,106885,375,34555,605,141440,California
Contra Costa,2021-02-08,5806,181923,3438,104708,2368,77215,0,0,4329,109743,1472,36027,4330,145770,California
Contra Costa,2021-02-09,8646,190569,4764,109472,3882,81097,0,0,5761,112625,2880,38907,5762,151532,California
Contra Costa,2021-02-10,8628,199197,4647,114119,3981,85078,0,0,5401,114818,3212,42119,5405,156937,California
Contra Costa,2021-02-11,9305,208502,4212,118331,5093,90171,0,0,5269,116062,4030,46149,5274,162211,California
Contra Costa,2021-02-12,10066,218568,4608,122939,5458,95629,0,0,5456,116918,4603,50752,5459,167670,California
Contra Costa,2021-02-13,4877,223445,1365,124304,3512,99141,0,0,3406,118857,1468,52220,3407,171077,California
Contra Costa,2021-02-14,2086,225531,864,125168,1222,100363,0,0,1224,119221,860,53080,1224,172301,California
Contra Costa,2021-02-15,4445,229976,2463,127631,1982,102345,0,0,2348,119480,2090,55170,2349,174650,California
Contra Costa,2021-02-16,10411,240387,4905,132536,5506,107851,0,0,4636,118352,5768,60938,4640,179290,California
Contra Costa,2021-02-17,12272,252659,6127,138663,6145,113996,0,0,5624,117344,6633,67571,5625,184915,California
Contra Costa,2021-02-18,11458,264117,5957,144620,5501,119497,0,0,5319,116537,6128,73699,5321,190236,California
Contra Costa,2021-02-19,11399,275516,7104,151724,4295,123792,0,0,5172,115498,6212,79911,5173,195409,California
Contra Costa,2021-02-20,6440,281956,2888,154612,3552,127344,0,0,4565,118206,1859,81770,4567,199976,California
Contra Costa,2021-02-21,1800,283756,1254,155866,546,127890,0,0,1087,118581,712,82482,1087,201063,California
Contra Costa,2021-02-22,7531,291287,5098,160964,2433,130323,0,0,3462,117988,4057,86539,3464,204527,California
Contra Costa,2021-02-23,11893,303180,7247,168211,4646,134969,0,0,5919,117951,5960,92499,5923,210450,California
Contra Costa,2021-02-24,10469,313649,7673,175884,2796,137765,0,0,5045,117590,5408,97907,5047,215497,California
Contra Costa,2021-02-25,11455,325104,7204,183088,4251,142016,0,0,5199,116557,6236,104143,5203,220700,California
Contra Costa,2021-02-26,10691,335795,6741,189829,3950,145966,0,0,5300,116482,5376,109519,5301,226001,California
Contra Costa,2021-02-27,6616,342411,4205,194034,2411,148377,0,0,4106,118085,2504,112023,4107,230108,California
Contra Costa,2021-02-28,3787,346198,3118,197152,669,149046,0,0,3190,120682,594,112617,3191,233299,California
Contra Costa,2021-03-01,8086,354284,6075,203227,2008,151054,3,3,4965,122546,3106,115723,4970,238269,California
Contra Costa,2021-03-02,10135,364419,6314,209541,3820,154874,1,4,5251,122930,4868,120591,5252,243521,California
Contra Costa,2021-03-03,11144,375563,6969,216510,4174,159048,1,5,6235,124272,4895,125486,6237,249758,California
Contra Costa,2021-03-04,11861,387424,7080,223590,4781,163829,0,5,6141,124712,5701,131187,6141,255899,California
Contra Costa,2021-03-05,11225,398649,6666,230256,4554,168383,5,10,6392,126291,4818,136005,6397,262296,California
Contra Costa,2021-03-06,7293,405942,4007,234263,2976,171359,310,320,4712,128742,2569,138574,5020,267316,California
Contra Costa,2021-03-07,3621,409563,2269,236532,1292,172651,60,380,2949,131080,671,139245,3009,270325,California
Contra Costa,2021-03-08,8043,417606,3755,240287,3985,176636,303,683,5364,134083,2668,141913,5671,275996,California
Contra Costa,2021-03-09,10181,427787,4999,245286,4888,181524,294,977,5030,134264,5144,147057,5325,281321,California
Contra Costa,2021-03-10,12121,439908,5958,251244,4668,186192,1495,2472,5467,134572,6645,153702,6953,288274,California
Contra Costa,2021-03-11,12455,452363,6560,257804,5335,191527,560,3032,6354,135408,6080,159782,6916,295190,California
Contra Costa,2021-03-12,12530,464893,5143,262947,6843,198370,544,3576,6260,135956,6254,166036,6802,301992,California
Contra Costa,2021-03-13,7757,472650,3072,266019,4261,202631,424,4000,3076,134786,4664,170700,3494,305486,California
Contra Costa,2021-03-14,4344,476994,2543,268562,1318,203949,483,4483,2073,135077,2264,172964,2555,308041,California
Contra Costa,2021-03-15,9368,486362,5052,273614,3564,207513,752,5235,4747,135971,4605,177569,5499,313540,California
Contra Costa,2021-03-16,14246,500608,8460,282074,5391,212904,395,5630,7265,136670,6961,184530,7660,321200,California
Contra Costa,2021-03-17,14968,515576,10331,292405,4426,217330,211,5841,8564,139067,6383,190913,8780,329980,California
Contra Costa,2021-03-18,15352,530928,8526,300931,6346,223676,480,6321,8783,141786,6542,197455,9261,339241,California
Contra Costa,2021-03-19,15475,546403,8881,309812,5204,228880,1390,7711,8289,144296,7174,204629,9684,348925,California
Contra Costa,2021-03-20,10606,557009,6328,316140,3975,232855,303,8014,5237,144484,5353,209982,5541,354466,California
Contra Costa,2021-03-21,4436,561445,3885,320025,464,233319,87,8101,2084,144309,2345,212327,2170,356636,California
Contra Costa,2021-03-22,11515,572960,8682,328707,2583,235902,250,8351,7082,147219,4421,216748,7331,363967,California
Contra Costa,2021-03-23,15573,588533,10730,339437,4673,240575,170,8521,9495,150835,6052,222800,9668,373635,California
Contra Costa,2021-03-24,14946,603479,11673,351110,3061,243636,212,8733,9192,154518,5722,228522,9405,383040,California
Contra Costa,2021-03-25,15237,618716,11872,362982,3080,246716,285,9018,9413,158426,5788,234310,9696,392736,California
Contra Costa,2021-03-26,14916,633632,10687,373669,3834,250550,395,9413,8806,161536,6087,240397,9197,401933,California
Contra Costa,2021-03-27,10416,644048,6740,380409,3166,253716,510,9923,5771,163174,4636,245033,6274,408207,California
Contra Costa,2021-03-28,4119,648167,2917,383326,1149,254865,53,9976,1764,162646,2345,247378,1817,410024,California
Contra Costa,2021-03-29,10809,658976,8438,391764,2256,257121,115,10091,7069,166106,3726,251104,7186,417210,California
Contra Costa,2021-03-30,16703,675679,9104,400868,6247,263368,1352,11443,11031,172832,5657,256761,12383,429593,California
Contra Costa,2021-03-31,17918,693597,12546,413414,3933,267301,1439,12882,11517,179418,6371,263132,12957,442550,California
Contra Costa,2021-04-01,17386,710983,12176,425590,3849,271150,1361,14243,11327,186069,6036,269168,12687,455237,California
Contra Costa,2021-04-02,17355,728338,12812,438402,3536,274686,1007,15250,11539,192808,5806,274974,12545,467782,California
Contra Costa,2021-04-03,10763,739101,6414,444816,2816,277502,1533,16783,6176,195943,4574,279548,7709,475491,California
Contra Costa,2021-04-04,3316,742417,1308,446124,1414,278916,594,17377,893,195012,2418,281966,1487,476978,California
Contra Costa,2021-04-05,12012,754429,7841,453965,3209,282125,962,18339,6576,197123,5427,287393,7538,484516,California
Contra Costa,2021-04-06,17255,771684,11982,465947,3000,285125,2273,20612,9748,201655,7488,294881,12020,496536,California
Contra Costa,2021-04-07,18432,790116,12479,478426,3159,288284,2794,23406,10476,207026,7937,302818,13308,509844,California
Contra Costa,2021-04-08,18630,808746,12446,490872,3282,291566,2902,26308,10035,211381,8571,311389,12926,522770,California
Contra Costa,2021-04-09,18674,827420,11954,502826,4250,295816,2470,28778,10005,215210,8645,320034,12474,535244,California
Contra Costa,2021-04-10,10496,837916,3811,506637,2146,297962,4539,33317,3292,215842,7190,327224,7822,543066,California
Contra Costa,2021-04-11,3322,841238,1990,508627,682,298644,650,33967,1130,215437,2187,329411,1782,544848,California
Contra Costa,2021-04-12,11845,853083,7851,516478,2961,301605,1033,35000,5602,215846,6230,335641,6639,551487,California
Contra Costa,2021-04-13,17789,870872,10879,527357,6905,308510,5,35005,11893,221875,5875,341516,11904,563391,California
Contra Costa,2021-04-14,17509,888381,10980,538337,6528,315038,1,35006,9700,223790,7789,349305,9704,573095,California
Contra Costa,2021-04-15,17394,905775,10671,549008,6722,321760,1,35007,8077,222597,9289,358594,8096,581191,California
Contra Costa,2021-04-16,16840,922615,10513,559521,6326,328086,1,35008,7605,220998,9210,367804,7611,588802,California
Contra Costa,2021-04-17,11376,933991,6259,565780,5117,333203,0,35008,6109,221858,5254,373058,6114,594916,California
Contra Costa,2021-04-18,2728,936719,2109,567889,619,333822,0,35008,1779,222695,942,374000,1779,596695,California
Contra Costa,2021-04-19,11310,948029,8459,576348,2851,336673,0,35008,3544,218498,7743,381743,3546,600241,California
Contra Costa,2021-04-20,16602,964631,10789,587137,5813,342486,0,35008,6250,214425,10327,392070,6254,606495,California
Contra Costa,2021-04-21,17269,981900,14100,601237,3169,345655,0,35008,6157,209512,11078,403148,6165,612660,California
Contra Costa,2021-04-22,17100,999000,13861,615098,3238,348893,1,35009,6064,204581,11006,414154,6075,618735,California
Contra Costa,2021-04-23,16904,1015904,13458,628556,3446,352339,0,35009,5457,198632,11413,425567,5464,624199,California
Contra Costa,2021-04-24,10814,1026718,8363,636919,2451,354790,0,35009,4117,196075,6678,432245,4121,628320,California
Contra Costa,2021-04-25,3198,1029916,2148,639067,1048,355838,2,35011,2008,196902,1186,433431,2013,630333,California
Contra Costa,2021-04-26,9507,1039423,8062,647129,1421,357259,24,35035,2782,193008,6710,440141,2816,633149,California
Contra Costa,2021-04-27,14069,1053492,10405,657534,3523,360782,141,35176,3758,186624,10293,450434,3909,637058,California
Contra Costa,2021-04-28,13306,1066798,10559,668093,2491,363273,256,35432,3288,180187,9985,460419,3548,640606,California
Contra Costa,2021-04-29,9599,1076397,8010,676103,1530,364803,59,35491,1759,174183,7824,468243,1820,642426,California
Del Norte,2020-12-21,23,23,23,23,0,0,0,0,23,23,0,0,23,23,California
Del Norte,2020-12-22,46,69,46,69,0,0,0,0,46,69,0,0,46,69,California
Del Norte,2020-12-23,58,127,48,117,10,10,0,0,57,126,0,0,57,126,California
Del Norte,2020-12-28,34,161,34,151,0,10,0,0,34,160,0,0,34,160,California
Del Norte,2020-12-29,4,165,4,155,0,10,0,0,4,164,0,0,4,164,California
Del Norte,2020-12-30,67,232,55,210,12,22,0,0,68,232,0,0,68,232,California
Del Norte,2020-12-31,16,248,13,223,3,25,0,0,16,248,0,0,16,248,California
Del Norte,2021-01-04,102,350,49,272,53,78,0,0,102,350,0,0,102,350,California
Del Norte,2021-01-05,32,382,0,272,32,110,0,0,32,382,0,0,32,382,California
Del Norte,2021-01-06,77,459,18,290,59,169,0,0,77,459,0,0,77,459,California
Del Norte,2021-01-07,21,480,1,291,20,189,0,0,21,480,0,0,21,480,California
Del Norte,2021-01-08,78,558,7,298,71,260,0,0,78,558,0,0,78,558,California
Del Norte,2021-01-11,40,598,21,319,19,279,0,0,18,555,22,22,19,577,California
Del Norte,2021-01-12,51,649,32,351,19,298,0,0,30,564,21,43,30,607,California
Del Norte,2021-01-13,85,734,40,391,45,343,0,0,52,583,33,76,52,659,California
Del Norte,2021-01-14,52,786,14,405,38,381,0,0,46,623,6,82,46,705,California
Del Norte,2021-01-15,107,893,18,423,89,470,0,0,95,706,12,94,95,800,California
Del Norte,2021-01-17,1,894,1,424,0,470,0,0,1,707,0,94,1,801,California
Del Norte,2021-01-18,2,896,0,424,2,472,0,0,2,709,0,94,2,803,California
Del Norte,2021-01-19,119,1015,56,480,63,535,0,0,77,744,42,136,77,880,California
Del Norte,2021-01-20,158,1173,84,564,74,609,0,0,96,778,62,198,96,976,California
Del Norte,2021-01-21,43,1216,40,604,3,612,0,0,32,799,11,209,32,1008,California
Del Norte,2021-01-22,19,1235,16,620,3,615,0,0,12,804,7,216,12,1020,California
Del Norte,2021-01-23,1,1236,0,620,1,616,0,0,1,805,0,216,1,1021,California
Del Norte,2021-01-24,1,1237,0,620,1,617,0,0,1,806,0,216,1,1022,California
Del Norte,2021-01-25,100,1337,82,702,18,635,0,0,56,818,44,260,56,1078,California
Del Norte,2021-01-26,18,1355,11,713,7,642,0,0,7,814,11,271,7,1085,California
Del Norte,2021-01-27,64,1419,21,734,43,685,0,0,61,872,3,274,61,1146,California
Del Norte,2021-01-28,291,1710,20,754,271,956,0,0,286,1153,5,279,286,1432,California
Del Norte,2021-01-29,54,1764,21,775,33,989,0,0,44,1187,10,289,44,1476,California
Del Norte,2021-01-30,8,1772,1,776,7,996,0,0,8,1195,0,289,8,1484,California
Del Norte,2021-02-01,41,1813,1,777,40,1036,0,0,26,1206,15,304,26,1510,California
Del Norte,2021-02-02,142,1955,34,811,108,1144,0,0,73,1211,68,372,73,1583,California
Del Norte,2021-02-03,126,2081,40,851,86,1230,0,0,71,1227,55,427,71,1654,California
Del Norte,2021-02-04,71,2152,29,880,42,1272,0,0,42,1240,29,456,42,1696,California
Del Norte,2021-02-05,184,2336,22,902,162,1434,0,0,119,1295,64,520,119,1815,California
Del Norte,2021-02-06,312,2648,6,908,306,1740,0,0,312,1607,0,520,312,2127,California
Del Norte,2021-02-07,2,2650,1,909,1,1741,0,0,2,1609,0,520,2,2129,California
Del Norte,2021-02-08,36,2686,1,910,35,1776,0,0,32,1637,4,524,32,2161,California
Del Norte,2021-02-09,8,2694,5,915,3,1779,0,0,2,1633,6,530,2,2163,California
Del Norte,2021-02-10,143,2837,20,935,123,1902,0,0,86,1663,56,586,86,2249,California
Del Norte,2021-02-11,175,3012,58,993,117,2019,0,0,63,1614,112,698,63,2312,California
Del Norte,2021-02-12,121,3133,14,1007,107,2126,0,0,67,1627,54,752,67,2379,California
Del Norte,2021-02-13,2,3135,1,1008,1,2127,0,0,2,1629,0,752,2,2381,California
Del Norte,2021-02-14,3,3138,1,1009,2,2129,0,0,2,1630,1,753,2,2383,California
Del Norte,2021-02-15,4,3142,0,1009,4,2133,0,0,2,1630,2,755,2,2385,California
Del Norte,2021-02-16,132,3274,1,1010,131,2264,0,0,13,1524,119,874,13,2398,California
Del Norte,2021-02-17,91,3365,20,1030,71,2335,0,0,24,1481,67,941,24,2422,California
Del Norte,2021-02-18,77,3442,24,1054,53,2388,0,0,51,1506,26,967,51,2473,California
Del Norte,2021-02-19,43,3485,17,1071,26,2414,0,0,33,1529,10,977,33,2506,California
Del Norte,2021-02-20,8,3493,5,1076,3,2417,0,0,6,1533,2,979,6,2512,California
Del Norte,2021-02-22,2,3495,0,1076,2,2419,0,0,2,1535,0,979,2,2514,California
Del Norte,2021-02-23,107,3602,89,1165,18,2437,0,0,31,1491,76,1055,32,2546,California
Del Norte,2021-02-24,152,3754,98,1263,54,2491,0,0,79,1497,73,1128,79,2625,California
Del Norte,2021-02-25,475,4229,131,1394,344,2835,0,0,212,1448,261,1389,212,2837,California
Del Norte,2021-02-26,212,4441,176,1570,36,2871,0,0,166,1568,46,1435,166,3003,California
Del Norte,2021-02-27,152,4593,145,1715,6,2877,1,1,141,1699,11,1446,142,3145,California
Del Norte,2021-02-28,4,4597,1,1716,3,2880,0,1,3,1701,1,1447,3,3148,California
Del Norte,2021-03-01,28,4625,2,1718,26,2906,0,1,4,1681,24,1471,4,3152,California
Del Norte,2021-03-02,220,4845,141,1859,79,2985,0,1,187,1835,33,1504,187,3339,California
Del Norte,2021-03-03,167,5012,99,1958,68,3053,0,1,126,1920,41,1545,126,3465,California
Del Norte,2021-03-04,120,5132,83,2041,37,3090,0,1,91,1983,28,1573,91,3556,California
Del Norte,2021-03-05,119,5251,9,2050,110,3200,0,1,71,2006,48,1621,71,3627,California
Del Norte,2021-03-06,466,5717,78,2128,338,3538,50,51,164,1875,302,1923,171,3798,California
Del Norte,2021-03-07,2,5719,1,2129,1,3539,0,51,1,1875,1,1924,1,3799,California
Del Norte,2021-03-08,28,5747,1,2130,25,3564,2,53,5,1859,23,1947,7,3806,California
Del Norte,2021-03-09,194,5941,112,2242,79,3643,3,56,183,2034,11,1958,186,3992,California
Del Norte,2021-03-10,233,6174,96,2338,109,3752,28,84,134,2097,99,2057,162,4154,California
Del Norte,2021-03-11,151,6325,55,2393,91,3843,5,89,103,2157,48,2105,108,4262,California
Del Norte,2021-03-12,177,6502,89,2482,88,3931,0,89,124,2228,53,2158,124,4386,California
Del Norte,2021-03-13,94,6596,93,2575,1,3932,0,89,91,2316,3,2161,91,4477,California
Del Norte,2021-03-14,1,6597,0,2575,1,3933,0,89,1,2316,1,2162,1,4478,California
Del Norte,2021-03-15,38,6635,0,2575,38,3971,0,89,34,2346,4,2166,34,4512,California
Del Norte,2021-03-16,280,6915,135,2710,145,4116,0,89,259,2584,21,2187,259,4771,California
Del Norte,2021-03-17,282,7197,95,2805,185,4301,2,91,168,2640,114,2301,170,4941,California
Del Norte,2021-03-18,285,7482,107,2912,175,4476,3,94,149,2657,135,2436,152,5093,California
Del Norte,2021-03-19,266,7748,159,3071,101,4577,6,100,91,2579,175,2611,97,5190,California
Del Norte,2021-03-20,158,7906,155,3226,3,4580,0,100,16,2453,142,2753,16,5206,California
Del Norte,2021-03-21,4,7910,2,3228,2,4582,0,100,2,2453,2,2755,2,5208,California
Del Norte,2021-03-22,42,7952,3,3231,38,4620,1,101,39,2490,3,2758,40,5248,California
Del Norte,2021-03-23,335,8287,164,3395,153,4773,18,119,165,2504,168,2926,182,5430,California
Del Norte,2021-03-24,396,8683,107,3502,248,5021,41,160,236,2621,160,3086,277,5707,California
Del Norte,2021-03-25,193,8876,89,3591,104,5125,0,160,85,2599,107,3193,85,5792,California
Del Norte,2021-03-26,231,9107,112,3703,119,5244,0,160,197,2762,34,3227,197,5989,California
Del Norte,2021-03-27,108,9215,87,3790,4,5248,17,177,17,2705,91,3318,34,6023,California
Del Norte,2021-03-28,4,9219,2,3792,2,5250,0,177,1,2703,3,3321,1,6024,California
Del Norte,2021-03-29,57,9276,6,3798,34,5284,17,194,32,2727,25,3346,49,6073,California
Del Norte,2021-03-30,339,9615,118,3916,210,5494,11,205,128,2655,211,3557,139,6212,California
Del Norte,2021-03-31,350,9965,99,4015,234,5728,17,222,195,2714,153,3710,212,6424,California
Del Norte,2021-04-01,165,10130,59,4074,72,5800,34,256,70,2724,94,3804,104,6528,California
Del Norte,2021-04-02,230,10360,78,4152,103,5903,49,305,47,2638,183,3987,97,6625,California
Del Norte,2021-04-03,106,10466,82,4234,2,5905,22,327,4,2563,101,4088,26,6651,California
Del Norte,2021-04-04,4,10470,0,4234,0,5905,4,331,0,2563,4,4092,4,6655,California
Del Norte,2021-04-05,50,10520,5,4239,41,5946,4,335,42,2602,7,4099,46,6701,California
Del Norte,2021-04-06,378,10898,119,4358,222,6168,37,372,145,2556,229,4328,183,6884,California
Del Norte,2021-04-07,427,11325,114,4472,252,6420,61,433,280,2751,146,4474,341,7225,California
Del Norte,2021-04-08,233,11558,54,4526,111,6531,68,501,111,2808,122,4596,179,7404,California
Del Norte,2021-04-09,204,11762,47,4573,80,6611,77,578,98,2876,105,4701,173,7577,California
Del Norte,2021-04-10,48,11810,27,4600,4,6615,17,595,27,2899,21,4722,44,7621,California
Del Norte,2021-04-11,12,11822,3,4603,2,6617,7,602,2,2898,10,4732,9,7630,California
Del Norte,2021-04-12,28,11850,1,4604,9,6626,18,620,1,2891,26,4758,19,7649,California
Del Norte,2021-04-13,297,12147,49,4653,248,6874,0,620,155,2904,142,4900,155,7804,California
Del Norte,2021-04-14,326,12473,23,4676,303,7177,0,620,137,2857,189,5089,142,7946,California
Del Norte,2021-04-15,163,12636,30,4706,133,7310,0,620,44,2783,119,5208,45,7991,California
Del Norte,2021-04-16,160,12796,39,4745,121,7431,0,620,58,2740,102,5310,59,8050,California
Del Norte,2021-04-17,100,12896,69,4814,31,7462,0,620,95,2830,5,5315,95,8145,California
Del Norte,2021-04-18,4,12900,3,4817,1,7463,0,620,3,2832,1,5316,3,8148,California
Del Norte,2021-04-19,50,12950,6,4823,44,7507,0,620,8,2798,42,5358,8,8156,California
Del Norte,2021-04-20,209,13159,40,4863,169,7676,0,620,74,2737,135,5493,74,8230,California
Del Norte,2021-04-21,287,13446,22,4885,265,7941,0,620,63,2579,224,5717,66,8296,California
Del Norte,2021-04-22,114,13560,15,4900,99,8040,0,620,62,2589,52,5769,62,8358,California
Del Norte,2021-04-23,151,13711,20,4920,131,8171,0,620,39,2516,112,5881,39,8397,California
Del Norte,2021-04-24,24,13735,14,4934,10,8181,0,620,19,2530,5,5886,19,8416,California
Del Norte,2021-04-25,2,13737,0,4934,2,8183,0,620,2,2532,0,5886,2,8418,California
Del Norte,2021-04-26,29,13766,0,4934,29,8212,0,620,7,2517,22,5908,7,8425,California
Del Norte,2021-04-27,172,13938,19,4953,148,8360,5,625,46,2442,126,6034,51,8476,California
Del Norte,2021-04-28,267,14205,29,4982,234,8594,4,629,50,2283,214,6248,55,8531,California
Del Norte,2021-04-29,57,14262,0,4982,55,8649,2,631,15,2258,42,6290,17,8548,California
El Dorado,2020-12-15,12,12,12,12,0,0,0,0,12,12,0,0,12,12,California
El Dorado,2020-12-16,40,52,40,52,0,0,0,0,40,52,0,0,40,52,California
El Dorado,2020-12-17,31,83,31,83,0,0,0,0,31,83,0,0,31,83,California
El Dorado,2020-12-18,236,319,236,319,0,0,0,0,236,319,0,0,236,319,California
El Dorado,2020-12-19,116,435,116,435,0,0,0,0,116,435,0,0,116,435,California
El Dorado,2020-12-20,85,520,85,520,0,0,0,0,85,520,0,0,85,520,California
El Dorado,2020-12-21,308,828,307,827,1,1,0,0,308,828,0,0,308,828,California
El Dorado,2020-12-22,238,1066,214,1041,24,25,0,0,238,1066,0,0,238,1066,California
El Dorado,2020-12-23,189,1255,140,1181,49,74,0,0,189,1255,0,0,189,1255,California
El Dorado,2020-12-24,87,1342,66,1247,21,95,0,0,87,1342,0,0,87,1342,California
El Dorado,2020-12-25,8,1350,8,1255,0,95,0,0,8,1350,0,0,8,1350,California
El Dorado,2020-12-26,44,1394,26,1281,18,113,0,0,44,1394,0,0,44,1394,California
El Dorado,2020-12-27,37,1431,33,1314,4,117,0,0,37,1431,0,0,37,1431,California
El Dorado,2020-12-28,216,1647,169,1483,47,164,0,0,216,1647,0,0,216,1647,California
El Dorado,2020-12-29,457,2104,141,1624,316,480,0,0,457,2104,0,0,457,2104,California
El Dorado,2020-12-30,506,2610,136,1760,370,850,0,0,506,2610,0,0,506,2610,California
El Dorado,2020-12-31,110,2720,70,1830,40,890,0,0,110,2720,0,0,110,2720,California
El Dorado,2021-01-01,7,2727,4,1834,3,893,0,0,7,2727,0,0,7,2727,California
El Dorado,2021-01-02,151,2878,140,1974,11,904,0,0,151,2878,0,0,151,2878,California
El Dorado,2021-01-03,92,2970,17,1991,75,979,0,0,92,2970,0,0,92,2970,California
El Dorado,2021-01-04,189,3159,62,2053,127,1106,0,0,189,3159,0,0,189,3159,California
El Dorado,2021-01-05,204,3363,50,2103,154,1260,0,0,188,3331,16,16,188,3347,California
El Dorado,2021-01-06,262,3625,189,2292,73,1333,0,0,198,3465,64,80,198,3545,California
El Dorado,2021-01-07,329,3954,136,2428,193,1526,0,0,258,3652,71,151,258,3803,California
El Dorado,2021-01-08,976,4930,501,2929,475,2001,0,0,773,4223,203,354,774,4577,California
El Dorado,2021-01-09,194,5124,157,3086,37,2038,0,0,126,4281,68,422,126,4703,California
El Dorado,2021-01-10,180,5304,129,3215,51,2089,0,0,110,4322,70,492,111,4814,California
El Dorado,2021-01-11,659,5963,293,3508,366,2455,0,0,460,4585,198,690,461,5275,California
El Dorado,2021-01-12,694,6657,422,3930,272,2727,0,0,445,4781,249,939,445,5720,California
El Dorado,2021-01-13,699,7356,296,4226,403,3130,0,0,538,5158,161,1100,538,6258,California
El Dorado,2021-01-14,690,8046,219,4445,471,3601,0,0,595,5658,95,1195,595,6853,California
El Dorado,2021-01-15,683,8729,185,4630,498,4099,0,0,611,6197,72,1267,611,7464,California
El Dorado,2021-01-16,172,8901,104,4734,68,4167,0,0,145,6315,27,1294,145,7609,California
El Dorado,2021-01-17,100,9001,47,4781,53,4220,0,0,83,6381,17,1311,83,7692,California
El Dorado,2021-01-18,417,9418,138,4919,279,4499,0,0,349,6662,68,1379,349,8041,California
El Dorado,2021-01-19,649,10067,352,5271,297,4796,0,0,500,7014,149,1528,501,8542,California
El Dorado,2021-01-20,1010,11077,686,5957,324,5120,0,0,898,7801,111,1639,898,9440,California
El Dorado,2021-01-21,1155,12232,571,6528,584,5704,0,0,950,8587,164,1803,950,10390,California
El Dorado,2021-01-22,1103,13335,710,7238,393,6097,0,0,1049,9583,53,1856,1049,11439,California
El Dorado,2021-01-23,736,14071,617,7855,119,6216,0,0,625,10097,111,1967,625,12064,California
El Dorado,2021-01-24,126,14197,76,7931,50,6266,0,0,107,10185,19,1986,107,12171,California
El Dorado,2021-01-25,610,14807,204,8135,406,6672,0,0,522,10619,88,2074,522,12693,California
El Dorado,2021-01-26,675,15482,364,8499,311,6983,0,0,571,11087,104,2178,572,13265,California
El Dorado,2021-01-27,927,16409,329,8828,598,7581,0,0,591,11341,337,2515,591,13856,California
El Dorado,2021-01-28,1106,17515,453,9281,653,8234,0,0,745,11725,361,2876,745,14601,California
El Dorado,2021-01-29,975,18490,490,9771,485,8719,0,0,745,12242,229,3105,746,15347,California
El Dorado,2021-01-30,611,19101,359,10130,252,8971,0,0,450,12531,161,3266,450,15797,California
El Dorado,2021-01-31,209,19310,188,10318,21,8992,0,0,180,12682,29,3295,180,15977,California
El Dorado,2021-02-01,799,20109,368,10686,431,9423,0,0,655,13194,143,3438,655,16632,California
El Dorado,2021-02-02,837,20946,367,11053,470,9893,0,0,677,13711,160,3598,677,17309,California
El Dorado,2021-02-03,899,21845,475,11528,424,10317,0,0,686,14184,213,3811,686,17995,California
El Dorado,2021-02-04,1266,23111,723,12251,543,10860,0,0,871,14661,394,4205,871,18866,California
El Dorado,2021-02-05,1483,24594,598,12849,885,11745,0,0,867,14947,581,4786,867,19733,California
El Dorado,2021-02-06,639,25233,334,13183,305,12050,0,0,530,15369,109,4895,531,20264,California
El Dorado,2021-02-07,256,25489,176,13359,80,12130,0,0,192,15497,64,4959,192,20456,California
El Dorado,2021-02-08,879,26368,417,13776,462,12592,0,0,606,15830,273,5232,606,21062,California
El Dorado,2021-02-09,909,27277,487,14263,422,13014,0,0,487,15895,422,5654,487,21549,California
El Dorado,2021-02-10,1246,28523,729,14992,517,13531,0,0,655,15960,590,6244,655,22204,California
El Dorado,2021-02-11,2151,30674,891,15883,1260,14791,0,0,964,15740,1185,7429,965,23169,California
El Dorado,2021-02-12,1567,32241,823,16706,744,15535,0,0,677,15528,890,8319,678,23847,California
El Dorado,2021-02-13,978,33219,669,17375,309,15844,0,0,434,15421,541,8860,434,24281,California
El Dorado,2021-02-14,479,33698,153,17528,326,16170,0,0,396,15734,83,8943,396,24677,California
El Dorado,2021-02-15,1183,34881,387,17915,796,16966,0,0,828,16210,355,9298,831,25508,California
El Dorado,2021-02-16,1194,36075,529,18444,665,17631,0,0,676,16370,517,9815,677,26185,California
El Dorado,2021-02-17,900,36975,373,18817,527,18158,0,0,420,16312,480,10295,422,26607,California
El Dorado,2021-02-18,2085,39060,1012,19829,1073,19231,0,0,1354,16936,730,11025,1354,27961,California
El Dorado,2021-02-19,1166,40226,603,20432,563,19794,0,0,646,17063,520,11545,647,28608,California
El Dorado,2021-02-20,916,41142,435,20867,481,20275,0,0,668,17489,242,11787,668,29276,California
El Dorado,2021-02-21,282,41424,225,21092,57,20332,0,0,99,17406,182,11969,99,29375,California
El Dorado,2021-02-22,868,42292,434,21526,434,20766,0,0,285,17109,582,12551,285,29660,California
El Dorado,2021-02-23,842,43134,472,21998,370,21136,0,0,350,16968,491,13042,350,30010,California
El Dorado,2021-02-24,1016,44150,439,22437,577,21713,0,0,421,16795,595,13637,422,30432,California
El Dorado,2021-02-25,1631,45781,885,23322,746,22459,0,0,724,16620,901,14538,726,31158,California
El Dorado,2021-02-26,2352,48133,1482,24804,870,23329,0,0,1587,17444,763,15301,1587,32745,California
El Dorado,2021-02-27,1658,49791,439,25243,1219,24548,0,0,1219,18227,436,15737,1219,33964,California
El Dorado,2021-02-28,586,50377,204,25447,382,24930,0,0,434,18510,152,15889,435,34399,California
El Dorado,2021-03-01,1136,51513,452,25899,684,25614,0,0,624,18623,511,16400,624,35023,California
El Dorado,2021-03-02,900,52413,266,26165,634,26248,0,0,461,18647,437,16837,461,35484,California
El Dorado,2021-03-03,1678,54091,463,26628,1215,27463,0,0,1150,19278,521,17358,1152,36636,California
El Dorado,2021-03-04,2509,56600,1548,28176,961,28424,0,0,1225,19222,1281,18639,1225,37861,California
El Dorado,2021-03-05,1574,58174,422,28598,1147,29571,5,5,1044,19746,525,19164,1049,38910,California
El Dorado,2021-03-06,739,58913,210,28808,494,30065,35,40,392,19826,347,19511,427,39337,California
El Dorado,2021-03-07,404,59317,197,29005,189,30254,18,58,241,19924,161,19672,259,39596,California
El Dorado,2021-03-08,1325,60642,364,29369,890,31144,71,129,856,20385,466,20138,927,40523,California
El Dorado,2021-03-09,970,61612,225,29594,678,31822,67,196,572,20641,383,20521,639,41162,California
El Dorado,2021-03-10,941,62553,343,29937,542,32364,56,252,543,20847,392,20913,598,41760,California
El Dorado,2021-03-11,2993,65546,1826,31763,985,33349,182,434,1366,20783,1611,22524,1547,43307,California
El Dorado,2021-03-12,1778,67324,619,32382,912,34261,247,681,741,20752,1019,23543,988,44295,California
El Dorado,2021-03-13,1063,68387,344,32726,436,34697,283,964,375,20723,685,24228,656,44951,California
El Dorado,2021-03-14,790,69177,207,32933,471,35168,112,1076,279,20603,511,24739,391,45342,California
El Dorado,2021-03-15,1398,70575,300,33233,972,36140,126,1202,609,20554,785,25524,736,46078,California
El Dorado,2021-03-16,1209,71784,406,33639,659,36799,144,1346,568,20631,635,26159,712,46790,California
El Dorado,2021-03-17,1086,72870,351,33990,641,37440,94,1440,701,21041,385,26544,795,47585,California
El Dorado,2021-03-18,2969,75839,1749,35739,1176,38616,44,1484,1982,22087,980,27524,2026,49611,California
El Dorado,2021-03-19,1104,76943,363,36102,597,39213,144,1628,629,22386,475,27999,774,50385,California
El Dorado,2021-03-20,944,77887,268,36370,659,39872,17,1645,365,22200,568,28567,382,50767,California
El Dorado,2021-03-21,1027,78914,418,36788,604,40476,5,1650,937,23054,88,28655,942,51709,California
El Dorado,2021-03-22,1500,80414,488,37276,930,41406,82,1732,1192,24025,303,28958,1274,52983,California
El Dorado,2021-03-23,1142,81556,449,37725,601,42007,92,1824,734,24454,397,29355,826,53809,California
El Dorado,2021-03-24,1451,83007,620,38345,635,42642,196,2020,659,24545,764,30119,855,54664,California
El Dorado,2021-03-25,2472,85479,1672,40017,697,43339,103,2123,1368,24918,1098,31217,1471,56135,California
El Dorado,2021-03-26,1812,87291,694,40711,1009,44348,109,2232,946,25129,845,32062,1056,57191,California
El Dorado,2021-03-27,1311,88602,188,40899,1119,45467,4,2236,334,24496,971,33033,338,57529,California
El Dorado,2021-03-28,619,89221,181,41080,429,45896,9,2245,202,24293,414,33447,211,57740,California
El Dorado,2021-03-29,1306,90527,431,41511,859,46755,16,2261,823,24652,480,33927,839,58579,California
El Dorado,2021-03-30,1354,91881,410,41921,852,47607,92,2353,699,24794,648,34575,790,59369,California
El Dorado,2021-03-31,1559,93440,583,42504,913,48520,63,2416,707,24712,850,35425,768,60137,California
El Dorado,2021-04-01,3203,96643,1745,44249,1376,49896,82,2498,1517,24629,1684,37109,1601,61738,California
El Dorado,2021-04-02,1878,98521,556,44805,1227,51123,95,2593,754,24358,1120,38229,849,62587,California
El Dorado,2021-04-03,743,99264,290,45095,332,51455,121,2714,223,24183,518,38747,343,62930,California
El Dorado,2021-04-04,269,99533,85,45180,137,51592,47,2761,97,24156,171,38918,144,63074,California
El Dorado,2021-04-05,1416,100949,421,45601,902,52494,93,2854,591,24019,821,39739,684,63758,California
El Dorado,2021-04-06,1407,102356,518,46119,668,53162,221,3075,448,23730,957,40696,668,64426,California
El Dorado,2021-04-07,1563,103919,552,46671,566,53728,445,3520,555,23722,1005,41701,997,65423,California
El Dorado,2021-04-08,2666,106585,1721,48392,709,54437,236,3756,1115,23528,1544,43245,1350,66773,California
El Dorado,2021-04-09,1404,107989,439,48831,747,55184,218,3974,557,23456,845,44090,773,67546,California
El Dorado,2021-04-10,818,108807,219,49050,490,55674,109,4083,473,23695,343,44433,582,68128,California
El Dorado,2021-04-11,696,109503,452,49502,228,55902,16,4099,205,23426,490,44923,221,68349,California
El Dorado,2021-04-12,1278,110781,499,50001,631,56533,148,4247,562,23426,709,45632,709,69058,California
El Dorado,2021-04-13,1113,111894,608,50609,505,57038,0,4247,508,23333,601,46233,508,69566,California
El Dorado,2021-04-14,1066,112960,436,51045,629,57667,1,4248,364,23009,689,46922,365,69931,California
El Dorado,2021-04-15,2482,115442,1670,52715,812,58479,0,4248,961,22453,1518,48440,962,70893,California
El Dorado,2021-04-16,1453,116895,515,53230,938,59417,0,4248,607,22220,841,49281,608,71501,California
El Dorado,2021-04-17,751,117646,196,53426,555,59972,0,4248,479,22428,271,49552,479,71980,California
El Dorado,2021-04-18,968,118614,80,53506,888,60860,0,4248,401,22263,566,50118,401,72381,California
El Dorado,2021-04-19,1701,120315,435,53941,1266,62126,0,4248,691,21950,1004,51122,691,73072,California
El Dorado,2021-04-20,1105,121420,356,54297,749,62875,0,4248,460,21769,641,51763,460,73532,California
El Dorado,2021-04-21,1151,122571,464,54761,684,63559,3,4251,588,21801,557,52320,589,74121,California
El Dorado,2021-04-22,2514,125085,1664,56425,850,64409,0,4251,1065,21418,1448,53768,1065,75186,California
El Dorado,2021-04-23,1380,126465,493,56918,887,65296,0,4251,703,21448,674,54442,704,75890,California
El Dorado,2021-04-24,961,127426,510,57428,451,65747,0,4251,732,21953,227,54669,732,76622,California
El Dorado,2021-04-25,611,128037,433,57861,178,65925,0,4251,440,22222,171,54840,440,77062,California
El Dorado,2021-04-26,1027,129064,429,58290,583,66508,15,4266,501,22213,525,55365,516,77578,California
El Dorado,2021-04-27,934,129998,347,58637,559,67067,28,4294,431,22174,498,55863,459,78037,California
El Dorado,2021-04-28,819,130817,326,58963,453,67520,40,4334,337,22069,482,56345,377,78414,California
El Dorado,2021-04-29,362,131179,197,59160,162,67682,3,4337,176,22064,184,56529,179,78593,California
Fresno,2020-12-15,2,2,2,2,0,0,0,0,2,2,0,0,2,2,California
Fresno,2020-12-16,121,123,121,123,0,0,0,0,121,123,0,0,121,123,California
Fresno,2020-12-17,120,243,120,243,0,0,0,0,120,243,0,0,120,243,California
Fresno,2020-12-18,343,586,343,586,0,0,0,0,343,586,0,0,343,586,California
Fresno,2020-12-19,157,743,157,743,0,0,0,0,157,743,0,0,157,743,California
Fresno,2020-12-20,258,1001,256,999,2,2,0,0,258,1001,0,0,258,1001,California
Fresno,2020-12-21,926,1927,925,1924,1,3,0,0,957,1958,0,0,957,1958,California
Fresno,2020-12-22,901,2828,872,2796,29,32,0,0,905,2863,0,0,905,2863,California
Fresno,2020-12-23,1087,3915,1046,3842,41,73,0,0,1088,3951,0,0,1088,3951,California
Fresno,2020-12-24,581,4496,562,4404,19,92,0,0,581,4532,0,0,581,4532,California
Fresno,2020-12-25,2,4498,1,4405,1,93,0,0,2,4534,0,0,2,4534,California
Fresno,2020-12-26,722,5220,713,5118,9,102,0,0,722,5256,0,0,722,5256,California
Fresno,2020-12-27,300,5520,204,5322,96,198,0,0,300,5556,0,0,300,5556,California
Fresno,2020-12-28,1062,6582,775,6097,287,485,0,0,1062,6618,0,0,1062,6618,California
Fresno,2020-12-29,1770,8352,1040,7137,730,1215,0,0,1768,8385,1,1,1768,8386,California
Fresno,2020-12-30,981,9333,478,7615,503,1718,0,0,981,9366,0,1,981,9367,California
Fresno,2020-12-31,897,10230,310,7925,587,2305,0,0,896,10262,0,1,896,10263,California
Fresno,2021-01-01,9,10239,3,7928,6,2311,0,0,9,10271,0,1,9,10272,California
Fresno,2021-01-02,1031,11270,717,8645,314,2625,0,0,1031,11302,0,1,1031,11303,California
Fresno,2021-01-03,153,11423,128,8773,25,2650,0,0,153,11455,0,1,153,11456,California
Fresno,2021-01-04,615,12038,375,9148,240,2890,0,0,615,12070,0,1,615,12071,California
Fresno,2021-01-05,778,12816,312,9460,466,3356,0,0,704,12700,74,75,704,12775,California
Fresno,2021-01-06,974,13790,346,9806,628,3984,0,0,802,13330,172,247,802,13577,California
Fresno,2021-01-07,1886,15676,915,10721,971,4955,0,0,1633,14713,253,500,1636,15213,California
Fresno,2021-01-08,1780,17456,613,11334,1167,6122,0,0,1416,15767,362,862,1416,16629,California
Fresno,2021-01-09,628,18084,386,11720,242,6364,0,0,354,15847,274,1136,354,16983,California
Fresno,2021-01-10,515,18599,485,12205,30,6394,0,0,202,15736,313,1449,202,17185,California
Fresno,2021-01-11,2158,20757,1751,13956,407,6801,0,0,1465,16511,693,2142,1468,18653,California
Fresno,2021-01-12,2524,23281,1826,15782,698,7499,0,0,1677,17341,849,2991,1679,20332,California
Fresno,2021-01-13,3536,26817,2422,18204,1114,8613,0,0,2680,19167,856,3847,2682,23014,California
Fresno,2021-01-14,4150,30967,2198,20402,1952,10565,0,0,3680,22378,469,4316,3680,26694,California
Fresno,2021-01-15,3645,34612,2532,22934,1113,11678,0,0,3287,25311,358,4674,3291,29985,California
Fresno,2021-01-16,3150,37762,2308,25242,842,12520,0,0,2686,27535,463,5137,2687,32672,California
Fresno,2021-01-17,977,38739,556,25798,421,12941,0,0,779,28116,198,5335,779,33451,California
Fresno,2021-01-18,3073,41812,2366,28164,707,13648,0,0,2409,29865,662,5997,2411,35862,California
Fresno,2021-01-19,4325,46137,2539,30703,1786,15434,0,0,3676,32895,649,6646,3679,39541,California
Fresno,2021-01-20,2993,49130,1186,31889,1807,17241,0,0,2692,35288,302,6948,2695,42236,California
Fresno,2021-01-21,4349,53479,1999,33888,2350,19591,0,0,4002,38966,329,7277,4007,46243,California
Fresno,2021-01-22,3310,56789,1347,35235,1963,21554,0,0,2921,41516,372,7649,2922,49165,California
Fresno,2021-01-23,3043,59832,1970,37205,1073,22627,0,0,2320,43121,722,8371,2327,51492,California
Fresno,2021-01-24,552,60384,372,37577,180,22807,0,0,347,43266,205,8576,350,51842,California
Fresno,2021-01-25,2344,62728,865,38442,1479,24286,0,0,1856,44638,488,9064,1860,53702,California
Fresno,2021-01-26,2021,64749,584,39026,1437,25723,0,0,1316,45252,703,9767,1317,55019,California
Fresno,2021-01-27,2257,67006,1163,40189,1094,26817,0,0,1737,46473,519,10286,1740,56759,California
Fresno,2021-01-28,4490,71496,3054,43243,1436,28253,0,0,3472,48934,1014,11300,3475,60234,California
Fresno,2021-01-29,1700,73196,983,44226,717,28970,0,0,1403,50044,294,11594,1404,61638,California
Fresno,2021-01-30,1451,74647,551,44777,900,29870,0,0,1034,50661,417,12011,1034,62672,California
Fresno,2021-01-31,225,74872,216,44993,9,29879,0,0,71,50578,154,12165,71,62743,California
Fresno,2021-02-01,3330,78202,1663,46656,1667,31546,0,0,1817,50901,1512,13677,1835,64578,California
Fresno,2021-02-02,2716,80918,550,47206,2166,33712,0,0,1586,51387,1116,14793,1602,66180,California
Fresno,2021-02-03,3532,84450,2095,49301,1437,35149,0,0,1517,50904,2001,16794,1518,67698,California
Fresno,2021-02-04,4195,88645,1896,51197,2299,37448,0,0,1930,50604,2235,19029,1935,69633,California
Fresno,2021-02-05,5325,93970,2724,53921,2601,40049,0,0,2303,49894,3017,22046,2307,71940,California
Fresno,2021-02-06,2935,96905,2047,55968,888,40937,0,0,976,48916,1956,24002,978,72918,California
Fresno,2021-02-07,466,97371,286,56254,180,41117,0,0,272,48995,193,24195,272,73190,California
Fresno,2021-02-08,4274,101645,2292,58546,1982,43099,0,0,1812,48378,2438,26633,1821,75011,California
Fresno,2021-02-09,5328,106973,2081,60627,3247,46346,0,0,3119,49371,2134,28767,3127,78138,California
Fresno,2021-02-10,3879,110852,1234,61861,2645,48991,0,0,1987,49532,1837,30604,1998,80136,California
Fresno,2021-02-11,6447,117299,2090,63951,4357,53348,0,0,3383,49872,3049,33653,3389,83525,California
Fresno,2021-02-12,5380,122679,1384,65335,3996,57344,0,0,2745,50007,2616,36269,2751,86276,California
Fresno,2021-02-13,3732,126411,1547,66882,2185,59529,0,0,2080,50453,1640,37909,2086,88362,California
Fresno,2021-02-14,1562,127973,282,67164,1280,60809,0,0,849,50592,712,38621,851,89213,California
Fresno,2021-02-15,2886,130859,271,67435,2615,63424,0,0,1782,51278,1100,39721,1786,90999,California
Fresno,2021-02-16,6682,137541,2402,69837,4280,67704,0,0,4245,53110,2419,42140,4251,95250,California
Fresno,2021-02-17,5336,142877,2455,72292,2881,70585,0,0,2987,53797,2305,44445,2992,98242,California
Fresno,2021-02-18,6856,149733,2903,75195,3953,74538,0,0,2575,52151,4232,48677,2586,100828,California
Fresno,2021-02-19,3834,153567,1101,76296,2733,77271,0,0,1829,51988,1995,50672,1832,102660,California
Fresno,2021-02-20,4539,158106,2504,78800,2035,79306,0,0,3059,53580,1473,52145,3065,105725,California
Fresno,2021-02-21,188,158294,171,78971,17,79323,0,0,129,53663,46,52191,129,105854,California
Fresno,2021-02-22,2229,160523,1001,79972,1228,80551,0,0,1223,53893,997,53188,1227,107081,California
Fresno,2021-02-23,3888,164411,1479,81451,2409,82960,0,0,3029,56075,849,54037,3031,110112,California
Fresno,2021-02-24,4177,168588,1496,82947,2681,85641,0,0,3431,58774,735,54772,3434,113546,California
Fresno,2021-02-25,7484,176072,2524,85471,4960,90601,0,0,6028,63417,1392,56164,6035,119581,California
Fresno,2021-02-26,8324,184396,3038,88509,5286,95887,0,0,7042,69204,1261,57425,7048,126629,California
Fresno,2021-02-27,6295,190691,2204,90713,4091,99978,0,0,5606,74136,679,58104,5611,132240,California
Fresno,2021-02-28,1636,192327,532,91245,1104,101082,0,0,1549,75611,75,58179,1550,133790,California
Fresno,2021-03-01,4914,197241,1293,92538,3621,104703,0,0,3608,77931,1296,59475,3616,137406,California
Fresno,2021-03-02,8545,205786,2309,94847,6236,110939,0,0,7184,83801,1337,60812,7207,144613,California
Fresno,2021-03-03,6780,212566,1683,96530,5096,116035,1,1,5767,88683,1000,61812,5882,150495,California
Fresno,2021-03-04,8526,221092,2536,99066,5990,122025,0,1,7005,94201,1495,63307,7013,157508,California
Fresno,2021-03-05,7950,229042,2705,101771,5243,127268,2,3,6931,100322,887,64194,7008,164516,California
Fresno,2021-03-06,6466,235508,3540,105311,2809,130077,117,120,5520,105023,940,65134,5641,170157,California
Fresno,2021-03-07,1476,236984,677,105988,765,130842,34,154,1248,106080,226,65360,1283,171440,California
Fresno,2021-03-08,5045,242029,2006,107994,2886,133728,153,307,3871,108948,1167,66527,4035,175475,California
Fresno,2021-03-09,7071,249100,2388,110382,4413,138141,270,577,3956,110111,3098,69625,4261,179736,California
Fresno,2021-03-10,6615,255715,2742,113124,3480,141621,393,970,5220,114347,1385,71010,5621,185357,California
Fresno,2021-03-11,11347,267062,4548,117672,6232,147853,567,1537,6196,116078,5108,76118,6839,192196,California
Fresno,2021-03-12,11574,278636,4920,122592,6201,154054,453,1990,8581,122276,2977,79095,9175,201371,California
Fresno,2021-03-13,8165,286801,3901,126493,3239,157293,1025,3015,3919,123065,4227,83322,5016,206387,California
Fresno,2021-03-14,1746,288547,466,126959,1000,158293,280,3295,658,122922,1079,84401,936,207323,California
Fresno,2021-03-15,6949,295496,3029,129988,3750,162043,170,3465,4790,125920,2145,86546,5143,212466,California
Fresno,2021-03-16,10057,305553,4409,134397,5254,167297,394,3859,6046,128474,3982,90528,6536,219002,California
Fresno,2021-03-17,8529,314082,3873,138270,3962,171259,694,4553,5754,132545,2756,93284,6827,225829,California
Fresno,2021-03-18,12262,326344,6577,144847,5055,176314,630,5183,8026,137431,4192,97476,9078,234907,California
Fresno,2021-03-19,10740,337084,5626,150473,4500,180814,614,5797,7267,142160,3446,100922,8175,243082,California
Fresno,2021-03-20,7379,344463,4422,154895,2646,183460,311,6108,4519,144422,2837,103759,5099,248181,California
Fresno,2021-03-21,1772,346235,1200,156095,201,183661,371,6479,961,144948,807,104566,1333,249514,California
Fresno,2021-03-22,5643,351878,2888,158983,2160,185821,595,7074,3852,147819,1775,106341,4646,254160,California
Fresno,2021-03-23,10534,362412,5239,164222,4801,190622,494,7568,6067,150358,4449,110790,6988,261148,California
Fresno,2021-03-24,8592,371004,3628,167850,4135,194757,829,8397,4725,152130,3836,114626,5608,266756,California
Fresno,2021-03-25,12052,383056,5574,173424,5696,200453,782,9179,6184,153349,5829,120455,7048,273804,California
Fresno,2021-03-26,12006,395062,5326,178750,6037,206490,643,9822,5280,152611,6680,127135,5942,279746,California
Fresno,2021-03-27,9360,404422,4126,182876,4152,210642,1082,10904,2933,150238,6393,133528,4020,283766,California
Fresno,2021-03-28,3280,407702,1198,184074,1395,212037,687,11591,1257,150425,2016,135544,2203,285969,California
Fresno,2021-03-29,5986,413688,1975,186049,3469,215506,542,12133,2900,150817,3062,138606,3454,289423,California
Fresno,2021-03-30,10761,424449,4207,190256,5671,221177,883,13016,4461,149884,6276,144882,5343,294766,California
Fresno,2021-03-31,9245,433694,3319,193575,4944,226121,982,13998,3797,149251,5410,150292,4777,299543,California
Fresno,2021-04-01,11289,444983,4063,197638,6376,232497,850,14848,3912,146671,7301,157593,4721,304264,California
Fresno,2021-04-02,11538,456521,4401,202039,6352,238849,785,15633,4231,144539,7154,164747,5022,309286,California
Fresno,2021-04-03,6168,462689,3374,205413,2543,241392,251,15884,2224,143120,3932,168679,2513,311799,California
Fresno,2021-04-04,1489,464178,533,205946,912,242304,44,15928,564,142811,917,169596,608,312407,California
Fresno,2021-04-05,8245,472423,4453,210399,2995,245299,797,16725,2530,140501,5706,175302,3396,315803,California
Fresno,2021-04-06,9474,481897,3954,214353,4345,249644,1175,17900,3597,139442,5845,181147,4786,320589,California
Fresno,2021-04-07,10301,492198,5295,219648,3826,253470,1180,19080,3555,137493,6713,187860,4764,325353,California
Fresno,2021-04-08,10781,502979,5113,224761,4533,258003,1135,20215,3506,134942,7236,195096,4685,330038,California
Fresno,2021-04-09,10647,513626,5088,229849,4204,262207,1355,21570,3582,132876,7026,202122,4960,334998,California
Fresno,2021-04-10,7833,521459,5139,234988,2174,264381,520,22090,3727,133023,4101,206223,4248,339246,California
Fresno,2021-04-11,1388,522847,929,235917,370,264751,89,22179,450,132629,933,207156,539,339785,California
Fresno,2021-04-12,7093,529940,3755,239672,2436,267187,902,23081,2312,131083,4760,211916,3214,342999,California
Fresno,2021-04-13,8877,538817,4218,243890,4589,271776,70,23151,3505,129407,5342,217258,3666,346665,California
Fresno,2021-04-14,8809,547626,5130,249020,3679,275455,0,23151,3637,127948,5141,222399,3682,350347,California
Fresno,2021-04-15,7760,555386,3612,252632,4146,279601,2,23153,3003,126225,4731,227130,3008,353355,California
Fresno,2021-04-16,8926,564312,4239,256871,4685,284286,2,23155,3831,125007,5056,232186,3838,357193,California
Fresno,2021-04-17,5567,569879,3734,260605,1833,286119,0,23155,2719,124895,2833,235019,2721,359914,California
Fresno,2021-04-18,1018,570897,552,261157,466,286585,0,23155,474,124827,542,235561,474,360388,California
Fresno,2021-04-19,5393,576290,2914,264071,2475,289060,4,23159,2173,123819,3188,238749,2180,362568,California
Fresno,2021-04-20,6816,583106,3311,267382,3497,292557,8,23167,2543,122121,4250,242999,2552,365120,California
Fresno,2021-04-21,6206,589312,3407,270789,2791,295348,8,23175,2581,121114,3600,246599,2593,367713,California
Fresno,2021-04-22,6314,595626,3132,273921,3181,298529,1,23176,2332,119515,3935,250534,2336,370049,California
Fresno,2021-04-23,6934,602560,3748,277669,3167,301696,19,23195,2686,117995,4213,254747,2693,372742,California
Fresno,2021-04-24,4151,606711,2481,280150,1670,303366,0,23195,1958,117772,2181,256928,1958,374700,California
Fresno,2021-04-25,1342,608053,566,280716,774,304140,2,23197,665,117763,675,257603,666,375366,California
Fresno,2021-04-26,3741,611794,1839,282555,1863,306003,39,23236,1592,117265,2127,259730,1629,376995,California
Fresno,2021-04-27,4289,616083,2104,284659,2081,308084,104,23340,1647,116391,2625,262355,1751,378746,California
Fresno,2021-04-28,4271,620354,2332,286991,1824,309908,115,23455,1776,115804,2477,264832,1890,380636,California
Fresno,2021-04-29,2679,623033,1571,288562,1054,310962,54,23509,954,115110,1702,266534,1008,381644,California
Glenn,2020-12-17,1,1,1,1,0,0,0,0,1,1,0,0,1,1,California
Glenn,2020-12-19,1,2,1,2,0,0,0,0,1,2,0,0,1,2,California
Glenn,2020-12-20,1,3,1,3,0,0,0,0,1,3,0,0,1,3,California
Glenn,2020-12-21,11,14,11,14,0,0,0,0,11,14,0,0,11,14,California
Glenn,2020-12-22,59,73,59,73,0,0,0,0,59,73,0,0,59,73,California
Glenn,2020-12-23,27,100,27,100,0,0,0,0,27,100,0,0,27,100,California
Glenn,2020-12-24,9,109,9,109,0,0,0,0,9,109,0,0,9,109,California
Glenn,2020-12-26,2,111,2,111,0,0,0,0,2,111,0,0,2,111,California
Glenn,2020-12-27,4,115,4,115,0,0,0,0,4,115,0,0,4,115,California
Glenn,2020-12-28,21,136,21,136,0,0,0,0,21,136,0,0,21,136,California
Glenn,2020-12-29,82,218,82,218,0,0,0,0,82,218,0,0,82,218,California
Glenn,2020-12-30,128,346,106,324,22,22,0,0,128,346,0,0,128,346,California
Glenn,2020-12-31,38,384,9,333,29,51,0,0,38,384,0,0,38,384,California
Glenn,2021-01-02,2,386,2,335,0,51,0,0,2,386,0,0,2,386,California
Glenn,2021-01-04,7,393,5,340,2,53,0,0,7,393,0,0,7,393,California
Glenn,2021-01-05,9,402,8,348,1,54,0,0,9,402,0,0,9,402,California
Glenn,2021-01-06,60,462,8,356,52,106,0,0,60,462,0,0,60,462,California
Glenn,2021-01-07,67,529,12,368,55,161,0,0,65,525,2,2,65,527,California
Glenn,2021-01-08,11,540,9,377,2,163,0,0,11,536,0,2,11,538,California
Glenn,2021-01-10,1,541,1,378,0,163,0,0,0,535,1,3,0,538,California
Glenn,2021-01-11,30,571,30,408,0,163,0,0,12,529,18,21,12,550,California
Glenn,2021-01-12,42,613,37,445,5,168,0,0,14,515,28,49,14,564,California
Glenn,2021-01-13,153,766,88,533,65,233,0,0,109,580,44,93,109,673,California
Glenn,2021-01-14,185,951,96,629,89,322,0,0,175,745,10,103,175,848,California
Glenn,2021-01-15,42,993,34,663,8,330,0,0,37,777,5,108,37,885,California
Glenn,2021-01-16,34,1027,14,677,20,350,0,0,24,791,10,118,24,909,California
Glenn,2021-01-17,4,1031,2,679,2,352,0,0,2,791,2,120,2,911,California
Glenn,2021-01-18,17,1048,16,695,1,353,0,0,9,792,8,128,9,920,California
Glenn,2021-01-19,31,1079,20,715,11,364,0,0,14,789,17,145,14,934,California
Glenn,2021-01-20,163,1242,94,809,69,433,0,0,82,790,81,226,82,1016,California
Glenn,2021-01-21,124,1366,98,907,26,459,0,0,30,726,94,320,30,1046,California
Glenn,2021-01-22,337,1703,63,970,274,733,0,0,330,1049,7,327,330,1376,California
Glenn,2021-01-23,14,1717,7,977,7,740,0,0,12,1059,2,329,12,1388,California
Glenn,2021-01-24,2,1719,2,979,0,740,0,0,2,1061,0,329,2,1390,California
Glenn,2021-01-25,27,1746,9,988,18,758,0,0,24,1082,3,332,24,1414,California
Glenn,2021-01-26,29,1775,13,1001,16,774,0,0,23,1099,6,338,23,1437,California
Glenn,2021-01-27,187,1962,13,1014,174,948,0,0,166,1244,21,359,166,1603,California
Glenn,2021-01-28,146,2108,8,1022,138,1086,0,0,116,1330,30,389,116,1719,California
Glenn,2021-01-29,296,2404,12,1034,284,1370,0,0,282,1598,14,403,282,2001,California
Glenn,2021-01-30,4,2408,0,1034,4,1374,0,0,4,1602,0,403,4,2005,California
Glenn,2021-01-31,1,2409,0,1034,1,1375,0,0,1,1603,0,403,1,2006,California
Glenn,2021-02-01,28,2437,10,1044,18,1393,0,0,16,1607,12,415,16,2022,California
Glenn,2021-02-02,28,2465,13,1057,15,1408,0,0,19,1617,9,424,19,2041,California
Glenn,2021-02-03,207,2672,58,1115,149,1557,0,0,111,1633,96,520,112,2153,California
Glenn,2021-02-04,150,2822,84,1199,66,1623,0,0,45,1573,105,625,45,2198,California
Glenn,2021-02-05,318,3140,24,1223,294,1917,0,0,299,1853,19,644,299,2497,California
Glenn,2021-02-06,14,3154,2,1225,12,1929,0,0,13,1865,1,645,13,2510,California
Glenn,2021-02-07,2,3156,2,1227,0,1929,0,0,2,1867,0,645,2,2512,California
Glenn,2021-02-08,21,3177,17,1244,4,1933,0,0,4,1854,17,662,4,2516,California
Glenn,2021-02-09,49,3226,20,1264,29,1962,0,0,36,1877,13,675,36,2552,California
Glenn,2021-02-10,139,3365,19,1283,120,2082,0,0,65,1868,74,749,65,2617,California
Glenn,2021-02-11,232,3597,132,1415,100,2182,0,0,149,1934,83,832,149,2766,California
Glenn,2021-02-12,420,4017,99,1514,321,2503,0,0,356,2226,64,896,356,3122,California
Glenn,2021-02-13,34,4051,7,1521,27,2530,0,0,16,2224,18,914,16,3138,California
Glenn,2021-02-14,1,4052,0,1521,1,2531,0,0,1,2225,0,914,1,3139,California
Glenn,2021-02-15,8,4060,0,1521,8,2539,0,0,8,2233,0,914,8,3147,California
Glenn,2021-02-16,39,4099,9,1530,30,2569,0,0,21,2236,18,932,21,3168,California
Glenn,2021-02-17,380,4479,15,1545,365,2934,0,0,302,2460,78,1010,302,3470,California
Glenn,2021-02-18,135,4614,100,1645,35,2969,0,0,111,2547,24,1034,111,3581,California
Glenn,2021-02-19,303,4917,17,1662,286,3255,0,0,29,2302,274,1308,29,3610,California
Glenn,2021-02-20,8,4925,0,1662,8,3263,0,0,0,2294,8,1316,0,3610,California
Glenn,2021-02-22,33,4958,14,1676,19,3282,0,0,17,2295,16,1332,17,3627,California
Glenn,2021-02-23,40,4998,10,1686,30,3312,0,0,28,2311,12,1344,28,3655,California
Glenn,2021-02-24,221,5219,15,1701,206,3518,0,0,47,2184,174,1518,47,3702,California
Glenn,2021-02-25,262,5481,148,1849,114,3632,0,0,118,2158,144,1662,118,3820,California
Glenn,2021-02-26,304,5785,24,1873,280,3912,0,0,20,1895,283,1945,20,3840,California
Glenn,2021-02-27,15,5800,5,1878,10,3922,0,0,5,1891,9,1954,5,3845,California
Glenn,2021-02-28,6,5806,3,1881,3,3925,0,0,3,1892,2,1956,3,3848,California
Glenn,2021-03-01,28,5834,6,1887,22,3947,0,0,12,1888,16,1972,12,3860,California
Glenn,2021-03-02,35,5869,7,1894,28,3975,0,0,17,1887,18,1990,17,3877,California
Glenn,2021-03-03,192,6061,37,1931,155,4130,0,0,101,1899,89,2079,101,3978,California
Glenn,2021-03-04,521,6582,176,2107,345,4475,0,0,376,2130,145,2224,376,4354,California
Glenn,2021-03-05,355,6937,47,2154,308,4783,0,0,34,1843,321,2545,34,4388,California
Glenn,2021-03-06,26,6963,3,2157,22,4805,1,1,9,1836,17,2562,10,4398,California
Glenn,2021-03-07,5,6968,0,2157,5,4810,0,1,3,1838,1,2563,3,4401,California
Glenn,2021-03-08,20,6988,2,2159,17,4827,1,2,18,1855,2,2565,19,4420,California
Glenn,2021-03-09,82,7070,11,2170,68,4895,3,5,54,1883,28,2593,56,4476,California
Glenn,2021-03-10,172,7242,68,2238,102,4997,2,7,95,1903,77,2670,97,4573,California
Glenn,2021-03-11,584,7826,170,2408,391,5388,23,30,454,2250,130,2800,477,5050,California
Glenn,2021-03-12,417,8243,14,2422,342,5730,61,91,41,1976,376,3176,102,5152,California
Glenn,2021-03-13,12,8255,1,2423,3,5733,8,99,1,1974,11,3187,9,5161,California
Glenn,2021-03-14,3,8258,1,2424,2,5735,0,99,2,1975,1,3188,2,5163,California
Glenn,2021-03-15,75,8333,15,2439,55,5790,5,104,60,2025,15,3203,65,5228,California
Glenn,2021-03-16,106,8439,33,2472,62,5852,11,115,65,2060,41,3244,76,5304,California
Glenn,2021-03-17,417,8856,97,2569,313,6165,7,122,116,1880,301,3545,121,5425,California
Glenn,2021-03-18,520,9376,214,2783,50,6215,256,378,145,1905,375,3920,400,5825,California
Glenn,2021-03-19,91,9467,16,2799,69,6284,6,384,70,1961,20,3940,76,5901,California
Glenn,2021-03-20,121,9588,1,2800,119,6403,1,385,119,2079,2,3942,120,6021,California
Glenn,2021-03-21,6,9594,5,2805,0,6403,1,386,3,2081,2,3944,4,6025,California
Glenn,2021-03-22,116,9710,53,2858,55,6458,8,394,96,2167,18,3962,104,6129,California
Glenn,2021-03-23,173,9883,66,2924,56,6514,51,445,100,2246,72,4034,151,6280,California
Glenn,2021-03-24,204,10087,99,3023,100,6614,5,450,132,2312,71,4105,137,6417,California
Glenn,2021-03-25,455,10542,226,3249,135,6749,94,544,326,2604,128,4233,420,6837,California
Glenn,2021-03-26,227,10769,35,3284,156,6905,36,580,177,2767,50,4283,213,7050,California
Glenn,2021-03-27,150,10919,21,3305,124,7029,5,585,140,2902,10,4293,145,7195,California
Glenn,2021-03-28,15,10934,10,3315,5,7034,0,585,10,2907,5,4298,10,7205,California
Glenn,2021-03-29,59,10993,19,3334,37,7071,3,588,45,2941,14,4312,48,7253,California
Glenn,2021-03-30,73,11066,41,3375,31,7102,1,589,42,2955,29,4341,43,7296,California
Glenn,2021-03-31,125,11191,35,3410,89,7191,1,590,54,2940,70,4411,55,7351,California
Glenn,2021-04-01,638,11829,183,3593,446,7637,9,599,227,2767,409,4820,236,7587,California
Glenn,2021-04-02,158,11987,25,3618,121,7758,12,611,122,2865,36,4856,134,7721,California
Glenn,2021-04-03,91,12078,4,3622,80,7838,7,618,80,2941,11,4867,87,7808,California
Glenn,2021-04-04,8,12086,3,3625,3,7841,2,620,4,2943,4,4871,6,7814,California
Glenn,2021-04-05,65,12151,25,3650,27,7868,13,633,28,2947,37,4908,41,7855,California
Glenn,2021-04-06,144,12295,52,3702,53,7921,39,672,38,2918,105,5013,76,7931,California
Glenn,2021-04-07,158,12453,46,3748,58,7979,54,726,72,2958,86,5099,126,8057,California
Glenn,2021-04-08,639,13092,189,3937,416,8395,34,760,138,2631,499,5598,172,8229,California
Glenn,2021-04-09,158,13250,58,3995,84,8479,16,776,101,2691,57,5655,117,8346,California
Glenn,2021-04-10,75,13325,1,3996,63,8542,11,787,63,2753,12,5667,74,8420,California
Glenn,2021-04-11,17,13342,8,4004,4,8546,5,792,7,2755,10,5677,12,8432,California
Glenn,2021-04-12,113,13455,24,4028,60,8606,29,821,19,2709,94,5771,48,8480,California
Glenn,2021-04-13,118,13573,63,4091,55,8661,0,821,32,2656,85,5856,32,8512,California
Glenn,2021-04-14,121,13694,46,4137,75,8736,0,821,67,2669,54,5910,67,8579,California
Glenn,2021-04-15,361,14055,275,4412,86,8822,0,821,125,2558,236,6146,125,8704,California
Glenn,2021-04-16,164,14219,40,4452,124,8946,0,821,81,2556,83,6229,81,8785,California
Glenn,2021-04-17,163,14382,16,4468,147,9093,0,821,35,2469,122,6351,35,8820,California
Glenn,2021-04-18,16,14398,3,4471,13,9106,0,821,13,2479,3,6354,13,8833,California
Glenn,2021-04-19,82,14480,17,4488,65,9171,0,821,27,2452,54,6408,27,8860,California
Glenn,2021-04-20,126,14606,81,4569,45,9216,0,821,57,2440,69,6477,57,8917,California
Glenn,2021-04-21,408,15014,305,4874,103,9319,0,821,282,2596,126,6603,282,9199,California
Glenn,2021-04-22,205,15219,45,4919,160,9479,0,821,43,2478,161,6764,43,9242,California
Glenn,2021-04-23,166,15385,24,4943,142,9621,0,821,46,2405,119,6883,46,9288,California
Glenn,2021-04-24,179,15564,32,4975,147,9768,0,821,44,2314,135,7018,44,9332,California
Glenn,2021-04-25,28,15592,16,4991,12,9780,0,821,21,2328,7,7025,21,9353,California
Glenn,2021-04-26,44,15636,9,5000,35,9815,0,821,18,2320,26,7051,18,9371,California
Glenn,2021-04-27,52,15688,39,5039,8,9823,5,826,24,2321,27,7078,28,9399,California
Glenn,2021-04-28,245,15933,168,5207,66,9889,11,837,124,2335,121,7199,135,9534,California
Glenn,2021-04-29,125,16058,9,5216,116,10005,0,837,29,2268,96,7295,29,9563,California
Humboldt,2020-12-15,2,2,2,2,0,0,0,0,2,2,0,0,2,2,California
Humboldt,2020-12-16,15,17,15,17,0,0,0,0,15,17,0,0,15,17,California
Humboldt,2020-12-17,117,134,117,134,0,0,0,0,117,134,0,0,117,134,California
Humboldt,2020-12-18,176,310,176,310,0,0,0,0,176,310,0,0,176,310,California
Humboldt,2020-12-19,10,320,10,320,0,0,0,0,10,320,0,0,10,320,California
Humboldt,2020-12-20,28,348,28,348,0,0,0,0,28,348,0,0,28,348,California
Humboldt,2020-12-21,165,513,165,513,0,0,0,0,165,513,0,0,165,513,California
Humboldt,2020-12-22,296,809,296,809,0,0,0,0,296,809,0,0,296,809,California
Humboldt,2020-12-23,310,1119,262,1071,48,48,0,0,311,1120,0,0,311,1120,California
Humboldt,2020-12-24,25,1144,2,1073,23,71,0,0,25,1145,0,0,25,1145,California
Humboldt,2020-12-25,2,1146,2,1075,0,71,0,0,2,1147,0,0,2,1147,California
Humboldt,2020-12-26,6,1152,5,1080,1,72,0,0,6,1153,0,0,6,1153,California
Humboldt,2020-12-28,156,1308,145,1225,11,83,0,0,156,1309,0,0,156,1309,California
Humboldt,2020-12-29,167,1475,124,1349,43,126,0,0,167,1476,0,0,167,1476,California
Humboldt,2020-12-30,223,1698,124,1473,99,225,0,0,223,1699,0,0,223,1699,California
Humboldt,2020-12-31,242,1940,79,1552,163,388,0,0,242,1941,0,0,242,1941,California
Humboldt,2021-01-01,2,1942,1,1553,1,389,0,0,2,1943,0,0,2,1943,California
Humboldt,2021-01-02,38,1980,1,1554,37,426,0,0,38,1981,0,0,38,1981,California
Humboldt,2021-01-04,217,2197,142,1696,75,501,0,0,218,2199,0,0,218,2199,California
Humboldt,2021-01-05,128,2325,18,1714,110,611,0,0,127,2325,1,1,127,2326,California
Humboldt,2021-01-06,301,2626,203,1917,98,709,0,0,229,2493,61,62,229,2555,California
Humboldt,2021-01-07,417,3043,305,2222,112,821,0,0,304,2699,98,160,304,2859,California
Humboldt,2021-01-08,418,3461,279,2501,139,960,0,0,283,2851,131,291,283,3142,California
Humboldt,2021-01-09,69,3530,45,2546,24,984,0,0,66,2915,3,294,67,3209,California
Humboldt,2021-01-10,84,3614,84,2630,0,984,0,0,4,2839,80,374,4,3213,California
Humboldt,2021-01-11,288,3902,277,2907,11,995,0,0,72,2699,212,586,72,3285,California
Humboldt,2021-01-12,482,4384,319,3226,163,1158,0,0,298,2835,162,748,298,3583,California
Humboldt,2021-01-13,481,4865,275,3501,206,1364,0,0,304,2966,174,922,305,3888,California
Humboldt,2021-01-14,521,5386,164,3665,357,1721,0,0,465,3376,56,978,466,4354,California
Humboldt,2021-01-15,374,5760,39,3704,335,2056,0,0,357,3716,17,995,357,4711,California
Humboldt,2021-01-16,170,5930,6,3710,164,2220,0,0,169,3884,1,996,169,4880,California
Humboldt,2021-01-17,6,5936,4,3714,2,2222,0,0,6,3890,0,996,6,4886,California
Humboldt,2021-01-18,293,6229,258,3972,35,2257,0,0,143,3883,150,1146,143,5029,California
Humboldt,2021-01-19,625,6854,372,4344,253,2510,0,0,498,4260,121,1267,498,5527,California
Humboldt,2021-01-20,913,7767,403,4747,510,3020,0,0,765,4888,139,1406,767,6294,California
Humboldt,2021-01-21,956,8723,260,5007,696,3716,0,0,915,5762,41,1447,915,7209,California
Humboldt,2021-01-22,675,9398,376,5383,299,4015,0,0,667,6421,8,1455,667,7876,California
Humboldt,2021-01-23,801,10199,272,5655,529,4544,0,0,792,7205,9,1464,793,8669,California
Humboldt,2021-01-24,226,10425,1,5656,225,4769,0,0,225,7429,1,1465,225,8894,California
Humboldt,2021-01-25,303,10728,232,5888,71,4840,0,0,149,7424,154,1619,149,9043,California
Humboldt,2021-01-26,526,11254,141,6029,385,5225,0,0,478,7854,48,1667,478,9521,California
Humboldt,2021-01-27,1260,12514,587,6616,673,5898,0,0,1195,8992,58,1725,1196,10717,California
Humboldt,2021-01-28,1455,13969,633,7249,822,6720,0,0,1320,10182,132,1857,1322,12039,California
Humboldt,2021-01-29,1132,15101,546,7795,586,7306,0,0,712,10475,420,2277,713,12752,California
Humboldt,2021-01-30,974,16075,458,8253,516,7822,0,0,962,11426,12,2289,963,13715,California
Humboldt,2021-01-31,311,16386,310,8563,1,7823,0,0,310,11735,1,2290,310,14025,California
Humboldt,2021-02-01,333,16719,192,8755,141,7964,0,0,189,11781,143,2433,189,14214,California
Humboldt,2021-02-02,443,17162,74,8829,369,8333,0,0,339,12021,101,2534,341,14555,California
Humboldt,2021-02-03,656,17818,259,9088,397,8730,0,0,506,12377,150,2684,506,15061,California
Humboldt,2021-02-04,638,18456,262,9350,376,9106,0,0,441,12624,194,2878,441,15502,California
Humboldt,2021-02-05,811,19267,94,9444,717,9823,0,0,625,13063,186,3064,625,16127,California
Humboldt,2021-02-06,1055,20322,444,9888,611,10434,0,0,1014,14038,40,3104,1015,17142,California
Humboldt,2021-02-07,379,20701,9,9897,370,10804,0,0,374,14409,4,3108,375,17517,California
Humboldt,2021-02-08,325,21026,142,10039,183,10987,0,0,184,14453,140,3248,184,17701,California
Humboldt,2021-02-09,493,21519,219,10258,274,11261,0,0,179,14318,314,3562,179,17880,California
Humboldt,2021-02-10,563,22082,370,10628,193,11454,0,0,232,14224,326,3888,232,18112,California
Humboldt,2021-02-11,1292,23374,392,11020,900,12354,0,0,507,13949,782,4670,507,18619,California
Humboldt,2021-02-12,1146,24520,735,11755,411,12765,0,0,706,14215,440,5110,706,19325,California
Humboldt,2021-02-13,1501,26021,553,12308,948,13713,0,0,912,14540,587,5697,912,20237,California
Humboldt,2021-02-14,112,26133,5,12313,107,13820,0,0,109,14647,2,5699,109,20346,California
Humboldt,2021-02-15,292,26425,78,12391,214,14034,0,0,195,14745,97,5796,195,20541,California
Humboldt,2021-02-16,533,26958,117,12508,416,14450,0,0,252,14717,281,6077,253,20794,California
Humboldt,2021-02-17,452,27410,280,12788,172,14622,0,0,137,14539,315,6392,137,20931,California
Humboldt,2021-02-18,967,28377,596,13384,371,14993,0,0,229,14031,737,7129,229,21160,California
Humboldt,2021-02-19,476,28853,434,13818,42,15035,0,0,89,13736,384,7513,89,21249,California
Humboldt,2021-02-20,1585,30438,979,14797,606,15641,0,0,474,13104,1108,8621,476,21725,California
Humboldt,2021-02-21,479,30917,471,15268,8,15649,0,0,184,12994,295,8916,185,21910,California
Humboldt,2021-02-22,125,31042,91,15359,34,15683,0,0,26,12923,97,9013,26,21936,California
Humboldt,2021-02-23,173,31215,70,15429,103,15786,0,0,40,12832,131,9144,40,21976,California
Humboldt,2021-02-24,1162,32377,703,16132,459,16245,0,0,584,12839,577,9721,584,22560,California
Humboldt,2021-02-25,831,33208,316,16448,515,16760,0,0,228,12466,601,10322,228,22788,California
Humboldt,2021-02-26,2142,35350,106,16554,2036,18796,0,0,453,11237,1683,12005,454,23242,California
Humboldt,2021-02-27,1692,37042,1074,17628,618,19414,0,0,870,11291,820,12825,874,24116,California
Humboldt,2021-02-28,122,37164,11,17639,111,19525,0,0,117,11403,5,12830,117,24233,California
Humboldt,2021-03-01,257,37421,47,17686,210,19735,0,0,182,11510,75,12905,182,24415,California
Humboldt,2021-03-02,286,37707,48,17734,238,19973,0,0,156,11536,130,13035,156,24571,California
Humboldt,2021-03-03,1649,39356,1096,18830,553,20526,0,0,1220,12334,423,13458,1221,25792,California
Humboldt,2021-03-04,886,40242,111,18941,775,21301,0,0,268,11986,618,14076,270,26062,California
Humboldt,2021-03-05,934,41176,183,19124,740,22041,11,11,378,11823,552,14628,389,26451,California
Humboldt,2021-03-06,1693,42869,837,19961,807,22848,49,60,710,11600,982,15610,759,27210,California
Humboldt,2021-03-07,363,43232,295,20256,50,22898,18,78,158,11571,205,15815,176,27386,California
Humboldt,2021-03-08,257,43489,6,20262,173,23071,78,156,163,11718,94,15909,241,27627,California
Humboldt,2021-03-09,459,43948,201,20463,113,23184,145,301,215,11836,242,16151,360,27987,California
Humboldt,2021-03-10,681,44629,466,20929,62,23246,153,454,412,12131,268,16419,563,28550,California
Humboldt,2021-03-11,1432,46061,461,21390,872,24118,99,553,616,12031,814,17233,714,29264,California
Humboldt,2021-03-12,1738,47799,1083,22473,434,24552,221,774,1047,12619,683,17916,1271,30535,California
Humboldt,2021-03-13,1569,49368,1021,23494,496,25048,52,826,679,12466,884,18800,731,31266,California
Humboldt,2021-03-14,142,49510,18,23512,115,25163,9,835,28,12389,114,18914,37,31303,California
Humboldt,2021-03-15,267,49777,51,23563,196,25359,20,855,51,12244,216,19130,71,31374,California
Humboldt,2021-03-16,632,50409,200,23763,172,25531,260,1115,258,12387,373,19503,516,31890,California
Humboldt,2021-03-17,728,51137,397,24160,223,25754,108,1223,335,12438,392,19895,443,32333,California
Humboldt,2021-03-18,1730,52867,1165,25325,522,26276,43,1266,1037,12830,688,20583,1080,33413,California
Humboldt,2021-03-19,1074,53941,58,25383,702,26978,314,1580,441,12955,630,21213,755,34168,California
Humboldt,2021-03-20,1375,55316,751,26134,611,27589,13,1593,428,12452,945,22158,442,34610,California
Humboldt,2021-03-21,247,55563,33,26167,185,27774,29,1622,200,12634,47,22205,229,34839,California
Humboldt,2021-03-22,110,55673,14,26181,47,27821,49,1671,55,12684,54,22259,104,34943,California
Humboldt,2021-03-23,408,56081,40,26221,325,28146,43,1714,318,12957,88,22347,361,35304,California
Humboldt,2021-03-24,1416,57497,389,26610,979,29125,48,1762,1039,13673,369,22716,1085,36389,California
Humboldt,2021-03-25,1829,59326,1204,27814,563,29688,62,1824,944,13796,883,23599,1006,37395,California
Humboldt,2021-03-26,2032,61358,438,28252,1539,31227,55,1879,1592,15007,435,24034,1646,39041,California
Humboldt,2021-03-27,1930,63288,1438,29690,324,31551,168,2047,1065,15379,861,24895,1233,40274,California
Humboldt,2021-03-28,267,63555,81,29771,115,31666,71,2118,85,15354,182,25077,157,40431,California
Humboldt,2021-03-29,465,64020,124,29895,246,31912,95,2213,197,15378,267,25344,291,40722,California
Humboldt,2021-03-30,935,64955,303,30198,519,32431,113,2326,562,15683,369,25713,674,41396,California
Humboldt,2021-03-31,1848,66803,518,30716,1234,33665,96,2422,1396,16729,448,26161,1494,42890,California
Humboldt,2021-04-01,2094,68897,701,31417,1303,34968,90,2512,1481,17694,606,26767,1571,44461,California
Humboldt,2021-04-02,1686,70583,1097,32514,485,35453,104,2616,597,17312,1083,27850,701,45162,California
Humboldt,2021-04-03,1651,72234,1494,34008,141,35594,16,2632,659,17005,982,28832,675,45837,California
Humboldt,2021-04-04,476,72710,366,34374,101,35695,9,2641,402,17343,74,28906,412,46249,California
Humboldt,2021-04-05,755,73465,454,34828,253,35948,48,2689,436,17510,317,29223,484,46733,California
Humboldt,2021-04-06,817,74282,317,35145,366,36314,134,2823,581,17994,230,29453,714,47447,California
Humboldt,2021-04-07,1474,75756,1053,36198,283,36597,138,2961,981,18622,491,29944,1119,48566,California
Humboldt,2021-04-08,1678,77434,1079,37277,474,37071,125,3086,725,18520,952,30896,850,49416,California
Humboldt,2021-04-09,1415,78849,438,37715,825,37896,152,3238,1141,19532,274,31170,1286,50702,California
Humboldt,2021-04-10,924,79773,134,37849,616,38512,174,3412,728,20238,195,31365,901,51603,California
Humboldt,2021-04-11,635,80408,136,37985,33,38545,466,3878,125,20318,510,31875,590,52193,California
Humboldt,2021-04-12,421,80829,224,38209,75,38620,122,4000,276,20570,145,32020,397,52590,California
Humboldt,2021-04-13,579,81408,320,38529,256,38876,3,4003,545,21086,31,32051,547,53137,California
Humboldt,2021-04-14,1411,82819,1032,39561,379,39255,0,4003,1311,22298,99,32150,1311,54448,California
Humboldt,2021-04-15,1795,84614,1192,40753,599,39854,4,4007,1237,22997,540,32690,1239,55687,California
Humboldt,2021-04-16,1120,85734,514,41267,606,40460,0,4007,537,22954,580,33270,537,56224,California
Humboldt,2021-04-17,1593,87327,1272,42539,321,40781,0,4007,1011,23389,576,33846,1011,57235,California
Humboldt,2021-04-18,473,87800,340,42879,133,40914,0,4007,92,23104,377,34223,92,57327,California
Humboldt,2021-04-19,184,87984,83,42962,101,41015,0,4007,72,23066,110,34333,72,57399,California
Humboldt,2021-04-20,474,88458,133,43095,341,41356,0,4007,233,23059,240,34573,233,57632,California
Humboldt,2021-04-21,1069,89527,373,43468,696,42052,0,4007,422,22845,637,35210,423,58055,California
Humboldt,2021-04-22,850,90377,498,43966,350,42402,2,4009,429,22855,419,35629,429,58484,California
Humboldt,2021-04-23,2122,92499,284,44250,1838,44240,0,4009,296,21329,1822,37451,296,58780,California
Humboldt,2021-04-24,1004,93503,874,45124,125,44365,5,4014,350,21032,652,38103,355,59135,California
Humboldt,2021-04-25,373,93876,240,45364,133,44498,0,4014,195,21051,176,38279,195,59330,California
Humboldt,2021-04-26,261,94137,187,45551,74,44572,0,4014,79,20948,182,38461,79,59409,California
Humboldt,2021-04-27,618,94755,178,45729,423,44995,17,4031,125,20599,491,38952,142,59551,California
Humboldt,2021-04-28,1369,96124,694,46423,633,45628,42,4073,337,19948,1030,39982,379,59930,California
Humboldt,2021-04-29,373,96497,109,46532,261,45889,3,4076,126,19830,247,40229,129,60059,California
Imperial,2020-12-16,1,1,1,1,0,0,0,0,1,1,0,0,1,1,California
Imperial,2020-12-17,4,5,4,5,0,0,0,0,4,5,0,0,4,5,California
Imperial,2020-12-18,11,16,11,16,0,0,0,0,11,16,0,0,11,16,California
Imperial,2020-12-20,2,18,2,18,0,0,0,0,2,18,0,0,2,18,California
Imperial,2020-12-21,186,204,186,204,0,0,0,0,186,204,0,0,186,204,California
Imperial,2020-12-22,241,445,239,443,2,2,0,0,241,445,0,0,241,445,California
Imperial,2020-12-23,210,655,209,652,1,3,0,0,209,654,0,0,209,654,California
Imperial,2020-12-24,5,660,5,657,0,3,0,0,5,659,0,0,5,659,California
Imperial,2020-12-26,1,661,0,657,1,4,0,0,1,660,0,0,1,660,California
Imperial,2020-12-27,62,723,0,657,62,66,0,0,62,722,0,0,62,722,California
Imperial,2020-12-28,214,937,114,771,100,166,0,0,214,936,0,0,214,936,California
Imperial,2020-12-29,189,1126,36,807,153,319,0,0,189,1125,0,0,189,1125,California
Imperial,2020-12-30,366,1492,50,857,316,635,0,0,366,1491,0,0,366,1491,California
Imperial,2020-12-31,197,1689,26,883,171,806,0,0,197,1688,0,0,197,1688,California
Imperial,2021-01-01,46,1735,5,888,41,847,0,0,46,1734,0,0,46,1734,California
Imperial,2021-01-02,4,1739,0,888,4,851,0,0,4,1738,0,0,4,1738,California
Imperial,2021-01-03,90,1829,0,888,90,941,0,0,90,1828,0,0,90,1828,California
Imperial,2021-01-04,85,1914,5,893,80,1021,0,0,85,1913,0,0,85,1913,California
Imperial,2021-01-05,172,2086,13,906,159,1180,0,0,172,2085,0,0,172,2085,California
Imperial,2021-01-06,190,2276,25,931,165,1345,0,0,189,2273,1,1,189,2274,California
Imperial,2021-01-07,319,2595,9,940,310,1655,0,0,316,2586,3,4,316,2590,California
Imperial,2021-01-08,190,2785,50,990,140,1795,0,0,181,2758,9,13,181,2771,California
Imperial,2021-01-09,24,2809,21,1011,3,1798,0,0,24,2782,0,13,24,2795,California
Imperial,2021-01-10,1,2810,0,1011,1,1799,0,0,1,2783,0,13,1,2796,California
Imperial,2021-01-11,403,3213,244,1255,159,1958,0,0,175,2730,228,241,175,2971,California
Imperial,2021-01-12,404,3617,302,1557,102,2060,0,0,142,2611,261,502,142,3113,California
Imperial,2021-01-13,379,3996,132,1689,247,2307,0,0,280,2792,99,601,280,3393,California
Imperial,2021-01-14,260,4256,151,1840,109,2416,0,0,254,3041,5,606,254,3647,California
Imperial,2021-01-15,240,4496,182,2022,58,2474,0,0,233,3267,7,613,233,3880,California
Imperial,2021-01-16,77,4573,73,2095,4,2478,0,0,76,3342,1,614,76,3956,California
Imperial,2021-01-17,10,4583,2,2097,8,2486,0,0,10,3352,0,614,10,3966,California
Imperial,2021-01-18,1055,5638,400,2497,655,3141,0,0,957,4212,98,712,958,4924,California
Imperial,2021-01-19,165,5803,129,2626,36,3177,0,0,118,4283,47,759,118,5042,California
Imperial,2021-01-20,292,6095,195,2821,97,3274,0,0,254,4499,38,797,254,5296,California
Imperial,2021-01-21,415,6510,183,3004,232,3506,0,0,395,4874,20,817,395,5691,California
Imperial,2021-01-22,457,6967,189,3193,268,3774,0,0,448,5313,9,826,448,6139,California
Imperial,2021-01-23,1041,8008,290,3483,751,4525,0,0,1040,6352,1,827,1040,7179,California
Imperial,2021-01-24,11,8019,4,3487,7,4532,0,0,11,6363,0,827,11,7190,California
Imperial,2021-01-25,213,8232,5,3492,208,4740,0,0,34,6219,178,1005,34,7224,California
Imperial,2021-01-26,360,8592,185,3677,175,4915,0,0,217,6293,143,1148,217,7441,California
Imperial,2021-01-27,570,9162,162,3839,408,5323,0,0,237,6197,333,1481,237,7678,California
Imperial,2021-01-28,632,9794,159,3998,473,5796,0,0,525,6615,107,1588,525,8203,California
Imperial,2021-01-29,423,10217,296,4294,127,5923,0,0,373,6938,50,1638,373,8576,California
Imperial,2021-01-30,56,10273,31,4325,25,5948,0,0,39,6960,17,1655,39,8615,California
Imperial,2021-01-31,17,10290,7,4332,10,5958,0,0,16,6975,1,1656,16,8631,California
Imperial,2021-02-01,419,10709,53,4385,366,6324,0,0,208,6974,209,1865,208,8839,California
Imperial,2021-02-02,680,11389,54,4439,626,6950,0,0,499,7292,181,2046,499,9338,California
Imperial,2021-02-03,457,11846,48,4487,409,7359,0,0,264,7364,192,2238,264,9602,California
Imperial,2021-02-04,1720,13566,1200,5687,520,7879,0,0,1406,8458,312,2550,1406,11008,California
Imperial,2021-02-05,388,13954,240,5927,148,8027,0,0,152,8376,234,2784,152,11160,California
Imperial,2021-02-06,861,14815,838,6765,23,8050,0,0,824,9164,36,2820,824,11984,California
Imperial,2021-02-07,21,14836,9,6774,12,8062,0,0,20,9183,1,2821,20,12004,California
Imperial,2021-02-08,250,15086,42,6816,208,8270,0,0,182,9297,68,2889,182,12186,California
Imperial,2021-02-09,462,15548,146,6962,316,8586,0,0,304,9443,158,3047,304,12490,California
Imperial,2021-02-10,384,15932,56,7018,328,8914,0,0,94,9248,290,3337,95,12585,California
Imperial,2021-02-11,463,16395,259,7277,204,9118,0,0,89,8963,374,3711,89,12674,California
Imperial,2021-02-12,2129,18524,1411,8688,718,9836,0,0,1777,10389,351,4062,1777,14451,California
Imperial,2021-02-13,42,18566,18,8706,24,9860,0,0,34,10416,8,4070,35,14486,California
Imperial,2021-02-14,24,18590,12,8718,12,9872,0,0,21,10434,3,4073,21,14507,California
Imperial,2021-02-15,30,18620,10,8728,20,9892,0,0,23,10450,7,4080,23,14530,California
Imperial,2021-02-16,515,19135,267,8995,248,10140,0,0,293,10521,222,4302,293,14823,California
Imperial,2021-02-17,439,19574,285,9280,154,10294,0,0,83,10248,356,4658,83,14906,California
Imperial,2021-02-18,646,20220,308,9588,338,10632,0,0,140,9884,504,5162,140,15046,California
Imperial,2021-02-19,766,20986,381,9969,385,11017,0,0,192,9503,573,5735,192,15238,California
Imperial,2021-02-20,1039,22025,191,10160,848,11865,0,0,325,9117,713,6448,327,15565,California
Imperial,2021-02-21,588,22613,554,10714,34,11899,0,0,577,9684,10,6458,577,16142,California
Imperial,2021-02-22,809,23422,569,11283,240,12139,0,0,759,10393,50,6508,759,16901,California
Imperial,2021-02-23,957,24379,392,11675,565,12704,0,0,905,11246,52,6560,905,17806,California
Imperial,2021-02-24,699,25078,284,11959,415,13119,0,0,602,11752,96,6656,602,18408,California
Imperial,2021-02-25,815,25893,337,12296,478,13597,0,0,449,11841,365,7021,454,18862,California
Imperial,2021-02-26,1743,27636,1350,13646,393,13990,0,0,1568,13237,173,7194,1569,20431,California
Imperial,2021-02-27,859,28495,810,14456,49,14039,0,0,121,12621,738,7932,122,20553,California
Imperial,2021-02-28,30,28525,20,14476,10,14049,0,0,20,12631,10,7942,20,20573,California
Imperial,2021-03-01,493,29018,294,14770,198,14247,1,1,428,12998,63,8005,430,21003,California
Imperial,2021-03-02,673,29691,246,15016,427,14674,0,1,384,13095,289,8294,386,21389,California
Imperial,2021-03-03,925,30616,47,15063,877,15551,1,2,556,13297,366,8660,568,21957,California
Imperial,2021-03-04,746,31362,76,15139,669,16220,1,3,485,13553,259,8919,515,22472,California
Imperial,2021-03-05,2570,33932,1937,17076,633,16853,0,3,1245,13478,1322,10241,1247,23719,California
Imperial,2021-03-06,689,34621,237,17313,452,17305,0,3,648,14092,38,10279,652,24371,California
Imperial,2021-03-07,73,34694,40,17353,33,17338,0,3,53,14126,20,10299,54,24425,California
Imperial,2021-03-08,413,35107,330,17683,48,17386,35,38,361,14470,52,10351,396,24821,California
Imperial,2021-03-09,681,35788,310,17993,125,17511,246,284,397,14829,284,10635,643,25464,California
Imperial,2021-03-10,682,36470,312,18305,267,17778,103,387,319,14890,362,10997,423,25887,California
Imperial,2021-03-11,1787,38257,478,18783,1117,18895,192,579,1186,15679,600,11597,1389,27276,California
Imperial,2021-03-12,3699,41956,2538,21321,976,19871,185,764,2101,16370,1596,13193,2287,29563,California
Imperial,2021-03-13,1141,43097,90,21411,828,20699,223,987,855,17167,284,13477,1081,30644,California
Imperial,2021-03-14,169,43266,31,21442,126,20825,12,999,139,17289,30,13507,152,30796,California
Imperial,2021-03-15,670,43936,214,21656,198,21023,258,1257,374,17627,294,13801,632,31428,California
Imperial,2021-03-16,1070,45006,276,21932,341,21364,453,1710,533,18078,535,14336,986,32414,California
Imperial,2021-03-17,1572,46578,691,22623,744,22108,137,1847,994,18635,575,14911,1132,33546,California
Imperial,2021-03-18,1779,48357,1175,23798,544,22652,60,1907,1251,19422,526,15437,1313,34859,California
Imperial,2021-03-19,3336,51693,2446,26244,886,23538,4,1911,1500,19099,1828,17265,1505,36364,California
Imperial,2021-03-20,865,52558,550,26794,310,23848,5,1916,421,19091,440,17705,432,36796,California
Imperial,2021-03-21,217,52775,35,26829,178,24026,4,1920,159,19200,58,17763,167,36963,California
Imperial,2021-03-22,1045,53820,339,27168,699,24725,7,1927,623,19410,421,18184,631,37594,California
Imperial,2021-03-23,1388,55208,411,27579,971,25696,6,1933,889,19811,496,18680,897,38491,California
Imperial,2021-03-24,1870,57078,542,28121,901,26597,427,2360,900,20169,968,19648,1326,39817,California
Imperial,2021-03-25,2877,59955,504,28625,874,27471,1499,3859,1007,20804,1866,21514,2501,42318,California
Imperial,2021-03-26,2481,62436,877,29502,733,28204,871,4730,772,20746,1702,23216,1644,43962,California
Imperial,2021-03-27,578,63014,265,29767,261,28465,52,4782,418,21059,157,23373,470,44432,California
Imperial,2021-03-28,209,63223,51,29818,156,28621,2,4784,172,21197,36,23409,174,44606,California
Imperial,2021-03-29,1210,64433,346,30164,390,29011,474,5258,314,21092,894,24303,789,45395,California
Imperial,2021-03-30,1817,66250,675,30839,591,29602,551,5809,674,21175,1143,25446,1226,46621,California
Imperial,2021-03-31,1525,67775,714,31553,806,30408,5,5814,1008,21672,515,25961,1012,47633,California
Imperial,2021-04-01,1812,69587,399,31952,1171,31579,242,6056,812,21731,994,26955,1053,48686,California
Imperial,2021-04-02,1259,70846,447,32399,738,32317,74,6130,744,22035,513,27468,817,49503,California
Imperial,2021-04-03,1494,72340,406,32805,1009,33326,79,6209,687,21998,803,28271,766,50269,California
Imperial,2021-04-04,84,72424,40,32845,28,33354,16,6225,25,21980,59,28330,41,50310,California
Imperial,2021-04-05,2109,74533,1279,34124,763,34117,67,6292,401,20748,1701,30031,469,50779,California
Imperial,2021-04-06,1289,75822,526,34650,574,34691,189,6481,678,21008,608,30639,868,51647,California
Imperial,2021-04-07,2147,77969,549,35199,1222,35913,376,6857,1537,22315,606,31245,1913,53560,California
Imperial,2021-04-08,2183,80152,1068,36267,821,36734,294,7151,1075,22578,1105,32350,1368,54928,California
Imperial,2021-04-09,2137,82289,630,36897,891,37625,616,7767,829,22719,1304,33654,1445,56373,California
Imperial,2021-04-10,1274,83563,183,37080,820,38445,271,8038,214,22144,1058,34712,483,56856,California
Imperial,2021-04-11,215,83778,29,37109,154,38599,32,8070,73,22107,142,34854,105,56961,California
Imperial,2021-04-12,1396,85174,761,37870,429,39028,206,8276,792,22508,600,35454,1001,57962,California
Imperial,2021-04-13,2257,87431,1441,39311,814,39842,2,8278,1578,23413,675,36129,1580,59542,California
Imperial,2021-04-14,1991,89422,940,40251,1051,40893,0,8278,1410,24248,576,36705,1411,60953,California
Imperial,2021-04-15,1910,91332,876,41127,1034,41927,0,8278,1332,25006,575,37280,1333,62286,California
Imperial,2021-04-16,2078,93410,1017,42144,1061,42988,0,8278,1202,25336,872,38152,1202,63488,California
Imperial,2021-04-17,1745,95155,875,43019,868,43856,2,8280,1379,26356,362,38514,1382,64870,California
Imperial,2021-04-18,250,95405,69,43088,181,44037,0,8280,90,26287,159,38673,90,64960,California
Imperial,2021-04-19,785,96190,250,43338,535,44572,0,8280,456,26419,328,39001,460,65420,California
Imperial,2021-04-20,1261,97451,513,43851,748,45320,0,8280,739,26639,519,39520,739,66159,California
Imperial,2021-04-21,1263,98714,324,44175,939,46259,0,8280,775,26929,485,40005,775,66934,California
Imperial,2021-04-22,1791,100505,771,44946,1020,47279,0,8280,1294,27733,492,40497,1296,68230,California
Imperial,2021-04-23,1476,101981,399,45345,1077,48356,0,8280,830,27928,639,41136,834,69064,California
Imperial,2021-04-24,514,102495,301,45646,213,48569,0,8280,201,27818,311,41447,201,69265,California
Imperial,2021-04-25,263,102758,96,45742,167,48736,0,8280,135,27826,127,41574,135,69400,California
Imperial,2021-04-26,984,103742,435,46177,546,49282,3,8283,651,28149,331,41905,654,70054,California
Imperial,2021-04-27,888,104630,336,46513,544,49826,8,8291,466,28201,422,42327,474,70528,California
Imperial,2021-04-28,1195,105825,498,47011,671,50497,26,8317,608,28251,584,42911,634,71162,California
Imperial,2021-04-29,1115,106940,646,47657,452,50949,17,8334,534,28226,576,43487,551,71713,California
Inyo,2020-12-19,85,85,85,85,0,0,0,0,85,85,0,0,85,85,California
Inyo,2020-12-20,58,143,58,143,0,0,0,0,58,143,0,0,58,143,California
Inyo,2020-12-21,88,231,85,228,3,3,0,0,88,231,0,0,88,231,California
Inyo,2020-12-22,105,336,105,333,0,3,0,0,105,336,0,0,105,336,California
Inyo,2020-12-23,70,406,67,400,3,6,0,0,70,406,0,0,70,406,California
Inyo,2020-12-24,16,422,16,416,0,6,0,0,16,422,0,0,16,422,California
Inyo,2020-12-25,1,423,0,416,1,7,0,0,1,423,0,0,1,423,California
Inyo,2020-12-26,74,497,74,490,0,7,0,0,74,497,0,0,74,497,California
Inyo,2020-12-28,48,545,36,526,12,19,0,0,48,545,0,0,48,545,California
Inyo,2020-12-29,20,565,20,546,0,19,0,0,20,565,0,0,20,565,California
Inyo,2020-12-30,56,621,54,600,2,21,0,0,56,621,0,0,56,621,California
Inyo,2020-12-31,29,650,0,600,29,50,0,0,29,650,0,0,29,650,California
Inyo,2021-01-01,1,651,0,600,1,51,0,0,1,651,0,0,1,651,California
Inyo,2021-01-03,1,652,0,600,1,52,0,0,1,652,0,0,1,652,California
Inyo,2021-01-04,1,653,1,601,0,52,0,0,1,653,0,0,1,653,California
Inyo,2021-01-05,34,687,0,601,34,86,0,0,34,687,0,0,34,687,California
Inyo,2021-01-06,68,755,0,601,68,154,0,0,68,755,0,0,68,755,California
Inyo,2021-01-07,31,786,1,602,30,184,0,0,31,786,0,0,31,786,California
Inyo,2021-01-08,9,795,8,610,1,185,0,0,4,786,5,5,5,791,California
Inyo,2021-01-09,87,882,86,696,1,186,0,0,1,701,86,91,1,792,California
Inyo,2021-01-10,52,934,52,748,0,186,0,0,0,649,52,143,0,792,California
Inyo,2021-01-11,97,1031,82,830,15,201,0,0,16,584,81,224,16,808,California
Inyo,2021-01-12,139,1170,118,948,21,222,0,0,28,501,111,335,28,836,California
Inyo,2021-01-13,86,1256,68,1016,18,240,0,0,21,458,65,400,22,858,California
Inyo,2021-01-14,59,1315,13,1029,46,286,0,0,49,497,10,410,49,907,California
Inyo,2021-01-15,163,1478,28,1057,135,421,0,0,163,660,0,410,163,1070,California
Inyo,2021-01-16,74,1552,73,1130,1,422,0,0,1,588,73,483,1,1071,California
Inyo,2021-01-18,58,1610,36,1166,22,444,0,0,19,568,39,522,19,1090,California
Inyo,2021-01-19,115,1725,72,1238,43,487,0,0,99,651,16,538,99,1189,California
Inyo,2021-01-20,146,1871,70,1308,76,563,0,0,92,689,54,592,92,1281,California
Inyo,2021-01-21,121,1992,57,1365,64,627,0,0,120,808,1,593,120,1401,California
Inyo,2021-01-22,62,2054,0,1365,62,689,0,0,61,868,1,594,61,1462,California
Inyo,2021-01-23,52,2106,52,1417,0,689,0,0,52,920,0,594,52,1514,California
Inyo,2021-01-25,49,2155,6,1423,43,732,0,0,37,945,12,606,37,1551,California
Inyo,2021-01-26,135,2290,54,1477,81,813,0,0,129,1068,6,612,129,1680,California
Inyo,2021-01-27,23,2313,2,1479,21,834,0,0,22,1089,1,613,22,1702,California
Inyo,2021-01-28,92,2405,2,1481,90,924,0,0,63,1123,29,642,63,1765,California
Inyo,2021-01-29,25,2430,3,1484,22,946,0,0,23,1144,2,644,23,1788,California
Inyo,2021-01-30,11,2441,1,1485,10,956,0,0,11,1155,0,644,11,1799,California
Inyo,2021-01-31,32,2473,4,1489,28,984,0,0,4,1131,28,672,4,1803,California
Inyo,2021-02-01,11,2484,9,1498,2,986,0,0,1,1122,10,682,1,1804,California
Inyo,2021-02-02,130,2614,14,1512,116,1102,0,0,104,1200,26,708,104,1908,California
Inyo,2021-02-03,116,2730,0,1512,116,1218,0,0,74,1232,42,750,74,1982,California
Inyo,2021-02-04,149,2879,31,1543,118,1336,0,0,90,1263,59,809,90,2072,California
Inyo,2021-02-05,118,2997,62,1605,56,1392,0,0,116,1377,2,811,116,2188,California
Inyo,2021-02-06,4,3001,2,1607,2,1394,0,0,3,1379,1,812,3,2191,California
Inyo,2021-02-07,4,3005,2,1609,2,1396,0,0,4,1383,0,812,4,2195,California
Inyo,2021-02-08,117,3122,7,1616,110,1506,0,0,97,1460,20,832,97,2292,California
Inyo,2021-02-09,194,3316,51,1667,143,1649,0,0,123,1512,71,903,123,2415,California
Inyo,2021-02-10,143,3459,18,1685,125,1774,0,0,109,1587,34,937,109,2524,California
Inyo,2021-02-11,220,3679,56,1741,164,1938,0,0,126,1619,94,1031,126,2650,California
Inyo,2021-02-12,298,3977,51,1792,247,2185,0,0,167,1655,131,1162,167,2817,California
Inyo,2021-02-13,60,4037,55,1847,5,2190,0,0,8,1611,52,1214,8,2825,California
Inyo,2021-02-14,1,4038,0,1847,1,2191,0,0,1,1612,0,1214,1,2826,California
Inyo,2021-02-15,29,4067,9,1856,20,2211,0,0,5,1593,24,1238,5,2831,California
Inyo,2021-02-16,180,4247,50,1906,130,2341,0,0,92,1597,88,1326,92,2923,California
Inyo,2021-02-17,37,4284,4,1910,33,2374,0,0,7,1574,30,1356,7,2930,California
Inyo,2021-02-18,123,4407,6,1916,117,2491,0,0,79,1609,44,1400,79,3009,California
Inyo,2021-02-19,52,4459,4,1920,48,2539,0,0,9,1575,43,1443,9,3018,California
Inyo,2021-02-20,504,4963,500,2420,4,2543,0,0,502,2075,2,1445,502,3520,California
Inyo,2021-02-21,267,5230,267,2687,0,2543,0,0,267,2342,0,1445,267,3787,California
Inyo,2021-02-22,61,5291,19,2706,42,2585,0,0,27,2335,34,1479,27,3814,California
Inyo,2021-02-23,198,5489,20,2726,178,2763,0,0,94,2326,103,1582,94,3908,California
Inyo,2021-02-24,117,5606,0,2726,117,2880,0,0,57,2323,60,1642,57,3965,California
Inyo,2021-02-25,130,5736,3,2729,127,3007,0,0,62,2317,68,1710,62,4027,California
Inyo,2021-02-26,104,5840,61,2790,43,3050,0,0,19,2251,85,1795,19,4046,California
Inyo,2021-02-27,15,5855,4,2794,11,3061,0,0,3,2242,12,1807,3,4049,California
Inyo,2021-02-28,3,5858,1,2795,2,3063,0,0,2,2243,1,1808,2,4051,California
Inyo,2021-03-01,20,5878,2,2797,18,3081,0,0,17,2257,3,1811,17,4068,California
Inyo,2021-03-02,195,6073,1,2798,194,3275,0,0,111,2284,84,1895,111,4179,California
Inyo,2021-03-03,83,6156,2,2800,81,3356,0,0,40,2281,43,1938,40,4219,California
Inyo,2021-03-04,128,6284,4,2804,124,3480,0,0,46,2245,82,2020,46,4265,California
Inyo,2021-03-05,141,6425,56,2860,85,3565,0,0,38,2180,103,2123,38,4303,California
Inyo,2021-03-06,31,6456,1,2861,30,3595,0,0,30,2209,1,2124,30,4333,California
Inyo,2021-03-07,7,6463,4,2865,3,3598,0,0,5,2212,2,2126,5,4338,California
Inyo,2021-03-08,182,6645,5,2870,177,3775,0,0,91,2212,91,2217,91,4429,California
Inyo,2021-03-09,186,6831,2,2872,184,3959,0,0,71,2168,115,2332,71,4500,California
Inyo,2021-03-10,70,6901,8,2880,61,4020,1,1,30,2159,40,2372,31,4531,California
Inyo,2021-03-11,203,7104,1,2881,197,4217,5,6,73,2107,130,2502,78,4609,California
Inyo,2021-03-12,175,7279,4,2885,166,4383,5,11,77,2091,98,2600,82,4691,California
Inyo,2021-03-13,576,7855,541,3426,25,4408,10,21,77,1680,498,3098,87,4778,California
Inyo,2021-03-14,431,8286,430,3856,1,4409,0,21,168,1586,262,3360,168,4946,California
Inyo,2021-03-15,51,8337,15,3871,34,4443,2,23,30,1597,21,3381,32,4978,California
Inyo,2021-03-16,163,8500,4,3875,153,4596,6,29,63,1567,99,3480,69,5047,California
Inyo,2021-03-17,107,8607,3,3878,97,4693,7,36,92,1651,15,3495,99,5146,California
Inyo,2021-03-18,183,8790,15,3893,161,4854,7,43,103,1681,80,3575,110,5256,California
Inyo,2021-03-19,45,8835,4,3897,37,4891,4,47,35,1710,10,3585,39,5295,California
Inyo,2021-03-20,20,8855,1,3898,10,4901,9,56,1,1701,19,3604,10,5305,California
Inyo,2021-03-22,59,8914,2,3900,52,4953,5,61,39,1725,20,3624,44,5349,California
Inyo,2021-03-23,194,9108,4,3904,186,5139,4,65,104,1743,90,3714,108,5457,California
Inyo,2021-03-24,140,9248,3,3907,133,5272,4,69,87,1781,53,3767,91,5548,California
Inyo,2021-03-25,325,9573,104,4011,217,5489,4,73,259,1978,66,3833,263,5811,California
Inyo,2021-03-26,91,9664,3,4014,84,5573,4,77,71,2033,20,3853,75,5886,California
Inyo,2021-03-27,52,9716,44,4058,5,5578,3,80,46,2076,6,3859,49,5935,California
Inyo,2021-03-28,4,9720,1,4059,2,5580,1,81,1,2075,3,3862,2,5937,California
Inyo,2021-03-29,109,9829,2,4061,102,5682,5,86,82,2136,26,3888,87,6024,California
Inyo,2021-03-30,211,10040,2,4063,204,5886,5,91,101,2132,110,3998,106,6130,California
Inyo,2021-03-31,147,10187,4,4067,138,6024,5,96,106,2202,41,4039,111,6241,California
Inyo,2021-04-01,164,10351,4,4071,159,6183,1,97,115,2269,49,4088,116,6357,California
Inyo,2021-04-02,81,10432,1,4072,78,6261,2,99,52,2294,29,4117,54,6411,California
Inyo,2021-04-03,94,10526,47,4119,33,6294,14,113,6,2227,86,4203,19,6430,California
Inyo,2021-04-04,5,10531,4,4123,0,6294,1,114,1,2225,4,4207,2,6432,California
Inyo,2021-04-05,117,10648,1,4124,112,6406,4,118,29,2170,88,4295,33,6465,California
Inyo,2021-04-06,235,10883,6,4130,166,6572,63,181,104,2206,131,4426,167,6632,California
Inyo,2021-04-07,200,11083,2,4132,72,6644,126,307,44,2220,156,4582,170,6802,California
Inyo,2021-04-08,177,11260,15,4147,145,6789,17,324,80,2220,97,4679,97,6899,California
Inyo,2021-04-09,124,11384,6,4153,95,6884,23,347,37,2194,86,4765,60,6959,California
Inyo,2021-04-10,42,11426,1,4154,24,6908,17,364,3,2175,39,4804,20,6979,California
Inyo,2021-04-11,1,11427,0,4154,1,6909,0,364,1,2176,0,4804,1,6980,California
Inyo,2021-04-12,80,11507,0,4154,75,6984,5,369,41,2183,39,4843,46,7026,California
Inyo,2021-04-13,119,11626,3,4157,113,7097,3,372,61,2190,57,4900,64,7090,California
Inyo,2021-04-14,121,11747,2,4159,119,7216,0,372,38,2145,83,4983,38,7128,California
Inyo,2021-04-15,261,12008,102,4261,159,7375,0,372,82,2048,179,5162,82,7210,California
Inyo,2021-04-16,48,12056,6,4267,42,7417,0,372,21,2042,27,5189,21,7231,California
Inyo,2021-04-17,2,12058,1,4268,1,7418,0,372,1,2042,1,5190,1,7232,California
Inyo,2021-04-19,130,12188,43,4311,87,7505,0,372,44,2000,86,5276,44,7276,California
Inyo,2021-04-20,164,12352,3,4314,161,7666,0,372,81,1998,83,5359,81,7357,California
Inyo,2021-04-21,113,12465,4,4318,109,7775,0,372,32,1949,81,5440,32,7389,California
Inyo,2021-04-22,195,12660,1,4319,194,7969,0,372,52,1858,143,5583,52,7441,California
Inyo,2021-04-23,95,12755,4,4323,91,8060,0,372,22,1807,73,5656,22,7463,California
Inyo,2021-04-24,310,13065,309,4632,1,8061,0,372,305,2107,5,5661,305,7768,California
Inyo,2021-04-25,135,13200,134,4766,1,8062,0,372,135,2242,0,5661,135,7903,California
Inyo,2021-04-26,67,13267,0,4766,66,8128,1,373,8,2192,59,5720,9,7912,California
Inyo,2021-04-27,160,13427,7,4773,148,8276,5,378,47,2131,113,5833,52,7964,California
Inyo,2021-04-28,112,13539,2,4775,110,8386,0,378,17,2053,95,5928,17,7981,California
Inyo,2021-04-29,116,13655,48,4823,68,8454,0,378,68,2073,48,5976,68,8049,California
Kern,2020-12-15,1,1,1,1,0,0,0,0,1,1,0,0,1,1,California
Kern,2020-12-16,18,19,18,19,0,0,0,0,18,19,0,0,18,19,California
Kern,2020-12-17,163,182,163,182,0,0,0,0,163,182,0,0,163,182,California
Kern,2020-12-18,322,504,322,504,0,0,0,0,322,504,0,0,322,504,California
Kern,2020-12-19,98,602,98,602,0,0,0,0,99,603,0,0,99,603,California
Kern,2020-12-20,61,663,61,663,0,0,0,0,61,664,0,0,61,664,California
Kern,2020-12-21,671,1334,670,1333,1,1,0,0,671,1335,0,0,671,1335,California
Kern,2020-12-22,531,1865,528,1861,3,4,0,0,531,1866,0,0,531,1866,California
Kern,2020-12-23,558,2423,419,2280,139,143,0,0,558,2424,0,0,558,2424,California
Kern,2020-12-24,122,2545,43,2323,79,222,0,0,122,2546,0,0,122,2546,California
Kern,2020-12-25,1,2546,1,2324,0,222,0,0,1,2547,0,0,1,2547,California
Kern,2020-12-26,33,2579,1,2325,32,254,0,0,33,2580,0,0,33,2580,California
Kern,2020-12-27,35,2614,3,2328,32,286,0,0,35,2615,0,0,35,2615,California
Kern,2020-12-28,823,3437,659,2987,164,450,0,0,823,3438,0,0,823,3438,California
Kern,2020-12-29,745,4182,452,3439,293,743,0,0,744,4181,1,1,744,4182,California
Kern,2020-12-30,1200,5382,908,4347,292,1035,0,0,1200,5381,0,1,1200,5382,California
Kern,2020-12-31,277,5659,99,4446,178,1213,0,0,277,5658,0,1,277,5659,California
Kern,2021-01-01,12,5671,6,4452,6,1219,0,0,12,5670,0,1,12,5671,California
Kern,2021-01-02,78,5749,18,4470,60,1279,0,0,78,5748,0,1,78,5749,California
Kern,2021-01-03,23,5772,4,4474,19,1298,0,0,23,5771,0,1,23,5772,California
Kern,2021-01-04,553,6325,360,4834,193,1491,0,0,553,6324,0,1,553,6325,California
Kern,2021-01-05,1132,7457,738,5572,394,1885,0,0,1120,7432,12,13,1120,7445,California
Kern,2021-01-06,1166,8623,455,6027,711,2596,0,0,1136,8538,30,43,1136,8581,California
Kern,2021-01-07,1406,10029,493,6520,913,3509,0,0,1238,9609,167,210,1238,9819,California
Kern,2021-01-08,1628,11657,768,7288,860,4369,0,0,1330,10641,299,509,1331,11150,California
Kern,2021-01-09,225,11882,76,7364,149,4518,0,0,191,10798,34,543,191,11341,California
Kern,2021-01-10,194,12076,147,7511,47,4565,0,0,153,10910,41,584,153,11494,California
Kern,2021-01-11,1554,13630,983,8494,571,5136,0,0,999,11354,555,1139,999,12493,California
Kern,2021-01-12,1869,15499,810,9304,1059,6195,0,0,1358,12201,511,1650,1358,13851,California
Kern,2021-01-13,1853,17352,869,10173,984,7179,0,0,1431,13210,422,2072,1431,15282,California
Kern,2021-01-14,2182,19534,645,10818,1537,8716,0,0,2137,15301,46,2118,2137,17419,California
Kern,2021-01-15,2701,22235,857,11675,1844,10560,0,0,2604,17811,95,2213,2605,20024,California
Kern,2021-01-16,671,22906,213,11888,458,11018,0,0,636,18412,35,2248,636,20660,California
Kern,2021-01-17,73,22979,7,11895,66,11084,0,0,71,18481,2,2250,71,20731,California
Kern,2021-01-18,1642,24621,657,12552,985,12069,0,0,1474,19787,168,2418,1474,22205,California
Kern,2021-01-19,1851,26472,1032,13584,819,12888,0,0,1384,20705,467,2885,1385,23590,California
Kern,2021-01-20,2448,28920,1514,15098,934,13822,0,0,1823,21910,620,3505,1825,25415,California
Kern,2021-01-21,2166,31086,920,16018,1246,15068,0,0,1969,23683,196,3701,1969,27384,California
Kern,2021-01-22,2705,33791,1288,17306,1417,16485,0,0,2430,25839,274,3975,2430,29814,California
Kern,2021-01-23,1245,35036,535,17841,710,17195,0,0,1199,26992,46,4021,1199,31013,California
Kern,2021-01-24,160,35196,18,17859,142,17337,0,0,154,27140,6,4027,154,31167,California
Kern,2021-01-25,2383,37579,1084,18943,1299,18636,0,0,1900,28559,482,4509,1901,33068,California
Kern,2021-01-26,2765,40344,1125,20068,1640,20276,0,0,1909,29613,855,5364,1909,34977,California
Kern,2021-01-27,3556,43900,1901,21969,1655,21931,0,0,2856,31772,697,6061,2856,37833,California
Kern,2021-01-28,2861,46761,1352,23321,1509,23440,0,0,2428,33775,428,6489,2431,40264,California
Kern,2021-01-29,3767,50528,1801,25122,1966,25406,0,0,3224,36459,540,7029,3224,43488,California
Kern,2021-01-30,1324,51852,496,25618,828,26234,0,0,1277,37691,45,7074,1277,44765,California
Kern,2021-01-31,402,52254,275,25893,127,26361,0,0,267,37823,135,7209,267,45032,California
Kern,2021-02-01,2409,54663,818,26711,1591,27952,0,0,1858,39134,548,7757,1859,46891,California
Kern,2021-02-02,2922,57585,973,27684,1949,29901,0,0,2059,40331,863,8620,2060,48951,California
Kern,2021-02-03,3653,61238,1548,29232,2105,32006,0,0,2686,42057,960,9580,2686,51637,California
Kern,2021-02-04,3801,65039,1451,30683,2350,34356,0,0,2586,43439,1204,10784,2586,54223,California
Kern,2021-02-05,4847,69886,1988,32671,2859,37215,0,0,3090,44791,1738,12522,3090,57313,California
Kern,2021-02-06,1734,71620,766,33437,968,38183,0,0,1511,46082,220,12742,1511,58824,California
Kern,2021-02-07,284,71904,151,33588,133,38316,0,0,268,46336,14,12756,268,59092,California
Kern,2021-02-08,2560,74464,787,34375,1773,40089,0,0,1256,46307,1286,14042,1257,60349,California
Kern,2021-02-09,3037,77501,986,35361,2051,42140,0,0,1468,46213,1562,15604,1468,61817,California
Kern,2021-02-10,3783,81284,1657,37018,2126,44266,0,0,1895,46237,1872,17476,1896,63713,California
Kern,2021-02-11,4257,85541,1538,38556,2719,46985,0,0,2227,46447,2017,19493,2227,65940,California
Kern,2021-02-12,4947,90488,1890,40446,3057,50042,0,0,2481,46476,2452,21945,2481,68421,California
Kern,2021-02-13,2008,92496,726,41172,1282,51324,0,0,1165,46800,841,22786,1165,69586,California
Kern,2021-02-14,351,92847,12,41184,339,51663,0,0,270,46990,80,22866,270,69856,California
Kern,2021-02-15,2738,95585,889,42073,1849,53512,0,0,1209,46678,1521,24387,1209,71065,California
Kern,2021-02-16,2943,98528,719,42792,2224,55736,0,0,1654,47054,1279,25666,1655,72720,California
Kern,2021-02-17,4066,102594,2076,44868,1990,57726,0,0,1930,46854,2131,27797,1931,74651,California
Kern,2021-02-18,3750,106344,1480,46348,2270,59996,0,0,1617,46351,2120,29917,1617,76268,California
Kern,2021-02-19,4196,110540,1916,48264,2280,62276,0,0,1741,45645,2447,32364,1741,78009,California
Kern,2021-02-20,2570,113110,967,49231,1603,63879,0,0,1339,45756,1228,33592,1339,79348,California
Kern,2021-02-21,247,113357,141,49372,106,63985,0,0,86,45683,159,33751,86,79434,California
Kern,2021-02-22,2656,116013,1148,50520,1508,65493,0,0,1424,45880,1227,34978,1424,80858,California
Kern,2021-02-23,3541,119554,1121,51641,2420,67913,0,0,1977,46296,1562,36540,1978,82836,California
Kern,2021-02-24,5162,124716,2267,53908,2895,70808,0,0,3077,47292,2081,38621,3077,85913,California
Kern,2021-02-25,5352,130068,2445,56353,2907,73715,0,0,3176,48310,2158,40779,3176,89089,California
Kern,2021-02-26,6882,136950,3517,59870,3365,77080,0,0,4357,50150,2518,43297,4358,93447,California
Kern,2021-02-27,3851,140801,1892,61762,1959,79039,0,0,2517,51340,1327,44624,2517,95964,California
Kern,2021-02-28,908,141709,498,62260,410,79449,0,0,690,51814,216,44840,690,96654,California
Kern,2021-03-01,3983,145692,1806,64066,2176,81625,1,1,2690,53220,1285,46125,2691,99345,California
Kern,2021-03-02,4370,150062,1373,65439,2996,84621,1,2,2866,54593,1493,47618,2866,102211,California
Kern,2021-03-03,5798,155860,2700,68139,3098,87719,0,2,3712,56234,2072,49690,3713,105924,California
Kern,2021-03-04,5551,161411,2160,70299,3388,91107,3,5,3556,57811,1981,51671,3558,109482,California
Kern,2021-03-05,6463,167874,2667,72966,3779,94886,17,22,4042,59456,2414,54085,4059,113541,California
Kern,2021-03-06,4710,172584,1911,74877,2698,97584,101,123,3445,61744,1257,55342,3545,117086,California
Kern,2021-03-07,2042,174626,1584,76461,410,97994,48,171,1852,63455,189,55531,1900,118986,California
Kern,2021-03-08,2807,177433,852,77313,1742,99736,213,384,1462,63786,1342,56873,1673,120659,California
Kern,2021-03-09,3622,181055,786,78099,2453,102189,383,767,2230,65010,1387,58260,2611,123270,California
Kern,2021-03-10,6017,187072,2464,80563,2482,104671,1071,1838,3500,67074,2506,60766,4570,127840,California
Kern,2021-03-11,6283,193355,2408,82971,2849,107520,1026,2864,3730,69286,2542,63308,4754,132594,California
Kern,2021-03-12,7656,201011,2918,85889,3386,110906,1352,4216,4152,71287,3494,66802,5495,138089,California
Kern,2021-03-13,4423,205434,2299,88188,1789,112695,335,4551,3005,73209,1412,68214,3334,141423,California
Kern,2021-03-14,2187,207621,1413,89601,534,113229,240,4791,1672,74603,515,68729,1909,143332,California
Kern,2021-03-15,4241,211862,1082,90683,2447,115676,712,5503,2175,75432,2055,70784,2884,146216,California
Kern,2021-03-16,4327,216189,1004,91687,2795,118471,528,6031,2326,76291,1992,72776,2851,149067,California
Kern,2021-03-17,7228,223417,3797,95484,2874,121345,557,6588,4293,78215,2925,75701,4849,153916,California
Kern,2021-03-18,6973,230390,3392,98876,3002,124347,579,7167,4149,80134,2805,78506,4724,158640,California
Kern,2021-03-19,8731,239121,4752,103628,3330,127677,649,7816,4532,81123,4186,82692,5175,163815,California
Kern,2021-03-20,5930,245051,3585,107213,2171,129848,174,7990,3810,82997,2111,84803,3985,167800,California
Kern,2021-03-21,2866,247917,1753,108966,236,130084,877,8867,1687,84387,1174,85977,2564,170364,California
Kern,2021-03-22,3919,251836,1520,110486,2043,132127,356,9223,1899,84631,2012,87989,2256,172620,California
Kern,2021-03-23,4691,256527,1648,112134,2845,134972,198,9421,2486,85136,2176,90165,2681,175301,California
Kern,2021-03-24,6987,263514,3507,115641,3008,137980,472,9893,3663,85959,3310,93475,4133,179434,California
Kern,2021-03-25,6620,270134,2879,118520,3413,141393,328,10221,3268,86217,3336,96811,3594,183028,California
Kern,2021-03-26,9573,279707,4151,122671,4168,145561,1254,11475,4742,87396,4815,101626,5994,189022,California
Kern,2021-03-27,5437,285144,3742,126413,1568,147129,127,11602,3302,88692,2133,103759,3429,192451,California
Kern,2021-03-28,4320,289464,3832,130245,474,147603,14,11616,2769,89925,1550,105309,2783,195234,California
Kern,2021-03-29,4188,293652,1637,131882,2273,149876,278,11894,2606,91236,1571,106880,2882,198116,California
Kern,2021-03-30,5487,299139,1820,133702,3305,153181,362,12256,3067,92247,2416,109296,3427,201543,California
Kern,2021-03-31,8043,307182,4235,137937,3163,156344,645,12901,4252,93361,3781,113077,4895,206438,California
Kern,2021-04-01,7582,314764,3633,141570,3652,159996,297,13198,4091,94267,3478,116555,4384,210822,California
Kern,2021-04-02,8124,322888,4183,145753,3338,163334,603,13801,4073,94904,4036,120591,4673,215495,California
Kern,2021-04-03,5677,328565,3382,149135,2113,165447,182,13983,2592,94598,3078,123669,2772,218267,California
Kern,2021-04-04,1331,329896,865,150000,382,165829,84,14067,550,94453,779,124448,634,218901,California
Kern,2021-04-05,5306,335202,2192,152192,2349,168178,765,14832,2880,95662,2416,126864,3625,222526,California
Kern,2021-04-06,6880,342082,2458,154650,3210,171388,1212,16044,3602,97215,3259,130123,4812,227338,California
Kern,2021-04-07,9191,351273,5347,159997,2889,174277,955,16999,4602,98197,4574,134697,5556,232894,California
Kern,2021-04-08,8568,359841,4737,164734,2931,177208,900,17899,3924,98396,4624,139321,4823,237717,California
Kern,2021-04-09,9803,369644,5086,169820,3737,180945,980,18879,4371,98333,5412,144733,5349,243066,California
Kern,2021-04-10,6520,376164,3429,173249,1854,182799,1237,20116,2301,97654,4211,148944,3532,246598,California
Kern,2021-04-11,3760,379924,2886,176135,357,183156,517,20633,1426,97271,2324,151268,1941,248539,California
Kern,2021-04-12,4342,384266,978,177113,2398,185554,966,21599,1569,97046,2758,154026,2533,251072,California
Kern,2021-04-13,4261,388527,1409,178522,2827,188381,25,21624,2126,97073,2125,156151,2152,253224,California
Kern,2021-04-14,6012,394539,2954,181476,3036,191417,22,21646,3059,97215,2938,159089,3080,256304,California
Kern,2021-04-15,5196,399735,2434,183910,2760,194177,2,21648,2501,97036,2682,161771,2503,258807,California
Kern,2021-04-16,6913,406648,3404,187314,3509,197686,0,21648,3027,96199,3865,165636,3028,261835,California
Kern,2021-04-17,5888,412536,3846,191160,2042,199728,0,21648,2252,94827,3625,169261,2253,264088,California
Kern,2021-04-18,3617,416153,3381,194541,236,199964,0,21648,1055,93326,2556,171817,1055,265143,California
Kern,2021-04-19,3797,419950,1725,196266,2071,202035,1,21649,1438,92424,2340,174157,1438,266581,California
Kern,2021-04-20,4262,424212,1529,197795,2732,204767,1,21650,1638,91451,2613,176770,1640,268221,California
Kern,2021-04-21,5832,430044,3120,200915,2707,207474,5,21655,2270,90182,3543,180313,2274,270495,California
Kern,2021-04-22,4752,434796,2304,203219,2448,209922,0,21655,1757,88965,2975,183288,1758,272253,California
Kern,2021-04-23,5803,440599,2912,206131,2890,212812,1,21656,1950,87097,3820,187108,1952,274205,California
Kern,2021-04-24,3925,444524,2727,208858,1188,214000,10,21666,1482,86160,2429,189537,1492,275697,California
Kern,2021-04-25,1340,445864,1064,209922,276,214276,0,21666,772,86369,563,190100,772,276469,California
Kern,2021-04-26,3601,449465,1741,211663,1807,216083,53,21719,985,84799,2608,192708,1038,277507,California
Kern,2021-04-27,4423,453888,2180,213843,2141,218224,102,21821,1326,83140,3083,195791,1424,278931,California
Kern,2021-04-28,5605,459493,3251,217094,2236,220460,118,21939,1650,80962,3944,199735,1766,280697,California
Kern,2021-04-29,3429,462922,2022,219116,1366,221826,41,21980,870,79327,2547,202282,912,281609,California
Kings,2020-12-16,1,1,1,1,0,0,0,0,1,1,0,0,1,1,California
Kings,2020-12-17,8,9,8,9,0,0,0,0,8,9,0,0,8,9,California
Kings,2020-12-18,12,21,12,21,0,0,0,0,12,21,0,0,12,21,California
Kings,2020-12-19,11,32,11,32,0,0,0,0,11,32,0,0,11,32,California
Kings,2020-12-20,13,45,13,45,0,0,0,0,13,45,0,0,13,45,California
Kings,2020-12-21,156,201,156,201,0,0,0,0,269,314,0,0,269,314,California
Kings,2020-12-22,143,344,143,344,0,0,0,0,140,454,0,0,140,454,California
Kings,2020-12-23,134,478,122,466,12,12,0,0,135,589,0,0,135,589,California
Kings,2020-12-24,11,489,9,475,2,14,0,0,11,600,0,0,11,600,California
Kings,2020-12-26,7,496,4,479,3,17,0,0,7,607,0,0,7,607,California
Kings,2020-12-27,4,500,4,483,0,17,0,0,4,611,0,0,4,611,California
Kings,2020-12-28,131,631,103,586,28,45,0,0,132,743,0,0,132,743,California
Kings,2020-12-29,78,709,51,637,27,72,0,0,79,822,0,0,79,822,California
Kings,2020-12-30,147,856,108,745,39,111,0,0,147,969,0,0,147,969,California
Kings,2020-12-31,45,901,6,751,39,150,0,0,45,1014,0,0,45,1014,California
Kings,2021-01-01,1,902,0,751,1,151,0,0,1,1015,0,0,1,1015,California
Kings,2021-01-02,10,912,9,760,1,152,0,0,10,1025,0,0,10,1025,California
Kings,2021-01-04,112,1024,42,802,70,222,0,0,112,1137,0,0,112,1137,California
Kings,2021-01-05,196,1220,39,841,157,379,0,0,196,1333,0,0,196,1333,California
Kings,2021-01-06,276,1496,177,1018,99,478,0,0,273,1603,3,3,273,1606,California
Kings,2021-01-07,178,1674,81,1099,97,575,0,0,170,1765,8,11,170,1776,California
Kings,2021-01-08,247,1921,54,1153,193,768,0,0,228,1974,19,30,228,2004,California
Kings,2021-01-09,63,1984,9,1162,54,822,0,0,55,2021,8,38,55,2059,California
Kings,2021-01-10,15,1999,3,1165,12,834,0,0,12,2030,3,41,12,2071,California
Kings,2021-01-11,518,2517,354,1519,164,998,0,0,276,2065,242,283,277,2348,California
Kings,2021-01-12,350,2867,253,1772,97,1095,0,0,216,2150,131,414,216,2564,California
Kings,2021-01-13,414,3281,267,2039,147,1242,0,0,323,2382,91,505,323,2887,California
Kings,2021-01-14,208,3489,31,2070,177,1419,0,0,198,2560,21,526,199,3086,California
Kings,2021-01-15,416,3905,29,2099,387,1806,0,0,404,2952,12,538,404,3490,California
Kings,2021-01-16,31,3936,12,2111,19,1825,0,0,30,2981,1,539,30,3520,California
Kings,2021-01-17,8,3944,5,2116,3,1828,0,0,6,2985,2,541,6,3526,California
Kings,2021-01-18,172,4116,40,2156,132,1960,0,0,146,3105,26,567,146,3672,California
Kings,2021-01-19,376,4492,158,2314,218,2178,0,0,248,3225,128,695,248,3920,California
Kings,2021-01-20,225,4717,134,2448,91,2269,0,0,120,3244,101,796,120,4040,California
Kings,2021-01-21,186,4903,32,2480,154,2423,0,0,172,3400,16,812,172,4212,California
Kings,2021-01-22,125,5028,39,2519,86,2509,0,0,125,3520,5,817,125,4337,California
Kings,2021-01-23,26,5054,14,2533,12,2521,0,0,20,3534,6,823,20,4357,California
Kings,2021-01-24,4,5058,4,2537,0,2521,0,0,2,3534,2,825,2,4359,California
Kings,2021-01-25,124,5182,26,2563,98,2619,0,0,90,3590,34,859,90,4449,California
Kings,2021-01-26,154,5336,35,2598,119,2738,0,0,115,3666,39,898,115,4564,California
Kings,2021-01-27,319,5655,34,2632,285,3023,0,0,249,3846,69,967,249,4813,California
Kings,2021-01-28,326,5981,46,2678,280,3303,0,0,271,4062,55,1022,271,5084,California
Kings,2021-01-29,86,6067,26,2704,60,3363,0,0,69,4114,17,1039,69,5153,California
Kings,2021-01-30,1556,7623,31,2735,1525,4888,0,0,1553,5666,3,1042,1555,6708,California
Kings,2021-02-01,199,7822,64,2799,135,5023,0,0,72,5613,125,1167,72,6780,California
Kings,2021-02-02,226,8048,14,2813,212,5235,0,0,82,5552,143,1310,82,6862,California
Kings,2021-02-03,358,8406,192,3005,166,5401,0,0,203,5601,154,1464,203,7065,California
Kings,2021-02-04,395,8801,98,3103,297,5698,0,0,199,5605,195,1659,199,7264,California
Kings,2021-02-05,256,9057,14,3117,242,5940,0,0,101,5553,153,1812,101,7365,California
Kings,2021-02-06,60,9117,10,3127,50,5990,0,0,27,5547,33,1845,27,7392,California
Kings,2021-02-07,5,9122,3,3130,2,5992,0,0,3,5548,2,1847,3,7395,California
Kings,2021-02-08,170,9292,29,3159,141,6133,0,0,68,5514,102,1949,68,7463,California
Kings,2021-02-09,253,9545,57,3216,196,6329,0,0,110,5483,141,2090,110,7573,California
Kings,2021-02-10,286,9831,112,3328,174,6503,0,0,173,5543,113,2203,173,7746,California
Kings,2021-02-11,429,10260,65,3393,364,6867,0,0,318,5751,110,2313,318,8064,California
Kings,2021-02-12,610,10870,36,3429,574,7441,0,0,339,5819,271,2584,339,8403,California
Kings,2021-02-13,103,10973,6,3435,97,7538,0,0,78,5872,25,2609,78,8481,California
Kings,2021-02-14,102,11075,4,3439,98,7636,0,0,94,5958,8,2617,94,8575,California
Kings,2021-02-15,246,11321,5,3444,241,7877,0,0,137,5987,108,2725,137,8712,California
Kings,2021-02-16,485,11806,33,3477,452,8329,0,0,250,6003,234,2959,250,8962,California
Kings,2021-02-17,379,12185,22,3499,357,8686,0,0,242,6109,137,3096,243,9205,California
Kings,2021-02-18,155,12340,23,3522,132,8818,0,0,98,6150,57,3153,98,9303,California
Kings,2021-02-19,158,12498,23,3545,135,8953,0,0,102,6199,53,3206,102,9405,California
Kings,2021-02-20,171,12669,40,3585,131,9084,0,0,134,6296,37,3243,134,9539,California
Kings,2021-02-21,3,12672,2,3587,1,9085,0,0,3,6299,0,3243,3,9542,California
Kings,2021-02-22,110,12782,19,3606,91,9176,0,0,51,6291,59,3302,51,9593,California
Kings,2021-02-23,296,13078,69,3675,227,9403,0,0,179,6353,117,3419,179,9772,California
Kings,2021-02-24,592,13670,154,3829,438,9841,0,0,380,6521,212,3631,380,10152,California
Kings,2021-02-25,662,14332,112,3941,550,10391,0,0,444,6749,216,3847,444,10596,California
Kings,2021-02-26,657,14989,129,4070,528,10919,0,0,594,7281,62,3909,594,11190,California
Kings,2021-02-27,1498,16487,62,4132,1436,12355,0,0,564,6912,933,4842,564,11754,California
Kings,2021-02-28,1170,17657,595,4727,575,12930,0,0,672,7089,495,5337,672,12426,California
Kings,2021-03-01,259,17916,79,4806,180,13110,0,0,214,7258,45,5382,214,12640,California
Kings,2021-03-02,470,18386,206,5012,264,13374,0,0,420,7629,50,5432,421,13061,California
Kings,2021-03-03,625,19011,302,5314,323,13697,0,0,437,7879,187,5619,437,13498,California
Kings,2021-03-04,714,19725,343,5657,371,14068,0,0,618,8402,96,5715,619,14117,California
Kings,2021-03-05,1006,20731,349,6006,648,14716,9,9,890,9186,116,5831,900,15017,California
Kings,2021-03-06,511,21242,184,6190,314,15030,13,22,482,9652,29,5860,495,15512,California
Kings,2021-03-07,366,21608,225,6415,137,15167,4,26,358,10006,8,5868,362,15874,California
Kings,2021-03-08,350,21958,97,6512,200,15367,53,79,241,10190,109,5977,293,16167,California
Kings,2021-03-09,517,22475,238,6750,224,15591,55,134,411,10551,106,6083,467,16634,California
Kings,2021-03-10,502,22977,124,6874,287,15878,91,225,320,10780,181,6264,410,17044,California
Kings,2021-03-11,1018,23995,305,7179,603,16481,110,335,613,11100,403,6667,723,17767,California
Kings,2021-03-12,1308,25303,392,7571,822,17303,94,429,907,11703,400,7067,1003,18770,California
Kings,2021-03-13,672,25975,332,7903,296,17599,44,473,545,12166,127,7194,590,19360,California
Kings,2021-03-14,671,26646,101,8004,184,17783,386,859,200,12281,471,7665,586,19946,California
Kings,2021-03-15,655,27301,219,8223,321,18104,115,974,419,12582,235,7900,536,20482,California
Kings,2021-03-16,1039,28340,439,8662,539,18643,61,1035,703,13010,336,8236,764,21246,California
Kings,2021-03-17,1088,29428,416,9078,611,19254,61,1096,770,13530,318,8554,838,22084,California
Kings,2021-03-18,1097,30525,466,9544,409,19663,222,1318,765,14189,331,8885,990,23074,California
Kings,2021-03-19,931,31456,468,10012,378,20041,85,1403,714,14784,217,9102,812,23886,California
Kings,2021-03-20,621,32077,254,10266,337,20378,30,1433,448,15098,171,9273,485,24371,California
Kings,2021-03-21,1400,33477,1085,11351,304,20682,11,1444,847,15403,553,9826,858,25229,California
Kings,2021-03-22,449,33926,203,11554,163,20845,83,1527,276,15593,173,9999,363,25592,California
Kings,2021-03-23,898,34824,492,12046,343,21188,63,1590,575,15913,321,10320,641,26233,California
Kings,2021-03-24,917,35741,475,12521,419,21607,23,1613,510,16043,405,10725,535,26768,California
Kings,2021-03-25,885,36626,440,12961,419,22026,26,1639,443,16072,440,11165,469,27237,California
Kings,2021-03-26,1279,37905,372,13333,822,22848,85,1724,527,15936,747,11912,611,27848,California
Kings,2021-03-27,616,38521,245,13578,359,23207,12,1736,169,15672,445,12357,181,28029,California
Kings,2021-03-28,547,39068,476,14054,64,23271,7,1743,341,15822,206,12563,356,28385,California
Kings,2021-03-29,456,39524,201,14255,195,23466,60,1803,250,15927,204,12767,309,28694,California
Kings,2021-03-30,835,40359,462,14717,335,23801,38,1841,416,15963,418,13185,454,29148,California
Kings,2021-03-31,724,41083,375,15092,285,24086,64,1905,416,16142,301,13486,480,29628,California
Kings,2021-04-01,745,41828,373,15465,293,24379,79,1984,340,16162,399,13885,419,30047,California
Kings,2021-04-02,974,42802,422,15887,430,24809,122,2106,426,16166,543,14428,547,30594,California
Kings,2021-04-03,472,43274,328,16215,136,24945,8,2114,160,16030,306,14734,170,30764,California
Kings,2021-04-04,156,43430,82,16297,68,25013,6,2120,44,15969,111,14845,50,30814,California
Kings,2021-04-05,1043,44473,320,16617,473,25486,250,2370,253,15683,789,15634,503,31317,California
Kings,2021-04-06,1180,45653,447,17064,426,25912,307,2677,296,15404,881,16515,602,31919,California
Kings,2021-04-07,1338,46991,639,17703,515,26427,184,2861,412,15076,924,17439,596,32515,California
Kings,2021-04-08,1591,48582,627,18330,713,27140,251,3112,363,14469,1221,18660,614,33129,California
Kings,2021-04-09,1102,49684,522,18852,406,27546,174,3286,237,14015,863,19523,409,33538,California
Kings,2021-04-10,590,50274,328,19180,160,27706,102,3388,179,13886,410,19933,281,33819,California
Kings,2021-04-11,323,50597,74,19254,243,27949,6,3394,191,13951,132,20065,197,34016,California
Kings,2021-04-12,696,51293,310,19564,186,28135,200,3594,190,13837,504,20569,390,34406,California
Kings,2021-04-13,873,52166,501,20065,372,28507,0,3594,281,13532,591,21160,286,34692,California
Kings,2021-04-14,1019,53185,564,20629,455,28962,0,3594,370,13254,649,21809,371,35063,California
Kings,2021-04-15,1018,54203,494,21123,523,29485,1,3595,451,13140,566,22375,452,35515,California
Kings,2021-04-16,764,54967,360,21483,404,29889,0,3595,268,12913,495,22870,268,35783,California
Kings,2021-04-17,455,55422,242,21725,213,30102,0,3595,199,12857,255,23125,199,35982,California
Kings,2021-04-18,548,55970,238,21963,310,30412,0,3595,69,12447,479,23604,69,36051,California
Kings,2021-04-19,522,56492,287,22250,233,30645,2,3597,284,12495,236,23840,284,36335,California
Kings,2021-04-20,727,57219,440,22690,287,30932,0,3597,241,12252,484,24324,241,36576,California
Kings,2021-04-21,630,57849,305,22995,325,31257,0,3597,219,12065,406,24730,219,36795,California
Kings,2021-04-22,547,58396,275,23270,272,31529,0,3597,205,11932,339,25069,206,37001,California
Kings,2021-04-23,661,59057,290,23560,371,31900,0,3597,328,11931,329,25398,328,37329,California
Kings,2021-04-24,240,59297,174,23734,65,31965,1,3598,116,11925,123,25521,117,37446,California
Kings,2021-04-25,195,59492,176,23910,19,31984,0,3598,159,12048,36,25557,159,37605,California
Kings,2021-04-26,287,59779,147,24057,137,32121,3,3601,181,12127,105,25662,184,37789,California
Kings,2021-04-27,391,60170,171,24228,199,32320,21,3622,160,12078,230,25892,181,37970,California
Kings,2021-04-28,443,60613,235,24463,193,32513,15,3637,238,12126,205,26097,253,38223,California
Kings,2021-04-29,181,60794,51,24514,127,32640,3,3640,77,12103,103,26200,80,38303,California
Lake,2020-12-17,4,4,4,4,0,0,0,0,4,4,0,0,4,4,California
Lake,2020-12-18,51,55,51,55,0,0,0,0,51,55,0,0,51,55,California
Lake,2020-12-19,3,58,3,58,0,0,0,0,3,58,0,0,3,58,California
Lake,2020-12-20,6,64,6,64,0,0,0,0,6,64,0,0,6,64,California
Lake,2020-12-21,86,150,86,150,0,0,0,0,86,150,0,0,86,150,California
Lake,2020-12-22,63,213,60,210,3,3,0,0,63,213,0,0,63,213,California
Lake,2020-12-23,123,336,114,324,9,12,0,0,123,336,0,0,123,336,California
Lake,2020-12-24,2,338,0,324,2,14,0,0,2,338,0,0,2,338,California
Lake,2020-12-26,2,340,2,326,0,14,0,0,2,340,0,0,2,340,California
Lake,2020-12-27,2,342,2,328,0,14,0,0,2,342,0,0,2,342,California
Lake,2020-12-28,52,394,43,371,9,23,0,0,52,394,0,0,52,394,California
Lake,2020-12-29,51,445,46,417,5,28,0,0,51,445,0,0,51,445,California
Lake,2020-12-30,124,569,117,534,7,35,0,0,124,569,0,0,124,569,California
Lake,2020-12-31,67,636,64,598,3,38,0,0,67,636,0,0,67,636,California
Lake,2021-01-01,1,637,0,598,1,39,0,0,1,637,0,0,1,637,California
Lake,2021-01-02,2,639,1,599,1,40,0,0,2,639,0,0,2,639,California
Lake,2021-01-04,87,726,21,620,66,106,0,0,87,726,0,0,87,726,California
Lake,2021-01-05,119,845,59,679,60,166,0,0,117,841,2,2,117,843,California
Lake,2021-01-06,105,950,65,744,40,206,0,0,103,942,2,4,103,946,California
Lake,2021-01-07,107,1057,84,828,23,229,0,0,98,1031,9,13,98,1044,California
Lake,2021-01-08,152,1209,124,952,28,257,0,0,100,1079,52,65,100,1144,California
Lake,2021-01-09,63,1272,61,1013,2,259,0,0,59,1134,4,69,59,1203,California
Lake,2021-01-10,3,1275,3,1016,0,259,0,0,0,1131,3,72,0,1203,California
Lake,2021-01-11,192,1467,151,1167,41,300,0,0,112,1163,80,152,112,1315,California
Lake,2021-01-12,80,1547,48,1215,32,332,0,0,56,1195,24,176,56,1371,California
Lake,2021-01-13,164,1711,112,1327,52,384,0,0,107,1245,57,233,107,1478,California
Lake,2021-01-14,147,1858,46,1373,101,485,0,0,125,1348,22,255,125,1603,California
Lake,2021-01-15,215,2073,92,1465,123,608,0,0,188,1509,27,282,188,1791,California
Lake,2021-01-16,134,2207,81,1546,53,661,0,0,132,1639,2,284,132,1923,California
Lake,2021-01-17,18,2225,6,1552,12,673,0,0,12,1645,6,290,12,1935,California
Lake,2021-01-18,246,2471,226,1778,20,693,0,0,126,1651,120,410,126,2061,California
Lake,2021-01-19,311,2782,117,1895,194,887,0,0,266,1873,45,455,267,2328,California
Lake,2021-01-20,422,3204,80,1975,342,1229,0,0,358,2168,63,518,358,2686,California
Lake,2021-01-21,433,3637,49,2024,384,1613,0,0,398,2531,35,553,398,3084,California
Lake,2021-01-22,318,3955,46,2070,272,1885,0,0,282,2777,36,589,282,3366,California
Lake,2021-01-23,122,4077,5,2075,117,2002,0,0,121,2897,1,590,121,3487,California
Lake,2021-01-24,4,4081,1,2076,3,2005,0,0,4,2901,0,590,4,3491,California
Lake,2021-01-25,257,4338,95,2171,162,2167,0,0,176,2996,81,671,176,3667,California
Lake,2021-01-26,428,4766,36,2207,392,2559,0,0,405,3378,23,694,405,4072,California
Lake,2021-01-27,359,5125,41,2248,318,2877,0,0,331,3682,28,722,332,4404,California
Lake,2021-01-28,499,5624,161,2409,338,3215,0,0,370,3923,129,851,370,4774,California
Lake,2021-01-29,637,6261,83,2492,554,3769,0,0,577,4440,60,911,577,5351,California
Lake,2021-01-30,556,6817,45,2537,511,4280,0,0,550,4984,6,917,550,5901,California
Lake,2021-01-31,14,6831,8,2545,6,4286,0,0,12,4994,2,919,12,5913,California
Lake,2021-02-01,179,7010,18,2563,161,4447,0,0,166,5147,13,932,166,6079,California
Lake,2021-02-02,563,7573,152,2715,411,4858,0,0,398,5380,165,1097,398,6477,California
Lake,2021-02-03,445,8018,33,2748,412,5270,0,0,340,5615,105,1202,340,6817,California
Lake,2021-02-04,120,8138,69,2817,51,5321,0,0,73,5641,47,1249,73,6890,California
Lake,2021-02-05,378,8516,69,2886,309,5630,0,0,288,5841,88,1337,288,7178,California
Lake,2021-02-06,275,8791,40,2926,235,5865,0,0,264,6094,11,1348,264,7442,California
Lake,2021-02-07,2,8793,1,2927,1,5866,0,0,2,6096,0,1348,2,7444,California
Lake,2021-02-08,278,9071,206,3133,72,5938,0,0,159,6136,119,1467,159,7603,California
Lake,2021-02-09,344,9415,25,3158,319,6257,0,0,300,6393,43,1510,300,7903,California
Lake,2021-02-10,350,9765,55,3213,295,6552,0,0,274,6591,76,1586,274,8177,California
Lake,2021-02-11,169,9934,18,3231,151,6703,0,0,56,6534,113,1699,56,8233,California
Lake,2021-02-12,377,10311,29,3260,348,7051,0,0,290,6738,86,1785,290,8523,California
Lake,2021-02-13,248,10559,9,3269,239,7290,0,0,237,6964,11,1796,237,8760,California
Lake,2021-02-14,19,10578,4,3273,15,7305,0,0,6,6957,13,1809,6,8766,California
Lake,2021-02-15,172,10750,13,3286,159,7464,0,0,8,6802,163,1972,8,8774,California
Lake,2021-02-16,423,11173,23,3309,400,7864,0,0,176,6731,247,2219,176,8950,California
Lake,2021-02-17,351,11524,54,3363,297,8161,0,0,70,6521,280,2499,70,9020,California
Lake,2021-02-18,456,11980,69,3432,387,8548,0,0,114,6293,342,2841,114,9134,California
Lake,2021-02-19,418,12398,25,3457,393,8941,0,0,93,6061,325,3166,93,9227,California
Lake,2021-02-20,294,12692,60,3517,234,9175,0,0,251,6270,42,3208,251,9478,California
Lake,2021-02-21,6,12698,6,3523,0,9175,0,0,0,6264,6,3214,0,9478,California
Lake,2021-02-22,140,12838,24,3547,116,9291,0,0,43,6210,97,3311,43,9521,California
Lake,2021-02-23,211,13049,14,3561,197,9488,0,0,26,6051,185,3496,26,9547,California
Lake,2021-02-24,955,14004,378,3939,577,10065,0,0,416,5929,538,4034,416,9963,California
Lake,2021-02-25,731,14735,463,4402,268,10333,0,0,471,6142,258,4292,471,10434,California
Lake,2021-02-26,994,15729,304,4706,690,11023,0,0,348,5847,643,4935,348,10782,California
Lake,2021-02-27,410,16139,97,4803,313,11336,0,0,328,6093,82,5017,328,11110,California
Lake,2021-02-28,18,16157,12,4815,6,11342,0,0,10,6095,8,5025,10,11120,California
Lake,2021-03-01,596,16753,53,4868,543,11885,0,0,443,6385,153,5178,443,11563,California
Lake,2021-03-02,744,17497,18,4886,726,12611,0,0,291,6222,454,5632,291,11854,California
Lake,2021-03-03,359,17856,196,5082,163,12774,0,0,135,6133,224,5856,135,11989,California
Lake,2021-03-04,576,18432,508,5590,68,12842,0,0,561,6679,15,5871,561,12550,California
Lake,2021-03-05,1037,19469,40,5630,997,13839,0,0,174,5994,859,6730,174,12724,California
Lake,2021-03-06,36,19505,11,5641,24,13863,1,1,21,6001,15,6745,22,12746,California
Lake,2021-03-07,7,19512,5,5646,2,13865,0,1,4,6002,3,6748,4,12750,California
Lake,2021-03-08,338,19850,267,5913,62,13927,9,10,298,6269,40,6788,307,13057,California
Lake,2021-03-09,913,20763,29,5942,867,14794,17,27,392,6158,520,7308,409,13466,California
Lake,2021-03-10,204,20967,60,6002,131,14925,13,40,136,6239,68,7376,149,13615,California
Lake,2021-03-11,583,21550,47,6049,62,14987,474,514,48,6226,535,7911,522,14137,California
Lake,2021-03-12,854,22404,203,6252,627,15614,24,538,363,6123,490,8401,387,14524,California
Lake,2021-03-13,278,22682,21,6273,20,15634,237,775,16,6114,261,8662,252,14776,California
Lake,2021-03-14,11,22693,2,6275,9,15643,0,775,7,6117,4,8666,7,14783,California
Lake,2021-03-15,642,23335,14,6289,611,16254,17,792,483,6458,159,8825,500,15283,California
Lake,2021-03-16,1113,24448,834,7123,262,16516,17,809,447,6259,662,9487,463,15746,California
Lake,2021-03-17,247,24695,122,7245,103,16619,22,831,90,6214,157,9644,112,15858,California
Lake,2021-03-18,748,25443,373,7618,338,16957,37,868,372,6247,375,10019,408,16266,California
Lake,2021-03-19,580,26023,313,7931,247,17204,20,888,474,6636,105,10124,494,16760,California
Lake,2021-03-20,248,26271,8,7939,237,17441,3,891,29,6451,217,10341,32,16792,California
Lake,2021-03-21,16,26287,11,7950,4,17445,1,892,11,6458,5,10346,12,16804,California
Lake,2021-03-22,324,26611,244,8194,66,17511,14,906,238,6624,86,10432,252,17056,California
Lake,2021-03-23,416,27027,18,8212,385,17896,13,919,355,6932,60,10492,368,17424,California
Lake,2021-03-24,414,27441,61,8273,345,18241,8,927,318,7164,95,10587,327,17751,California
Lake,2021-03-25,656,28097,468,8741,182,18423,6,933,172,6858,484,11071,178,17929,California
Lake,2021-03-26,69,28166,33,8774,35,18458,1,934,47,6884,22,11093,48,17977,California
Lake,2021-03-27,309,28475,7,8781,299,18757,3,937,17,6614,290,11383,20,17997,California
Lake,2021-03-28,16,28491,7,8788,9,18766,0,937,10,6618,6,11389,10,18007,California
Lake,2021-03-29,899,29390,268,9056,629,19395,2,939,193,6109,704,12093,195,18202,California
Lake,2021-03-30,454,29844,305,9361,147,19542,2,941,368,6394,85,12178,370,18572,California
Lake,2021-03-31,583,30427,60,9421,523,20065,0,941,418,6655,157,12335,418,18990,California
Lake,2021-04-01,424,30851,219,9640,193,20258,12,953,179,6604,242,12577,191,19181,California
Lake,2021-04-02,221,31072,40,9680,153,20411,28,981,98,6607,123,12700,126,19307,California
Lake,2021-04-03,30,31102,6,9686,21,20432,3,984,11,6602,19,12719,14,19321,California
Lake,2021-04-04,21,31123,11,9697,8,20440,2,986,16,6615,5,12724,18,19339,California
Lake,2021-04-05,635,31758,70,9767,546,20986,19,1005,397,6795,235,12959,415,19754,California
Lake,2021-04-06,470,32228,14,9781,430,21416,26,1031,298,6948,171,13130,324,20078,California
Lake,2021-04-07,516,32744,56,9837,410,21826,50,1081,350,7184,164,13294,400,20478,California
Lake,2021-04-08,598,33342,485,10322,46,21872,67,1148,102,6860,493,13787,169,20647,California
Lake,2021-04-09,283,33625,44,10366,170,22042,69,1217,49,6747,231,14018,118,20765,California
Lake,2021-04-10,253,33878,15,10381,14,22056,224,1441,11,6740,242,14260,235,21000,California
Lake,2021-04-11,22,33900,17,10398,3,22059,2,1443,7,6734,15,14275,9,21009,California
Lake,2021-04-12,1068,34968,231,10629,804,22863,33,1476,248,6196,819,15094,281,21290,California
Lake,2021-04-13,180,35148,109,10738,71,22934,0,1476,53,6122,127,15221,53,21343,California
Lake,2021-04-14,607,35755,36,10774,571,23505,0,1476,547,6609,60,15281,547,21890,California
Lake,2021-04-15,623,36378,176,10950,447,23952,0,1476,316,6618,307,15588,316,22206,California
Lake,2021-04-16,259,36637,25,10975,233,24185,1,1477,69,6499,189,15777,70,22276,California
Lake,2021-04-17,39,36676,11,10986,28,24213,0,1477,29,6518,10,15787,29,22305,California
Lake,2021-04-18,8,36684,5,10991,3,24216,0,1477,0,6510,8,15795,0,22305,California
Lake,2021-04-19,295,36979,39,11030,256,24472,0,1477,245,6705,50,15845,245,22550,California
Lake,2021-04-20,691,37670,277,11307,414,24886,0,1477,112,6240,578,16423,113,22663,California
Lake,2021-04-21,533,38203,63,11370,470,25356,0,1477,204,6116,328,16751,204,22867,California
Lake,2021-04-22,456,38659,46,11416,410,25766,0,1477,312,6285,143,16894,312,23179,California
Lake,2021-04-23,113,38772,57,11473,56,25822,0,1477,67,6306,46,16940,67,23246,California
Lake,2021-04-24,52,38824,9,11482,43,25865,0,1477,38,6330,14,16954,38,23284,California
Lake,2021-04-25,36,38860,19,11501,17,25882,0,1477,23,6340,13,16967,23,23307,California
Lake,2021-04-26,259,39119,73,11574,185,26067,1,1478,72,6226,187,17154,73,23380,California
Lake,2021-04-27,225,39344,18,11592,189,26256,18,1496,74,6167,151,17305,92,23472,California
Lake,2021-04-28,441,39785,44,11636,388,26644,9,1505,103,5943,336,17641,112,23584,California
Lake,2021-04-29,113,39898,44,11680,63,26707,6,1511,65,5966,48,17689,71,23655,California
Lassen,2020-12-16,8,8,8,8,0,0,0,0,8,8,0,0,8,8,California
Lassen,2020-12-17,6,14,6,14,0,0,0,0,6,14,0,0,6,14,California
Lassen,2020-12-18,1,15,1,15,0,0,0,0,1,15,0,0,1,15,California
Lassen,2020-12-19,5,20,5,20,0,0,0,0,5,20,0,0,5,20,California
Lassen,2020-12-20,2,22,2,22,0,0,0,0,2,22,0,0,2,22,California
Lassen,2020-12-21,11,33,11,33,0,0,0,0,11,33,0,0,11,33,California
Lassen,2020-12-22,23,56,23,56,0,0,0,0,23,56,0,0,23,56,California
Lassen,2020-12-23,6,62,6,62,0,0,0,0,6,62,0,0,6,62,California
Lassen,2020-12-24,11,73,11,73,0,0,0,0,11,73,0,0,11,73,California
Lassen,2020-12-28,3,76,2,75,1,1,0,0,3,76,0,0,3,76,California
Lassen,2020-12-29,35,111,35,110,0,1,0,0,35,111,0,0,35,111,California
Lassen,2020-12-30,37,148,36,146,1,2,0,0,37,148,0,0,37,148,California
Lassen,2020-12-31,49,197,42,188,7,9,0,0,49,197,0,0,49,197,California
Lassen,2021-01-02,1,198,0,188,1,10,0,0,1,198,0,0,1,198,California
Lassen,2021-01-04,15,213,1,189,14,24,0,0,15,213,0,0,15,213,California
Lassen,2021-01-05,194,407,53,242,141,165,0,0,194,407,0,0,194,407,California
Lassen,2021-01-06,93,500,42,284,51,216,0,0,85,485,8,8,86,493,California
Lassen,2021-01-07,43,543,7,291,36,252,0,0,37,516,6,14,37,530,California
Lassen,2021-01-08,50,593,2,293,48,300,0,0,50,566,0,14,50,580,California
Lassen,2021-01-09,12,605,6,299,6,306,0,0,12,578,0,14,12,592,California
Lassen,2021-01-11,27,632,5,304,22,328,0,0,27,605,0,14,27,619,California
Lassen,2021-01-12,49,681,29,333,20,348,0,0,30,616,19,33,30,649,California
Lassen,2021-01-13,161,842,18,351,143,491,0,0,146,747,15,48,146,795,California
Lassen,2021-01-14,163,1005,18,369,145,636,0,0,151,886,12,60,151,946,California
Lassen,2021-01-15,33,1038,6,375,27,663,0,0,33,919,0,60,33,979,California
Lassen,2021-01-16,34,1072,33,408,1,664,0,0,34,953,0,60,34,1013,California
Lassen,2021-01-17,1,1073,0,408,1,665,0,0,1,954,0,60,1,1014,California
Lassen,2021-01-18,5,1078,2,410,3,668,0,0,4,957,1,61,4,1018,California
Lassen,2021-01-19,185,1263,36,446,149,817,0,0,157,1086,28,89,157,1175,California
Lassen,2021-01-20,189,1452,101,547,88,905,0,0,105,1122,69,158,105,1280,California
Lassen,2021-01-21,145,1597,93,640,52,957,0,0,121,1225,18,176,121,1401,California
Lassen,2021-01-22,31,1628,18,658,13,970,0,0,21,1236,10,186,21,1422,California
Lassen,2021-01-23,2,1630,0,658,2,972,0,0,2,1238,0,186,2,1424,California
Lassen,2021-01-24,1,1631,0,658,1,973,0,0,1,1239,0,186,1,1425,California
Lassen,2021-01-25,11,1642,0,658,11,984,0,0,11,1250,0,186,11,1436,California
Lassen,2021-01-26,126,1768,12,670,114,1098,0,0,122,1368,4,190,122,1558,California
Lassen,2021-01-27,85,1853,33,703,52,1150,0,0,69,1421,16,206,69,1627,California
Lassen,2021-01-28,85,1938,14,717,71,1221,0,0,84,1504,1,207,84,1711,California
Lassen,2021-01-29,23,1961,7,724,16,1237,0,0,22,1525,1,208,22,1733,California
Lassen,2021-02-01,62,2023,4,728,58,1295,0,0,36,1535,26,234,36,1769,California
Lassen,2021-02-02,177,2200,12,740,165,1460,0,0,44,1446,133,367,44,1813,California
Lassen,2021-02-03,96,2296,21,761,75,1535,0,0,51,1452,45,412,51,1864,California
Lassen,2021-02-04,112,2408,15,776,97,1632,0,0,63,1466,49,461,63,1927,California
Lassen,2021-02-05,65,2473,12,788,53,1685,0,0,23,1447,42,503,23,1950,California
Lassen,2021-02-06,69,2542,34,822,35,1720,0,0,36,1451,32,535,36,1986,California
Lassen,2021-02-07,2,2544,2,824,0,1720,0,0,2,1453,0,535,2,1988,California
Lassen,2021-02-08,43,2587,4,828,39,1759,0,0,18,1446,25,560,18,2006,California
Lassen,2021-02-09,129,2716,8,836,121,1880,0,0,50,1417,79,639,50,2056,California
Lassen,2021-02-10,183,2899,21,857,162,2042,0,0,75,1384,108,747,75,2131,California
Lassen,2021-02-11,184,3083,16,873,168,2210,0,0,80,1361,103,850,80,2211,California
Lassen,2021-02-12,42,3125,11,884,31,2241,0,0,14,1347,28,878,14,2225,California
Lassen,2021-02-13,12,3137,3,887,9,2250,0,0,10,1355,2,880,10,2235,California
Lassen,2021-02-14,13,3150,0,887,13,2263,0,0,12,1366,1,881,12,2247,California
Lassen,2021-02-15,21,3171,2,889,19,2282,0,0,17,1379,4,885,17,2264,California
Lassen,2021-02-16,192,3363,4,893,188,2470,0,0,31,1251,159,1044,31,2295,California
Lassen,2021-02-17,184,3547,94,987,90,2560,0,0,11,1089,173,1217,11,2306,California
Lassen,2021-02-18,80,3627,22,1009,58,2618,0,0,20,1049,60,1277,20,2326,California
Lassen,2021-02-19,82,3709,62,1071,20,2638,0,0,18,1003,64,1341,18,2344,California
Lassen,2021-02-20,8,3717,0,1071,8,2646,0,0,6,1007,2,1343,6,2350,California
Lassen,2021-02-21,22,3739,2,1073,20,2666,0,0,18,1021,4,1347,18,2368,California
Lassen,2021-02-22,23,3762,8,1081,15,2681,0,0,5,1008,18,1365,5,2373,California
Lassen,2021-02-23,153,3915,10,1091,143,2824,0,0,41,937,112,1477,41,2414,California
Lassen,2021-02-24,166,4081,17,1108,149,2973,0,0,108,988,57,1534,108,2522,California
Lassen,2021-02-25,156,4237,19,1127,137,3110,0,0,99,1030,57,1591,99,2621,California
Lassen,2021-02-26,73,4310,16,1143,57,3167,0,0,36,1029,37,1628,36,2657,California
Lassen,2021-02-27,8,4318,7,1150,1,3168,0,0,3,1027,5,1633,3,2660,California
Lassen,2021-02-28,6,4324,1,1151,5,3173,0,0,3,1027,3,1636,3,2663,California
Lassen,2021-03-01,41,4365,4,1155,37,3210,0,0,8,1002,33,1669,8,2671,California
Lassen,2021-03-02,106,4471,8,1163,98,3308,0,0,80,1056,26,1695,80,2751,California
Lassen,2021-03-03,170,4641,12,1175,158,3466,0,0,113,1112,57,1752,113,2864,California
Lassen,2021-03-04,148,4789,15,1190,133,3599,0,0,98,1161,49,1801,98,2962,California
Lassen,2021-03-05,47,4836,7,1197,17,3616,23,23,11,1159,36,1837,34,2996,California
Lassen,2021-03-06,56,4892,5,1202,29,3645,22,45,6,1137,50,1887,28,3024,California
Lassen,2021-03-07,56,4948,1,1203,0,3645,55,100,1,1138,55,1942,56,3080,California
Lassen,2021-03-08,90,5038,2,1205,8,3653,80,180,3,1135,86,2028,83,3163,California
Lassen,2021-03-09,137,5175,11,1216,109,3762,17,197,88,1192,49,2077,106,3269,California
Lassen,2021-03-10,173,5348,10,1226,162,3924,1,198,79,1179,93,2170,80,3349,California
Lassen,2021-03-11,185,5533,16,1242,162,4086,7,205,113,1230,69,2239,120,3469,California
Lassen,2021-03-12,35,5568,18,1260,13,4099,4,209,12,1223,23,2262,16,3485,California
Lassen,2021-03-13,49,5617,0,1260,3,4102,46,255,1,1221,48,2310,46,3531,California
Lassen,2021-03-14,14,5631,2,1262,11,4113,1,256,2,1212,12,2322,3,3534,California
Lassen,2021-03-15,32,5663,1,1263,31,4144,0,256,16,1212,16,2338,16,3550,California
Lassen,2021-03-16,93,5756,2,1265,85,4229,6,262,74,1273,19,2357,80,3630,California
Lassen,2021-03-17,1084,6840,9,1274,1070,5299,5,267,1064,2322,20,2377,1069,4699,California
Lassen,2021-03-18,95,6935,9,1283,85,5384,1,268,81,2390,14,2391,82,4781,California
Lassen,2021-03-19,17,6952,11,1294,2,5386,4,272,7,2391,10,2401,11,4792,California
Lassen,2021-03-20,29,6981,3,1297,23,5409,3,275,22,2409,7,2408,25,4817,California
Lassen,2021-03-21,34,7015,0,1297,34,5443,0,275,14,2404,19,2427,14,4831,California
Lassen,2021-03-22,57,7072,1,1298,56,5499,0,275,54,2455,3,2430,54,4885,California
Lassen,2021-03-23,117,7189,9,1307,107,5606,1,276,66,2471,51,2481,67,4952,California
Lassen,2021-03-24,212,7401,13,1320,199,5805,0,276,107,2474,104,2585,107,5059,California
Lassen,2021-03-25,151,7552,20,1340,131,5936,0,276,69,2461,82,2667,69,5128,California
Lassen,2021-03-26,78,7630,13,1353,26,5962,39,315,19,2460,59,2726,58,5186,California
Lassen,2021-03-27,20,7650,4,1357,1,5963,15,330,3,2461,17,2743,18,5204,California
Lassen,2021-03-28,18,7668,3,1360,5,5968,10,340,4,2461,14,2757,14,5218,California
Lassen,2021-03-29,52,7720,0,1360,27,5995,25,365,20,2475,31,2788,45,5263,California
Lassen,2021-03-30,198,7918,10,1370,163,6158,25,390,51,2404,147,2935,76,5339,California
Lassen,2021-03-31,146,8064,12,1382,112,6270,22,412,62,2404,84,3019,84,5423,California
Lassen,2021-04-01,166,8230,16,1398,131,6401,19,431,49,2356,116,3135,68,5491,California
Lassen,2021-04-02,29,8259,4,1402,3,6404,22,453,2,2353,27,3162,24,5515,California
Lassen,2021-04-03,12,8271,0,1402,2,6406,10,463,0,2351,12,3174,10,5525,California
Lassen,2021-04-04,7,8278,2,1404,0,6406,5,468,1,2351,6,3180,6,5531,California
Lassen,2021-04-05,23,8301,4,1408,12,6418,7,475,11,2358,11,3191,18,5549,California
Lassen,2021-04-06,183,8484,8,1416,145,6563,30,505,52,2309,131,3322,82,5631,California
Lassen,2021-04-07,136,8620,7,1423,92,6655,37,542,33,2278,103,3425,72,5703,California
Lassen,2021-04-08,169,8789,8,1431,105,6760,56,598,33,2235,132,3557,89,5792,California
Lassen,2021-04-09,52,8841,6,1437,11,6771,35,633,9,2236,42,3599,43,5835,California
Lassen,2021-04-10,9,8850,0,1437,2,6773,7,640,0,2235,8,3607,7,5842,California
Lassen,2021-04-11,5,8855,2,1439,0,6773,3,643,2,2237,3,3610,5,5847,California
Lassen,2021-04-12,25,8880,2,1441,10,6783,13,656,1,2227,24,3634,14,5861,California
Lassen,2021-04-13,129,9009,6,1447,123,6906,0,656,40,2179,88,3722,40,5901,California
Lassen,2021-04-14,987,9996,16,1463,971,7877,0,656,51,1295,935,4657,51,5952,California
Lassen,2021-04-15,147,10143,14,1477,133,8010,0,656,19,1186,128,4785,19,5971,California
Lassen,2021-04-16,11,10154,4,1481,7,8017,0,656,5,1185,6,4791,5,5976,California
Lassen,2021-04-17,24,10178,3,1484,21,8038,0,656,4,1169,20,4811,4,5980,California
Lassen,2021-04-18,5,10183,2,1486,3,8041,0,656,2,1168,3,4814,2,5982,California
Lassen,2021-04-19,33,10216,0,1486,33,8074,0,656,17,1169,16,4830,17,5999,California
Lassen,2021-04-20,138,10354,7,1493,131,8205,0,656,52,1135,86,4916,52,6051,California
Lassen,2021-04-21,163,10517,10,1503,153,8358,0,656,32,1038,129,5045,32,6083,California
Lassen,2021-04-22,102,10619,16,1519,86,8444,0,656,33,1002,69,5114,33,6116,California
Lassen,2021-04-23,28,10647,3,1522,25,8469,0,656,22,1018,6,5120,22,6138,California
Lassen,2021-04-24,10,10657,6,1528,4,8473,0,656,4,1016,6,5126,4,6142,California
Lassen,2021-04-25,5,10662,0,1528,4,8477,1,657,3,1018,2,5128,4,6146,California
Lassen,2021-04-26,40,10702,1,1529,35,8512,4,661,7,996,33,5161,11,6157,California
Lassen,2021-04-27,119,10821,9,1538,107,8619,3,664,68,1016,51,5212,71,6228,California
Lassen,2021-04-28,80,10901,7,1545,71,8690,2,666,27,992,53,5265,29,6257,California
Lassen,2021-04-29,47,10948,3,1548,41,8731,3,669,8,964,39,5304,11,6268,California
Los Angeles,2020-12-15,391,391,391,391,0,0,0,0,391,391,0,0,391,391,California
Los Angeles,2020-12-16,3364,3755,3364,3755,0,0,0,0,3364,3755,0,0,3364,3755,California
Los Angeles,2020-12-17,10231,13986,10231,13986,0,0,0,0,10232,13987,0,0,10232,13987,California
Los Angeles,2020-12-18,14513,28499,14489,28475,24,24,0,0,14513,28500,0,0,14513,28500,California
Los Angeles,2020-12-19,7221,35720,7213,35688,8,32,0,0,7222,35722,0,0,7222,35722,California
Los Angeles,2020-12-20,4585,40305,4578,40266,7,39,0,0,4587,40309,0,0,4587,40309,California
Los Angeles,2020-12-21,13681,53986,13667,53933,14,53,0,0,13682,53990,1,1,13682,53991,California
Los Angeles,2020-12-22,11518,65504,11137,65070,381,434,0,0,11519,65508,1,2,11519,65510,California
Los Angeles,2020-12-23,11880,77384,10126,75196,1754,2188,0,0,11881,77389,0,2,11881,77391,California
Los Angeles,2020-12-24,7014,84398,4248,79444,2766,4954,0,0,7017,84406,0,2,7017,84408,California
Los Angeles,2020-12-25,524,84922,419,79863,105,5059,0,0,524,84930,0,2,524,84932,California
Los Angeles,2020-12-26,2524,87446,2179,82042,345,5404,0,0,2524,87453,1,3,2524,87456,California
Los Angeles,2020-12-27,1756,89202,1027,83069,729,6133,0,0,1756,89209,0,3,1756,89212,California
Los Angeles,2020-12-28,10274,99476,6375,89444,3899,10032,0,0,10272,99480,1,4,10272,99484,California
Los Angeles,2020-12-29,11587,111063,6067,95511,5520,15552,0,0,11589,111069,0,4,11589,111073,California
Los Angeles,2020-12-30,14852,125915,8081,103592,6771,22323,0,0,14851,125920,0,4,14851,125924,California
Los Angeles,2020-12-31,7920,133835,2751,106343,5169,27492,0,0,7917,133835,2,6,7917,133841,California
Los Angeles,2021-01-01,987,134822,268,106611,719,28211,0,0,987,134822,0,6,987,134828,California
Los Angeles,2021-01-02,4448,139270,1652,108263,2796,31007,0,0,4448,139270,0,6,4448,139276,California
Los Angeles,2021-01-03,934,140204,211,108474,723,31730,0,0,933,140202,1,7,933,140209,California
Los Angeles,2021-01-04,12675,152879,4860,113334,7815,39545,0,0,12661,152860,3,10,12661,152870,California
Los Angeles,2021-01-05,15978,168857,7056,120390,8922,48467,0,0,14078,165068,1873,1883,14081,166951,California
Los Angeles,2021-01-06,22524,191381,12061,132451,10463,58930,0,0,16935,176489,5521,7404,16942,183893,California
Los Angeles,2021-01-07,29355,220736,15803,148254,13552,72482,0,0,18853,184899,10456,17860,18866,202759,California
Los Angeles,2021-01-08,33058,253794,17884,166138,15174,87656,0,0,20847,193570,12184,30044,20855,223614,California
Los Angeles,2021-01-09,12354,266148,7068,173206,5286,92942,0,0,7494,196212,4858,34902,7500,231114,California
Los Angeles,2021-01-10,4649,270797,3626,176832,1023,93965,0,0,1922,195408,2727,37629,1923,233037,California
Los Angeles,2021-01-11,25774,296571,16235,193067,9539,103504,0,0,14849,199351,10914,48543,14857,247894,California
Los Angeles,2021-01-12,29198,325769,16067,209134,13131,116635,0,0,19070,208320,10110,58653,19079,266973,California
Los Angeles,2021-01-13,29253,355022,15621,224755,13632,130267,0,0,20310,219708,8926,67579,20314,287287,California
Los Angeles,2021-01-14,29222,384244,12706,237461,16516,146783,0,0,23722,237958,5481,73060,23731,311018,California
Los Angeles,2021-01-15,33772,418016,12346,249807,21426,168209,0,0,30202,264622,3545,76605,30209,341227,California
Los Angeles,2021-01-16,17549,435565,4962,254769,12587,180796,0,0,15773,278631,1768,78373,15777,357004,California
Los Angeles,2021-01-17,5184,440749,2305,257074,2879,183675,0,0,4939,283328,244,78617,4941,361945,California
Los Angeles,2021-01-18,15569,456318,10052,267126,5517,189192,0,0,10864,289501,4693,83310,10866,372811,California
Los Angeles,2021-01-19,38423,494741,20546,287672,17877,207069,0,0,30641,312411,7741,91051,30651,403462,California
Los Angeles,2021-01-20,45638,540379,23805,311477,21833,228902,0,0,38154,343121,7454,98505,38164,441626,California
Los Angeles,2021-01-21,48613,588992,22418,333895,26195,255097,0,0,44355,383294,4196,102701,44369,485995,California
Los Angeles,2021-01-22,47841,636833,22212,356107,25629,280726,0,0,44433,424372,3364,106065,44442,530437,California
Los Angeles,2021-01-23,33941,670774,15700,371807,18241,298967,0,0,31894,454262,2015,108080,31905,562342,California
Los Angeles,2021-01-24,15730,686504,12209,384016,3521,302488,0,0,15182,468904,541,108621,15183,577525,California
Los Angeles,2021-01-25,38652,725156,16412,400428,22240,324728,0,0,30194,490685,8429,117050,30210,607735,California
Los Angeles,2021-01-26,49200,774356,24423,424851,24777,349505,0,0,41039,523617,8126,125176,41058,648793,California
Los Angeles,2021-01-27,48453,822809,25796,450647,22657,372162,0,0,39259,553835,9059,134235,39277,688070,California
Los Angeles,2021-01-28,48567,871376,23098,473745,25469,397631,0,0,40174,585751,8272,142507,40188,728258,California
Los Angeles,2021-01-29,49232,920608,25394,499139,23838,421469,0,0,39186,615261,9692,152199,39202,767460,California
Los Angeles,2021-01-30,29993,950601,15412,514551,14581,436050,0,0,25850,637049,4066,156265,25854,793314,California
Los Angeles,2021-01-31,13002,963603,10370,524921,2632,438682,0,0,12081,648225,909,157174,12085,805399,California
Los Angeles,2021-02-01,37977,1001580,16164,541085,21813,460495,0,0,27724,665738,10220,167394,27733,833132,California
Los Angeles,2021-02-02,44190,1045770,17879,558964,26311,486806,0,0,32030,685648,12123,179517,32033,865165,California
Los Angeles,2021-02-03,52013,1097783,19472,578436,32541,519347,0,0,37346,708567,14433,193950,37352,902517,California
Los Angeles,2021-02-04,57130,1154913,20686,599122,36444,555791,0,0,39092,729942,17731,211681,39106,941623,California
Los Angeles,2021-02-05,61093,1216006,21014,620136,40079,595870,0,0,39251,747775,21424,233105,39257,980880,California
Los Angeles,2021-02-06,35468,1251474,13285,633421,22183,618053,0,0,27051,766504,8344,241449,27073,1007953,California
Los Angeles,2021-02-07,10801,1262275,8385,641806,2416,620469,0,0,8415,772555,2370,243819,8421,1016374,California
Los Angeles,2021-02-08,46686,1308961,21473,663279,25213,645682,0,0,30545,787096,16006,259825,30547,1046921,California
Los Angeles,2021-02-09,55694,1364655,24573,687852,31121,676803,0,0,28371,788223,27251,287076,28378,1075299,California
Los Angeles,2021-02-10,66839,1431494,29376,717228,37463,714266,0,0,30896,783559,35569,322645,30905,1106204,California
Los Angeles,2021-02-11,57927,1489421,30836,748064,27091,741357,0,0,27999,782073,29488,352133,28002,1134206,California
Los Angeles,2021-02-12,59479,1548900,29776,777840,29703,771060,0,0,25959,774863,33185,385318,25975,1160181,California
Los Angeles,2021-02-13,33765,1582665,19600,797440,14165,785225,0,0,15450,772119,18231,403549,15487,1175668,California
Los Angeles,2021-02-14,21869,1604534,14960,812400,6909,792134,0,0,8774,767861,13035,416584,8777,1184445,California
Los Angeles,2021-02-15,32407,1636941,15846,828246,16561,808695,0,0,17781,771083,14565,431149,17787,1202232,California
Los Angeles,2021-02-16,63939,1700880,32487,860733,31452,840147,0,0,29842,766922,34015,465164,29854,1232086,California
Los Angeles,2021-02-17,63973,1764853,34247,894980,29726,869873,0,0,26351,755825,37454,502618,26357,1258443,California
Los Angeles,2021-02-18,68013,1832866,34678,929658,33335,903208,0,0,28587,745168,39253,541871,28596,1287039,California
Los Angeles,2021-02-19,56963,1889829,34993,964651,21970,925178,0,0,28292,744899,28575,570446,28306,1315345,California
Los Angeles,2021-02-20,32106,1921935,23839,988490,8267,933445,0,0,15685,744213,16380,586826,15694,1331039,California
Los Angeles,2021-02-21,16652,1938587,15007,1003497,1645,935090,0,0,8488,744573,8131,594957,8491,1339530,California
Los Angeles,2021-02-22,34249,1972836,24939,1028436,9310,944400,0,0,17713,745833,16464,611421,17724,1357254,California
Los Angeles,2021-02-23,53552,2026388,22724,1051160,30828,975228,0,0,21094,734583,32355,643776,21105,1378359,California
Los Angeles,2021-02-24,63920,2090308,28104,1079264,35816,1011044,0,0,28062,726964,35698,679474,28079,1406438,California
Los Angeles,2021-02-25,73363,2163671,33696,1112960,39667,1050711,0,0,38555,730876,34655,714129,38567,1445005,California
Los Angeles,2021-02-26,82655,2246326,38531,1151491,44124,1094835,0,0,47317,743108,35112,749241,47344,1492349,California
Los Angeles,2021-02-27,58553,2304879,24916,1176407,33633,1128468,4,4,29930,744582,28483,777724,29957,1522306,California
Los Angeles,2021-02-28,26771,2331650,18475,1194882,8295,1136763,1,5,18840,755593,7837,785561,18848,1541154,California
Los Angeles,2021-03-01,55440,2387090,31066,1225948,24358,1161121,16,21,33613,767562,21675,807236,33644,1574798,California
Los Angeles,2021-03-02,70859,2457949,31407,1257355,39450,1200571,2,23,43315,783462,27427,834663,43327,1618125,California
Los Angeles,2021-03-03,82596,2540545,41526,1298881,41063,1241634,7,30,51938,804925,30504,865167,51967,1670092,California
Los Angeles,2021-03-04,89502,2630047,45686,1344567,43806,1285440,10,40,56504,828632,32825,897992,56532,1726624,California
Los Angeles,2021-03-05,87512,2717559,42597,1387164,44891,1330331,24,64,58347,858040,28996,926988,58404,1785028,California
Los Angeles,2021-03-06,66097,2783656,33239,1420403,31048,1361379,1810,1874,42573,879040,23389,950377,44389,1829417,California
Los Angeles,2021-03-07,25643,2809299,19283,1439686,5567,1366946,793,2667,19768,893749,5850,956227,20559,1849976,California
Los Angeles,2021-03-08,51294,2860593,26631,1466317,22722,1389668,1941,4608,38567,921622,12633,968860,40506,1890482,California
Los Angeles,2021-03-09,68797,2929390,26347,1492664,39180,1428848,3270,7878,41096,938425,27557,996417,44360,1934842,California
Los Angeles,2021-03-10,78764,3008154,37209,1529873,36910,1465758,4645,12523,49469,963359,29147,1025564,54081,1988923,California
Los Angeles,2021-03-11,91679,3099833,44706,1574579,40576,1506334,6397,18920,53809,985833,37700,1063264,60174,2049097,California
Los Angeles,2021-03-12,96543,3196376,42791,1617370,40044,1546378,13708,32628,56128,1015389,40239,1103503,69795,2118892,California
Los Angeles,2021-03-13,73886,3270262,34353,1651723,27643,1574021,11890,44518,43950,1041355,29835,1133338,55801,2174693,California
Los Angeles,2021-03-14,38012,3308274,25396,1677119,10202,1584223,2414,46932,25493,1056784,12460,1145798,27889,2202582,California
Los Angeles,2021-03-15,73340,3381614,35457,1712576,32571,1616794,5312,52244,44751,1078422,28410,1174208,50048,2252630,California
Los Angeles,2021-03-16,98025,3479639,42258,1754834,50012,1666806,5755,57999,63990,1114279,33861,1208069,69718,2322348,California
Los Angeles,2021-03-17,94965,3574604,42611,1797445,44166,1710972,8188,66187,63771,1155120,31014,1239083,71855,2394203,California
Los Angeles,2021-03-18,99613,3674217,47058,1844503,47374,1758346,5181,71368,63573,1188085,35779,1274862,68744,2462947,California
Los Angeles,2021-03-19,106066,3780283,54823,1899326,46577,1804923,4666,76034,65976,1218836,39846,1314708,70597,2533544,California
Los Angeles,2021-03-20,74490,3854773,36111,1935437,33873,1838796,4506,80540,51580,1252158,22751,1337459,56073,2589617,California
Los Angeles,2021-03-21,33529,3888302,24746,1960183,7940,1846736,843,81383,21784,1263138,11646,1349105,22626,2612243,California
Los Angeles,2021-03-22,67838,3956140,40162,2000345,25680,1872416,1996,83379,48332,1294167,19296,1368401,50325,2662568,California
Los Angeles,2021-03-23,93438,4049578,50514,2050859,40010,1912426,2914,86293,62028,1327908,31192,1399593,64933,2727501,California
Los Angeles,2021-03-24,101958,4151536,54194,2105053,44899,1957325,2865,89158,60482,1350048,41197,1440790,63337,2790838,California
Los Angeles,2021-03-25,107280,4258816,57401,2162454,46221,2003546,3658,92816,61617,1369896,45412,1486202,65260,2856098,California
Los Angeles,2021-03-26,111571,4370387,60851,2223305,46631,2050177,4089,96905,63591,1389817,47739,1533941,67660,2923758,California
Los Angeles,2021-03-27,81207,4451594,42771,2266076,36322,2086499,2114,99019,42206,1395360,38778,1572719,44321,2968079,California
Los Angeles,2021-03-28,40801,4492395,27283,2293359,12935,2099434,583,99602,20755,1396741,19957,1592676,21338,2989417,California
Los Angeles,2021-03-29,81144,4573539,45834,2339193,33717,2133151,1593,101195,46550,1410461,34419,1627095,48139,3037556,California
Los Angeles,2021-03-30,106367,4679906,49962,2389155,50695,2183846,5710,106905,65451,1440880,40721,1667816,71140,3108696,California
Los Angeles,2021-03-31,119420,4799326,59929,2449084,50996,2234842,8495,115400,69903,1469958,49283,1717099,78361,3187057,California
Los Angeles,2021-04-01,129813,4929139,60634,2509718,54416,2289258,14763,130163,70748,1496591,58831,1775930,85464,3272521,California
Los Angeles,2021-04-02,127727,5056866,56461,2566179,56454,2345712,14812,144975,68790,1521538,58645,1834575,83592,3356113,California
Los Angeles,2021-04-03,95180,5152046,43044,2609223,39133,2384845,13003,157978,47534,1534547,47491,1882066,60500,3416613,California
Los Angeles,2021-04-04,38861,5190907,20309,2629532,11983,2396828,6569,164547,16672,1535643,22127,1904193,23223,3439836,California
Los Angeles,2021-04-05,90503,5281410,43908,2673440,36693,2433521,9902,174449,44576,1544332,45768,1949961,54457,3494293,California
Los Angeles,2021-04-06,119648,5401058,56348,2729788,43240,2476761,20060,194509,55549,1555976,63890,2013851,75534,3569827,California
Los Angeles,2021-04-07,118297,5519355,53871,2783659,43584,2520345,20842,215351,54108,1566884,63971,2077822,74879,3644706,California
Los Angeles,2021-04-08,130425,5649780,57227,2840886,49390,2569735,23808,239159,59625,1579665,70556,2148378,83337,3728043,California
Los Angeles,2021-04-09,128922,5778702,55901,2896787,49533,2619268,23488,262647,55994,1586376,72680,2221058,79391,3807434,California
Los Angeles,2021-04-10,99749,5878451,42603,2939390,33417,2652685,23729,286376,36982,1584452,62568,2283626,60644,3868078,California
Los Angeles,2021-04-11,41441,5919892,22418,2961808,9574,2662259,9449,295825,14432,1581355,26945,2310571,23848,3891926,California
Los Angeles,2021-04-12,77850,5997742,38260,3000068,33387,2695646,6203,302028,32450,1574749,45225,2355796,38619,3930545,California
Los Angeles,2021-04-13,116553,6114295,58739,3058807,57395,2753041,419,302447,61817,1582454,54534,2410330,62239,3992784,California
Los Angeles,2021-04-14,116183,6230478,58685,3117492,57374,2810415,124,302571,63251,1593117,52705,2463035,63368,4056152,California
Los Angeles,2021-04-15,125788,6356266,67927,3185419,57706,2868121,155,302726,71562,1610835,54000,2517035,71718,4127870,California
Los Angeles,2021-04-16,127346,6483612,67881,3253300,59324,2927445,141,302867,67337,1618536,59781,2576816,67482,4195352,California
Los Angeles,2021-04-17,95439,6579051,50505,3303805,44909,2972354,25,302892,54233,1631765,41035,2617851,54264,4249616,California
Los Angeles,2021-04-18,33720,6612771,22361,3326166,11358,2983712,1,302893,18660,1635428,15004,2632855,18667,4268283,California
Los Angeles,2021-04-19,73755,6686526,39350,3365516,34378,3018090,27,302920,33107,1628069,40500,2673355,33141,4301424,California
Los Angeles,2021-04-20,100449,6786975,49243,3414759,51194,3069284,12,302932,50116,1628066,50133,2723488,50130,4351554,California
Los Angeles,2021-04-21,107582,6894557,51885,3466644,55508,3124792,189,303121,48089,1617102,59244,2782732,48280,4399834,California
Los Angeles,2021-04-22,110552,7005109,58107,3524751,52412,3177204,33,303154,49294,1605421,61014,2843746,49333,4449167,California
Los Angeles,2021-04-23,111452,7116561,61116,3585867,50320,3227524,16,303170,53000,1600235,58204,2901950,53018,4502185,California
Los Angeles,2021-04-24,86792,7203353,55787,3641654,30979,3258503,26,303196,48891,1611444,37712,2939662,48921,4551106,California
Los Angeles,2021-04-25,37669,7241022,25021,3666675,12643,3271146,5,303201,20385,1614632,17202,2956864,20390,4571496,California
Los Angeles,2021-04-26,65626,7306648,35287,3701962,29901,3301047,438,303639,32805,1615206,32661,2989525,33235,4604731,California
Los Angeles,2021-04-27,83031,7389679,39990,3741952,41384,3342431,1657,305296,31657,1597364,51149,3040674,33307,4638038,California
Los Angeles,2021-04-28,77569,7467248,37439,3779391,38272,3380703,1858,307154,29915,1581699,47437,3088111,31772,4669810,California
Los Angeles,2021-04-29,44225,7511473,24227,3803618,19241,3399944,757,307911,14843,1568083,29216,3117327,15600,4685410,California
Madera,2020-12-16,22,22,22,22,0,0,0,0,22,22,0,0,22,22,California
Madera,2020-12-17,13,35,13,35,0,0,0,0,13,35,0,0,13,35,California
Madera,2020-12-18,61,96,61,96,0,0,0,0,61,96,0,0,61,96,California
Madera,2020-12-19,5,101,5,101,0,0,0,0,5,101,0,0,5,101,California
Madera,2020-12-20,14,115,14,115,0,0,0,0,14,115,0,0,14,115,California
Madera,2020-12-21,60,175,60,175,0,0,0,0,60,175,0,0,60,175,California
Madera,2020-12-22,97,272,95,270,2,2,0,0,97,272,0,0,97,272,California
Madera,2020-12-23,68,340,68,338,0,2,0,0,68,340,0,0,68,340,California
Madera,2020-12-24,45,385,40,378,5,7,0,0,45,385,0,0,45,385,California
Madera,2020-12-26,28,413,26,404,2,9,0,0,28,413,0,0,28,413,California
Madera,2020-12-27,30,443,12,416,18,27,0,0,30,443,0,0,30,443,California
Madera,2020-12-28,106,549,37,453,69,96,0,0,106,549,0,0,106,549,California
Madera,2020-12-29,175,724,40,493,135,231,0,0,175,724,0,0,175,724,California
Madera,2020-12-30,218,942,86,579,132,363,0,0,218,942,0,0,218,942,California
Madera,2020-12-31,201,1143,80,659,121,484,0,0,201,1143,0,0,201,1143,California
Madera,2021-01-01,1,1144,1,660,0,484,0,0,1,1144,0,0,1,1144,California
Madera,2021-01-02,89,1233,34,694,55,539,0,0,89,1233,0,0,89,1233,California
Madera,2021-01-03,5,1238,5,699,0,539,0,0,5,1238,0,0,5,1238,California
Madera,2021-01-04,129,1367,65,764,64,603,0,0,129,1367,0,0,129,1367,California
Madera,2021-01-05,279,1646,143,907,136,739,0,0,275,1638,4,4,275,1642,California
Madera,2021-01-06,184,1830,27,934,157,896,0,0,164,1782,20,24,164,1806,California
Madera,2021-01-07,396,2226,113,1047,283,1179,0,0,374,2134,22,46,374,2180,California
Madera,2021-01-08,419,2645,72,1119,347,1526,0,0,364,2445,54,100,365,2545,California
Madera,2021-01-09,37,2682,14,1133,23,1549,0,0,28,2464,9,109,28,2573,California
Madera,2021-01-10,17,2699,14,1147,3,1552,0,0,5,2457,12,121,5,2578,California
Madera,2021-01-11,238,2937,190,1337,48,1600,0,0,195,2609,43,164,195,2773,California
Madera,2021-01-12,390,3327,157,1494,233,1833,0,0,284,2787,106,270,284,3057,California
Madera,2021-01-13,185,3512,91,1585,94,1927,0,0,129,2861,56,326,130,3187,California
Madera,2021-01-14,554,4066,82,1667,472,2399,0,0,520,3347,34,360,520,3707,California
Madera,2021-01-15,600,4666,160,1827,440,2839,0,0,579,3905,21,381,579,4286,California
Madera,2021-01-16,382,5048,47,1874,335,3174,0,0,353,4229,29,410,353,4639,California
Madera,2021-01-17,335,5383,15,1889,320,3494,0,0,331,4556,4,414,331,4970,California
Madera,2021-01-18,77,5460,61,1950,16,3510,0,0,58,4596,18,432,58,5028,California
Madera,2021-01-19,571,6031,135,2085,436,3946,0,0,544,5114,27,459,545,5573,California
Madera,2021-01-20,235,6266,80,2165,155,4101,0,0,207,5294,27,486,207,5780,California
Madera,2021-01-21,237,6503,130,2295,107,4208,0,0,204,5467,31,517,204,5984,California
Madera,2021-01-22,257,6760,83,2378,174,4382,0,0,243,5696,14,531,243,6227,California
Madera,2021-01-23,100,6860,52,2430,48,4430,0,0,76,5748,24,555,76,6303,California
Madera,2021-01-24,101,6961,82,2512,19,4449,0,0,78,5803,23,578,78,6381,California
Madera,2021-01-25,255,7216,124,2636,131,4580,0,0,142,5832,113,691,142,6523,California
Madera,2021-01-26,482,7698,189,2825,293,4873,0,0,292,5937,189,880,294,6817,California
Madera,2021-01-27,736,8434,63,2888,673,5546,0,0,600,6402,136,1016,601,7418,California
Madera,2021-01-28,541,8975,106,2994,435,5981,0,0,438,6737,103,1119,438,7856,California
Madera,2021-01-29,468,9443,95,3089,373,6354,0,0,412,7093,56,1175,412,8268,California
Madera,2021-01-30,505,9948,16,3105,489,6843,0,0,451,7490,54,1229,451,8719,California
Madera,2021-01-31,10,9958,7,3112,3,6846,0,0,9,7498,1,1230,9,8728,California
Madera,2021-02-01,256,10214,72,3184,184,7030,0,0,197,7636,59,1289,197,8925,California
Madera,2021-02-02,252,10466,87,3271,165,7195,0,0,161,7708,90,1379,162,9087,California
Madera,2021-02-03,593,11059,459,3730,134,7329,0,0,474,8066,117,1496,475,9562,California
Madera,2021-02-04,388,11447,121,3851,267,7596,0,0,111,7902,276,1772,112,9674,California
Madera,2021-02-05,975,12422,297,4148,678,8274,0,0,369,7671,601,2373,370,10044,California
Madera,2021-02-06,360,12782,325,4473,35,8309,0,0,321,7954,38,2411,321,10365,California
Madera,2021-02-07,35,12817,7,4480,28,8337,0,0,30,7979,5,2416,30,10395,California
Madera,2021-02-08,384,13201,308,4788,76,8413,0,0,270,8136,113,2529,270,10665,California
Madera,2021-02-09,479,13680,119,4907,360,8773,0,0,197,8055,279,2808,198,10863,California
Madera,2021-02-10,428,14108,148,5055,280,9053,0,0,322,8271,106,2914,322,11185,California
Madera,2021-02-11,935,15043,306,5361,629,9682,0,0,406,8150,528,3442,407,11592,California
Madera,2021-02-12,843,15886,119,5480,724,10406,0,0,310,7936,527,3969,313,11905,California
Madera,2021-02-13,485,16371,44,5524,441,10847,0,0,139,7732,345,4314,141,12046,California
Madera,2021-02-14,399,16770,75,5599,324,11171,0,0,137,7608,262,4576,138,12184,California
Madera,2021-02-15,244,17014,98,5697,146,11317,0,0,175,7715,68,4644,175,12359,California
Madera,2021-02-16,775,17789,183,5880,592,11909,0,0,230,7404,542,5186,231,12590,California
Madera,2021-02-17,607,18396,273,6153,334,12243,0,0,338,7480,264,5450,340,12930,California
Madera,2021-02-18,1299,19695,540,6693,759,13002,0,0,1121,8425,178,5628,1123,14053,California
Madera,2021-02-19,860,20555,545,7238,315,13317,0,0,718,9003,142,5770,720,14773,California
Madera,2021-02-20,1069,21624,978,8216,91,13408,0,0,998,9932,70,5840,999,15772,California
Madera,2021-02-21,965,22589,821,9037,144,13552,0,0,959,10885,6,5846,959,16731,California
Madera,2021-02-22,908,23497,832,9869,76,13628,0,0,854,11685,54,5900,854,17585,California
Madera,2021-02-23,769,24266,496,10365,273,13901,0,0,549,12015,219,6119,549,18134,California
Madera,2021-02-24,906,25172,300,10665,606,14507,0,0,378,11865,528,6647,378,18512,California
Madera,2021-02-25,1016,26188,306,10971,710,15217,0,0,586,12023,428,7075,586,19098,California
Madera,2021-02-26,1071,27259,185,11156,886,16103,0,0,696,12346,373,7448,696,19794,California
Madera,2021-02-27,871,28130,245,11401,626,16729,0,0,448,12377,420,7868,451,20245,California
Madera,2021-02-28,188,28318,29,11430,159,16888,0,0,182,12553,6,7874,182,20427,California
Madera,2021-03-01,372,28690,118,11548,254,17142,0,0,192,12567,178,8052,192,20619,California
Madera,2021-03-02,650,29340,268,11816,382,17524,0,0,538,12994,112,8164,539,21158,California
Madera,2021-03-03,1317,30657,705,12521,612,18136,0,0,917,13538,397,8561,941,22099,California
Madera,2021-03-04,1169,31826,505,13026,664,18800,0,0,924,14219,246,8807,927,23026,California
Madera,2021-03-05,1326,33152,406,13432,908,19708,12,12,1063,15044,261,9068,1086,24112,California
Madera,2021-03-06,803,33955,622,14054,149,19857,32,44,484,15242,319,9387,517,24629,California
Madera,2021-03-07,153,34108,27,14081,104,19961,22,66,103,15317,50,9437,125,24754,California
Madera,2021-03-08,596,34704,335,14416,202,20163,59,125,303,15388,293,9730,364,25118,California
Madera,2021-03-09,449,35153,158,14574,257,20420,34,159,275,15533,172,9902,317,25435,California
Madera,2021-03-10,1131,36284,508,15082,546,20966,77,236,705,15894,422,10324,783,26218,California
Madera,2021-03-11,1656,37940,843,15925,481,21447,332,568,748,16079,906,11230,1091,27309,California
Madera,2021-03-12,1528,39468,777,16702,596,22043,155,723,750,16233,776,12006,930,28239,California
Madera,2021-03-13,1812,41280,1269,17971,345,22388,198,921,746,16129,1064,13070,960,29199,California
Madera,2021-03-14,581,41861,448,18419,101,22489,32,953,293,16168,286,13356,325,29524,California
Madera,2021-03-15,729,42590,213,18632,469,22958,47,1000,506,16526,220,13576,578,30102,California
Madera,2021-03-16,819,43409,420,19052,352,23310,47,1047,637,17048,179,13755,701,30803,California
Madera,2021-03-17,1414,44823,933,19985,419,23729,62,1109,861,17516,545,14300,1013,31816,California
Madera,2021-03-18,1871,46694,647,20632,1164,24893,60,1169,909,17614,955,15255,1053,32869,California
Madera,2021-03-19,1494,48188,587,21219,823,25716,84,1253,960,18194,528,15783,1108,33977,California
Madera,2021-03-20,1130,49318,772,21991,307,26023,51,1304,579,18320,550,16333,676,34653,California
Madera,2021-03-21,1073,50391,872,22863,156,26179,45,1349,357,18010,713,17046,403,35056,California
Madera,2021-03-22,1358,51749,852,23715,438,26617,68,1417,686,18137,669,17715,796,35852,California
Madera,2021-03-23,1396,53145,840,24555,465,27082,91,1508,738,18392,656,18371,911,36763,California
Madera,2021-03-24,904,54049,469,25024,404,27486,31,1539,599,18723,303,18674,634,37397,California
Madera,2021-03-25,1122,55171,488,25512,610,28096,24,1563,644,18937,467,19141,681,38078,California
Madera,2021-03-26,1438,56609,509,26021,797,28893,132,1695,674,18988,758,19899,809,38887,California
Madera,2021-03-27,828,57437,528,26549,279,29172,21,1716,373,18933,449,20348,394,39281,California
Madera,2021-03-28,419,57856,136,26685,222,29394,61,1777,229,19086,189,20537,342,39623,California
Madera,2021-03-29,678,58534,178,26863,473,29867,27,1804,488,19418,187,20724,519,40142,California
Madera,2021-03-30,1014,59548,561,27424,421,30288,32,1836,557,19554,454,21178,590,40732,California
Madera,2021-03-31,1319,60867,487,27911,697,30985,135,1971,447,19271,866,22044,583,41315,California
Madera,2021-04-01,1226,62093,537,28448,640,31625,49,2020,438,18974,783,22827,486,41801,California
Madera,2021-04-02,1525,63618,408,28856,1058,32683,59,2079,472,18464,1043,23870,533,42334,California
Madera,2021-04-03,874,64492,683,29539,171,32854,20,2099,382,18385,490,24360,411,42745,California
Madera,2021-04-04,184,64676,65,29604,117,32971,2,2101,85,18373,99,24459,87,42832,California
Madera,2021-04-05,732,65408,255,29859,420,33391,57,2158,339,18391,392,24851,410,43242,California
Madera,2021-04-06,1687,67095,878,30737,461,33852,348,2506,635,18322,1051,25902,982,44224,California
Madera,2021-04-07,1197,68292,372,31109,676,34528,149,2655,454,18190,740,26642,608,44832,California
Madera,2021-04-08,1694,69986,657,31766,784,35312,253,2908,571,17902,1119,27761,831,45663,California
Madera,2021-04-09,1608,71594,670,32436,790,36102,148,3056,939,18328,664,28425,1090,46753,California
Madera,2021-04-10,952,72546,677,33113,208,36310,67,3123,706,18857,245,28670,774,47527,California
Madera,2021-04-11,775,73321,628,33741,69,36379,78,3201,285,18731,488,29158,362,47889,California
Madera,2021-04-12,779,74100,266,34007,435,36814,78,3279,302,18635,477,29635,381,48270,California
Madera,2021-04-13,1234,75334,609,34616,584,37398,41,3320,732,18918,500,30135,783,49053,California
Madera,2021-04-14,1361,76695,837,35453,524,37922,0,3320,574,18714,784,30919,580,49633,California
Madera,2021-04-15,1082,77777,455,35908,626,38548,1,3321,430,18505,641,31560,432,50065,California
Madera,2021-04-16,1280,79057,519,36427,761,39309,0,3321,444,18124,826,32386,445,50510,California
Madera,2021-04-17,1265,80322,1065,37492,200,39509,0,3321,827,18514,437,32823,827,51337,California
Madera,2021-04-18,244,80566,207,37699,37,39546,0,3321,99,18469,144,32967,99,51436,California
Madera,2021-04-19,795,81361,232,37931,562,40108,1,3322,269,18218,521,33488,270,51706,California
Madera,2021-04-20,865,82226,424,38355,441,40549,0,3322,237,17832,625,34113,239,51945,California
Madera,2021-04-21,852,83078,448,38803,404,40953,0,3322,298,17581,551,34664,300,52245,California
Madera,2021-04-22,1053,84131,510,39313,543,41496,0,3322,392,17317,657,35321,393,52638,California
Madera,2021-04-23,916,85047,294,39607,621,42117,1,3323,314,17034,598,35919,315,52953,California
Madera,2021-04-24,703,85750,464,40071,239,42356,0,3323,284,16904,415,36334,285,53238,California
Madera,2021-04-25,264,86014,160,40231,101,42457,3,3326,118,16883,143,36477,122,53360,California
Madera,2021-04-26,500,86514,89,40320,406,42863,5,3331,102,16593,397,36874,107,53467,California
Madera,2021-04-27,553,87067,257,40577,275,43138,21,3352,295,16653,257,37131,317,53784,California
Madera,2021-04-28,431,87498,189,40766,227,43365,15,3367,216,16670,214,37345,231,54015,California
Madera,2021-04-29,297,87795,155,40921,129,43494,13,3380,162,16716,129,37474,175,54190,California
Marin,2020-12-15,2,2,2,2,0,0,0,0,2,2,0,0,2,2,California
Marin,2020-12-16,107,109,107,109,0,0,0,0,107,109,0,0,107,109,California
Marin,2020-12-17,260,369,260,369,0,0,0,0,260,369,0,0,260,369,California
Marin,2020-12-18,373,742,373,742,0,0,0,0,373,742,0,0,373,742,California
Marin,2020-12-19,349,1091,348,1090,1,1,0,0,349,1091,0,0,349,1091,California
Marin,2020-12-20,167,1258,166,1256,1,2,0,0,167,1258,0,0,167,1258,California
Marin,2020-12-21,238,1496,235,1491,3,5,0,0,238,1496,0,0,238,1496,California
Marin,2020-12-22,522,2018,318,1809,204,209,0,0,522,2018,0,0,522,2018,California
Marin,2020-12-23,730,2748,321,2130,409,618,0,0,730,2748,0,0,730,2748,California
Marin,2020-12-24,357,3105,159,2289,198,816,0,0,357,3105,0,0,357,3105,California
Marin,2020-12-25,27,3132,0,2289,27,843,0,0,27,3132,0,0,27,3132,California
Marin,2020-12-26,142,3274,93,2382,49,892,0,0,142,3274,0,0,142,3274,California
Marin,2020-12-27,92,3366,55,2437,37,929,0,0,92,3366,0,0,92,3366,California
Marin,2020-12-28,408,3774,99,2536,309,1238,0,0,408,3774,0,0,408,3774,California
Marin,2020-12-29,402,4176,88,2624,314,1552,0,0,402,4176,0,0,402,4176,California
Marin,2020-12-30,626,4802,388,3012,238,1790,0,0,626,4802,0,0,626,4802,California
Marin,2020-12-31,196,4998,33,3045,163,1953,0,0,196,4998,0,0,196,4998,California
Marin,2021-01-01,15,5013,6,3051,9,1962,0,0,15,5013,0,0,15,5013,California
Marin,2021-01-02,105,5118,99,3150,6,1968,0,0,105,5118,0,0,105,5118,California
Marin,2021-01-03,54,5172,36,3186,18,1986,0,0,51,5169,0,0,51,5169,California
Marin,2021-01-04,293,5465,189,3375,104,2090,0,0,292,5460,1,1,292,5461,California
Marin,2021-01-05,365,5830,222,3597,143,2233,0,0,322,5739,43,44,322,5783,California
Marin,2021-01-06,819,6649,318,3915,501,2734,0,0,641,6202,178,222,641,6424,California
Marin,2021-01-07,887,7536,501,4416,386,3120,0,0,541,6397,346,568,541,6965,California
Marin,2021-01-08,971,8507,515,4931,456,3576,0,0,594,6615,376,944,594,7559,California
Marin,2021-01-09,618,9125,223,5154,395,3971,0,0,486,6969,132,1076,486,8045,California
Marin,2021-01-10,128,9253,99,5253,29,4000,0,0,54,6949,74,1150,54,8099,California
Marin,2021-01-11,467,9720,326,5579,141,4141,0,0,247,6978,220,1370,249,8348,California
Marin,2021-01-12,936,10656,539,6118,397,4538,0,0,568,7181,365,1735,568,8916,California
Marin,2021-01-13,1175,11831,498,6616,677,5215,0,0,937,7880,238,1973,937,9853,California
Marin,2021-01-14,1067,12898,318,6934,749,5964,0,0,917,8649,148,2121,917,10770,California
Marin,2021-01-15,1153,14051,354,7288,799,6763,0,0,1023,9544,129,2250,1024,11794,California
Marin,2021-01-16,1119,15170,914,8202,205,6968,0,0,1045,10515,74,2324,1045,12839,California
Marin,2021-01-17,1232,16402,1113,9315,119,7087,0,0,1204,11695,27,2351,1207,14046,California
Marin,2021-01-18,360,16762,159,9474,201,7288,0,0,309,11953,51,2402,309,14355,California
Marin,2021-01-19,1154,17916,912,10386,242,7530,0,0,982,12764,171,2573,982,15337,California
Marin,2021-01-20,1786,19702,1204,11590,582,8112,0,0,1056,13101,719,3292,1056,16393,California
Marin,2021-01-21,1683,21385,1061,12651,622,8734,0,0,1331,14085,349,3641,1333,17726,California
Marin,2021-01-22,1698,23083,1087,13738,611,9345,0,0,1530,15447,168,3809,1530,19256,California
Marin,2021-01-23,1843,24926,1342,15080,501,9846,0,0,1756,17117,86,3895,1756,21012,California
Marin,2021-01-24,613,25539,166,15246,447,10293,0,0,581,17666,32,3927,581,21593,California
Marin,2021-01-25,1123,26662,227,15473,896,11189,0,0,691,17926,432,4359,692,22285,California
Marin,2021-01-26,1502,28164,780,16253,722,11911,0,0,1124,18673,377,4736,1124,23409,California
Marin,2021-01-27,1704,29868,876,17129,828,12739,0,0,1352,19676,350,5086,1353,24762,California
Marin,2021-01-28,2077,31945,1068,18197,1009,13748,0,0,1813,21227,263,5349,1814,26576,California
Marin,2021-01-29,2195,34140,1446,19643,749,14497,0,0,1992,23029,191,5540,1993,28569,California
Marin,2021-01-30,1720,35860,905,20548,815,15312,0,0,1642,24594,78,5618,1643,30212,California
Marin,2021-01-31,454,36314,317,20865,137,15449,0,0,429,24998,25,5643,429,30641,California
Marin,2021-02-01,1088,37402,416,21281,672,16121,0,0,889,25689,199,5842,890,31531,California
Marin,2021-02-02,1350,38752,462,21743,888,17009,0,0,723,25795,617,6459,723,32254,California
Marin,2021-02-03,1781,40533,429,22172,1352,18361,0,0,1256,26527,524,6983,1256,33510,California
Marin,2021-02-04,1538,42071,513,22685,1025,19386,0,0,937,26866,598,7581,937,34447,California
Marin,2021-02-05,2174,44245,682,23367,1492,20878,0,0,1337,27370,833,8414,1337,35784,California
Marin,2021-02-06,1425,45670,850,24217,575,21453,0,0,603,27152,821,9235,603,36387,California
Marin,2021-02-07,1287,46957,1005,25222,282,21735,0,0,489,26844,797,10032,489,36876,California
Marin,2021-02-08,1517,48474,753,25975,764,22499,0,0,725,26779,790,10822,725,37601,California
Marin,2021-02-09,1781,50255,1121,27096,660,23159,0,0,836,26670,945,11767,836,38437,California
Marin,2021-02-10,2336,52591,1490,28586,846,24005,0,0,1218,26773,1116,12883,1219,39656,California
Marin,2021-02-11,2866,55457,1644,30230,1222,25227,0,0,1453,26821,1408,14291,1456,41112,California
Marin,2021-02-12,3064,58521,1540,31770,1524,26751,0,0,1568,26896,1493,15784,1568,42680,California
Marin,2021-02-13,2334,60855,1243,33013,1091,27842,0,0,1127,26818,1205,16989,1127,43807,California
Marin,2021-02-14,811,61666,302,33315,509,28351,0,0,718,27444,93,17082,719,44526,California
Marin,2021-02-15,1216,62882,355,33670,861,29212,0,0,836,27902,379,17461,837,45363,California
Marin,2021-02-16,2461,65343,1055,34725,1406,30618,0,0,1502,28446,958,18419,1502,46865,California
Marin,2021-02-17,2097,67440,942,35667,1155,31773,0,0,1084,28520,1011,19430,1085,47950,California
Marin,2021-02-18,2417,69857,1582,37249,835,32608,0,0,1062,28228,1354,20784,1062,49012,California
Marin,2021-02-19,2758,72615,2155,39404,603,33211,0,0,1221,27925,1525,22309,1222,50234,California
Marin,2021-02-20,2564,75179,2111,41515,453,33664,0,0,1215,27798,1343,23652,1216,51450,California
Marin,2021-02-21,1281,76460,1089,42604,192,33856,0,0,907,28335,370,24022,907,52357,California
Marin,2021-02-22,1823,78283,1406,44010,417,34273,0,0,1213,28940,608,24630,1213,53570,California
Marin,2021-02-23,2834,81117,1616,45626,1218,35491,0,0,1908,29932,917,25547,1909,55479,California
Marin,2021-02-24,3511,84628,1608,47234,1903,37394,0,0,2257,30943,1247,26794,2258,57737,California
Marin,2021-02-25,3927,88555,1808,49042,2119,39513,0,0,2770,32564,1150,27944,2771,60508,California
Marin,2021-02-26,3485,92040,1883,50925,1602,41115,0,0,2529,34149,945,28889,2530,63038,California
Marin,2021-02-27,2608,94648,1495,52420,1113,42228,0,0,1776,35098,829,29718,1778,64816,California
Marin,2021-02-28,1378,96026,917,53337,461,42689,0,0,1042,35807,333,30051,1042,65858,California
Marin,2021-03-01,2477,98503,1536,54873,941,43630,0,0,1665,36665,807,30858,1665,67523,California
Marin,2021-03-02,2434,100937,1599,56472,834,44464,1,1,1687,37609,744,31602,1688,69211,California
Marin,2021-03-03,4301,105238,2387,58859,1912,46376,2,3,2789,38893,1507,33109,2791,72002,California
Marin,2021-03-04,3341,108579,1645,60504,1695,48071,1,4,2331,40225,1003,34112,2335,74337,California
Marin,2021-03-05,3028,111607,1136,61640,1880,49951,12,16,1778,40768,1247,35359,1790,76127,California
Marin,2021-03-06,3225,114832,2314,63954,833,50784,78,94,2653,42931,567,35926,2730,78857,California
Marin,2021-03-07,1371,116203,1153,65107,194,50978,24,118,981,43550,386,36312,1005,79862,California
Marin,2021-03-08,1873,118076,1368,66475,388,51366,117,235,1408,44613,462,36774,1525,81387,California
Marin,2021-03-09,2099,120175,1217,67692,775,52141,107,342,1425,45473,672,37446,1532,82919,California
Marin,2021-03-10,4394,124569,2457,70149,1657,53798,280,622,3170,47703,1221,38667,3451,86370,California
Marin,2021-03-11,4555,129124,1874,72023,2546,56344,135,757,3267,49824,1281,39948,3402,89772,California
Marin,2021-03-12,3971,133095,1534,73557,2081,58425,356,1113,1562,49344,2398,42346,1918,91690,California
Marin,2021-03-13,4091,137186,2856,76413,1163,59588,72,1185,2419,50160,1670,44016,2486,94176,California
Marin,2021-03-14,2273,139459,1096,77509,1060,60648,117,1302,726,49458,1545,45561,843,95019,California
Marin,2021-03-15,3228,142687,1761,79270,1420,62068,47,1349,1218,48722,2000,47561,1264,96283,California
Marin,2021-03-16,4293,146980,2309,81579,1620,63688,364,1713,1519,47832,2771,50332,1881,98164,California
Marin,2021-03-17,4173,151153,2265,83844,1864,65552,44,1757,2054,47821,2108,52440,2097,100261,California
Marin,2021-03-18,4474,155627,2249,86093,2150,67702,75,1832,2243,47920,2217,54657,2316,102577,California
Marin,2021-03-19,4460,160087,2277,88370,1965,69667,218,2050,2428,48541,2024,56681,2645,105222,California
Marin,2021-03-20,3577,163664,1982,90352,1481,71148,114,2164,2035,49156,1535,58216,2150,107372,California
Marin,2021-03-21,1528,165192,1125,91477,378,71526,25,2189,796,49247,730,58946,821,108193,California
Marin,2021-03-22,2463,167655,2130,93607,168,71694,165,2354,989,48931,1470,60416,1154,109347,California
Marin,2021-03-23,4235,171890,2189,95796,1916,73610,130,2484,1937,48706,2292,62708,2067,111414,California
Marin,2021-03-24,4415,176305,2895,98691,1416,75026,104,2588,1795,47994,2609,65317,1897,113311,California
Marin,2021-03-25,4636,180941,2832,101523,1736,76762,68,2656,2265,47966,2359,67676,2331,115642,California
Marin,2021-03-26,4283,185224,2324,103847,1745,78507,214,2870,2419,48752,1847,69523,2633,118275,California
Marin,2021-03-27,3690,188914,2649,106496,1022,79529,19,2889,1146,47382,2534,72057,1164,119439,California
Marin,2021-03-28,2379,191293,1718,108214,655,80184,6,2895,1104,47223,1269,73326,1110,120549,California
Marin,2021-03-29,2687,193980,2095,110309,567,80751,25,2920,1191,46945,1494,74820,1216,121765,California
Marin,2021-03-30,4650,198630,3643,113952,974,81725,33,2953,3061,48453,1586,76406,3094,124859,California
Marin,2021-03-31,5792,204422,4108,118060,1635,83360,49,3002,2582,47885,3199,79605,2631,127490,California
Marin,2021-04-01,4389,208811,2267,120327,1871,85231,251,3253,2111,47976,2271,81876,2362,129852,California
Marin,2021-04-02,3686,212497,1832,122159,1491,86722,363,3616,1969,48593,1711,83587,2328,132180,California
Marin,2021-04-03,3830,216327,2519,124678,943,87665,368,3984,1461,48063,2359,85946,1829,134009,California
Marin,2021-04-04,1636,217963,1228,125906,204,87869,204,4188,1194,49021,440,86386,1398,135407,California
Marin,2021-04-05,2187,220150,1520,127426,297,88166,370,4558,1261,49729,921,87307,1629,137036,California
Marin,2021-04-06,3940,224090,2110,129536,1282,89448,548,5106,2191,50721,1744,89051,2736,139772,California
Marin,2021-04-07,3913,228003,1981,131517,1293,90741,639,5745,1427,50308,2479,91530,2066,141838,California
Marin,2021-04-08,4994,232997,1953,133470,2434,93175,607,6352,2283,50487,2704,94234,2883,144721,California
Marin,2021-04-09,3941,236938,1530,135000,1685,94860,726,7078,1293,49860,2643,96877,2016,146737,California
Marin,2021-04-10,3184,240122,1461,136461,1290,96150,433,7511,1434,49985,1740,98617,1865,148602,California
Marin,2021-04-11,1056,241178,801,137262,93,96243,162,7673,474,50039,581,99198,635,149237,California
Marin,2021-04-12,1728,242906,1227,138489,341,96584,160,7833,919,50313,806,100004,1080,150317,California
Marin,2021-04-13,3704,246610,2268,140757,1429,98013,7,7840,1348,49322,2346,102350,1355,151672,California
Marin,2021-04-14,4143,250753,2473,143230,1668,99681,2,7842,1701,48589,2435,104785,1702,153374,California
Marin,2021-04-15,5545,256298,3925,147155,1620,101301,0,7842,3179,49416,2353,107138,3180,156554,California
Marin,2021-04-16,4236,260534,2230,149385,2003,103304,3,7845,2064,49323,2160,109298,2067,158621,California
Marin,2021-04-17,3519,264053,2151,151536,1368,104672,0,7845,1758,49325,1756,111054,1758,160379,California
Marin,2021-04-18,3198,267251,3096,154632,102,104774,0,7845,2562,51254,633,111687,2562,162941,California
Marin,2021-04-19,2010,269261,1842,156474,168,104942,0,7845,1162,51573,845,112532,1164,164105,California
Marin,2021-04-20,3690,272951,2552,159026,1138,106080,0,7845,1478,50843,2208,114740,1478,165583,California
Marin,2021-04-21,3996,276947,2939,161965,1055,107135,2,7847,1377,49616,2605,117345,1378,166961,California
Marin,2021-04-22,4200,281147,3203,165168,997,108132,0,7847,1480,48385,2714,120059,1483,168444,California
Marin,2021-04-23,3216,284363,1819,166987,1397,109529,0,7847,1230,47635,1981,122040,1231,169675,California
Marin,2021-04-24,2506,286869,1691,168678,814,110343,1,7848,924,46987,1573,123613,925,170600,California
Marin,2021-04-25,1387,288256,1270,169948,117,110460,0,7848,314,46233,1068,124681,314,170914,California
Marin,2021-04-26,1521,289777,1321,171269,198,110658,2,7850,341,45398,1179,125860,344,171258,California
Marin,2021-04-27,2896,292673,2125,173394,733,111391,38,7888,930,44406,1956,127816,964,172222,California
Marin,2021-04-28,1835,294508,1260,174654,534,111925,41,7929,645,43903,1188,129004,685,172907,California
Marin,2021-04-29,1769,296277,1348,176002,406,112331,15,7944,477,43106,1289,130293,492,173399,California
Mariposa,2020-12-17,37,37,37,37,0,0,0,0,39,39,0,0,39,39,California
Mariposa,2020-12-18,56,93,56,93,0,0,0,0,57,96,0,0,57,96,California
Mariposa,2020-12-20,2,95,2,95,0,0,0,0,2,98,0,0,2,98,California
Mariposa,2020-12-21,47,142,47,142,0,0,0,0,52,150,0,0,52,150,California
Mariposa,2020-12-22,5,147,5,147,0,0,0,0,5,155,0,0,5,155,California
Mariposa,2020-12-23,17,164,17,164,0,0,0,0,17,172,0,0,17,172,California
Mariposa,2020-12-24,1,165,0,164,1,1,0,0,0,172,0,0,0,172,California
Mariposa,2020-12-26,1,166,1,165,0,1,0,0,1,173,0,0,1,173,California
Mariposa,2020-12-27,1,167,0,165,1,2,0,0,1,174,0,0,1,174,California
Mariposa,2020-12-28,6,173,3,168,3,5,0,0,6,180,0,0,6,180,California
Mariposa,2020-12-29,33,206,3,171,30,35,0,0,33,213,0,0,33,213,California
Mariposa,2020-12-30,25,231,4,175,21,56,0,0,25,238,0,0,25,238,California
Mariposa,2020-12-31,16,247,0,175,16,72,0,0,16,254,0,0,16,254,California
Mariposa,2021-01-02,1,248,1,176,0,72,0,0,1,255,0,0,1,255,California
Mariposa,2021-01-04,8,256,1,177,7,79,0,0,8,263,0,0,8,263,California
Mariposa,2021-01-05,24,280,14,191,10,89,0,0,14,267,10,10,14,277,California
Mariposa,2021-01-06,6,286,3,194,3,92,0,0,3,267,3,13,3,280,California
Mariposa,2021-01-07,52,338,47,241,5,97,0,0,5,225,47,60,5,285,California
Mariposa,2021-01-08,108,446,79,320,29,126,0,0,33,183,75,135,33,318,California
Mariposa,2021-01-09,1,447,0,320,1,127,0,0,1,184,0,135,1,319,California
Mariposa,2021-01-11,31,478,10,330,21,148,0,0,23,199,8,143,23,342,California
Mariposa,2021-01-12,19,497,4,334,15,163,0,0,15,210,4,147,15,357,California
Mariposa,2021-01-13,21,518,4,338,17,180,0,0,18,225,3,150,18,375,California
Mariposa,2021-01-14,73,591,7,345,66,246,0,0,67,286,6,156,67,442,California
Mariposa,2021-01-15,66,657,26,371,40,286,0,0,56,332,10,166,56,498,California
Mariposa,2021-01-16,14,671,2,373,12,298,0,0,13,344,1,167,13,511,California
Mariposa,2021-01-17,2,673,0,373,2,300,0,0,2,346,0,167,2,513,California
Mariposa,2021-01-18,3,676,3,376,0,300,0,0,1,345,2,169,1,514,California
Mariposa,2021-01-19,8,684,4,380,4,304,0,0,5,348,2,171,5,519,California
Mariposa,2021-01-20,23,707,1,381,22,326,0,0,22,369,1,172,22,541,California
Mariposa,2021-01-21,64,771,7,388,57,383,0,0,60,425,4,176,60,601,California
Mariposa,2021-01-22,55,826,2,390,53,436,0,0,55,480,0,176,55,656,California
Mariposa,2021-01-23,116,942,2,392,114,550,0,0,115,594,1,177,115,771,California
Mariposa,2021-01-24,2,944,2,394,0,550,0,0,2,596,0,177,2,773,California
Mariposa,2021-01-25,4,948,1,395,3,553,0,0,0,592,4,181,0,773,California
Mariposa,2021-01-26,36,984,4,399,32,585,0,0,4,568,32,213,8,781,California
Mariposa,2021-01-27,22,1006,1,400,21,606,0,0,13,572,9,222,13,794,California
Mariposa,2021-01-28,126,1132,3,403,123,729,0,0,113,673,12,234,113,907,California
Mariposa,2021-01-29,84,1216,22,425,62,791,0,0,83,755,1,235,83,990,California
Mariposa,2021-01-30,9,1225,1,426,8,799,0,0,8,762,1,236,8,998,California
Mariposa,2021-01-31,1,1226,0,426,1,800,0,0,1,763,0,236,1,999,California
Mariposa,2021-02-01,87,1313,30,456,57,857,0,0,66,808,21,257,66,1065,California
Mariposa,2021-02-02,15,1328,3,459,12,869,0,0,9,811,6,263,9,1074,California
Mariposa,2021-02-03,20,1348,1,460,19,888,0,0,14,819,6,269,14,1088,California
Mariposa,2021-02-04,93,1441,8,468,85,973,0,0,88,904,4,273,89,1177,California
Mariposa,2021-02-05,188,1629,5,473,183,1156,0,0,162,1040,26,299,162,1339,California
Mariposa,2021-02-06,11,1640,4,477,7,1163,0,0,10,1049,1,300,10,1349,California
Mariposa,2021-02-08,40,1680,2,479,38,1201,0,0,21,1051,19,319,21,1370,California
Mariposa,2021-02-09,43,1723,25,504,18,1219,0,0,37,1082,6,325,37,1407,California
Mariposa,2021-02-10,28,1751,5,509,23,1242,0,0,17,1095,10,335,23,1430,California
Mariposa,2021-02-11,374,2125,5,514,369,1611,0,0,361,1445,13,348,363,1793,California
Mariposa,2021-02-12,183,2308,7,521,176,1787,0,0,140,1542,43,391,140,1933,California
Mariposa,2021-02-13,11,2319,3,524,8,1795,0,0,9,1549,2,393,9,1942,California
Mariposa,2021-02-14,8,2327,4,528,4,1799,0,0,5,1551,3,396,5,1947,California
Mariposa,2021-02-15,9,2336,3,531,6,1805,0,0,7,1556,2,398,7,1954,California
Mariposa,2021-02-16,57,2393,34,565,23,1828,0,0,34,1567,23,421,34,1988,California
Mariposa,2021-02-17,36,2429,8,573,28,1856,0,0,27,1587,8,429,28,2016,California
Mariposa,2021-02-18,56,2485,7,580,49,1905,0,0,20,1571,36,465,20,2036,California
Mariposa,2021-02-19,82,2567,3,583,79,1984,0,0,77,1643,5,470,77,2113,California
Mariposa,2021-02-20,251,2818,4,587,247,2231,0,0,222,1837,28,498,222,2335,California
Mariposa,2021-02-21,235,3053,2,589,233,2464,0,0,234,2070,1,499,234,2569,California
Mariposa,2021-02-22,24,3077,7,596,17,2481,0,0,21,2088,3,502,21,2590,California
Mariposa,2021-02-23,42,3119,36,632,6,2487,0,0,25,2096,17,519,25,2615,California
Mariposa,2021-02-24,19,3138,3,635,16,2503,0,0,7,2092,11,530,7,2622,California
Mariposa,2021-02-25,17,3155,8,643,9,2512,0,0,11,2097,6,536,11,2633,California
Mariposa,2021-02-26,420,3575,6,649,414,2926,0,0,359,2396,61,597,360,2993,California
Mariposa,2021-02-27,171,3746,5,654,166,3092,0,0,160,2545,11,608,160,3153,California
Mariposa,2021-02-28,2,3748,1,655,1,3093,0,0,0,2543,2,610,0,3153,California
Mariposa,2021-03-01,82,3830,26,681,56,3149,0,0,17,2496,64,674,17,3170,California
Mariposa,2021-03-02,21,3851,14,695,7,3156,0,0,11,2498,9,683,11,3181,California
Mariposa,2021-03-03,70,3921,5,700,65,3221,0,0,66,2561,4,687,67,3248,California
Mariposa,2021-03-04,34,3955,8,708,26,3247,0,0,20,2567,14,701,20,3268,California
Mariposa,2021-03-05,51,4006,8,716,43,3290,0,0,37,2595,14,715,42,3310,California
Mariposa,2021-03-06,15,4021,6,722,9,3299,0,0,7,2594,8,723,7,3317,California
Mariposa,2021-03-07,1,4022,1,723,0,3299,0,0,0,2593,1,724,0,3317,California
Mariposa,2021-03-08,38,4060,4,727,23,3322,11,11,9,2584,29,753,20,3337,California
Mariposa,2021-03-09,46,4106,18,745,18,3340,10,21,15,2578,31,784,25,3362,California
Mariposa,2021-03-10,29,4135,9,754,10,3350,10,31,9,2577,20,804,19,3381,California
Mariposa,2021-03-11,464,4599,6,760,440,3790,18,49,224,2583,239,1043,245,3626,California
Mariposa,2021-03-12,252,4851,6,766,219,4009,27,76,113,2583,139,1182,139,3765,California
Mariposa,2021-03-13,32,4883,6,772,11,4020,15,91,11,2587,21,1203,25,3790,California
Mariposa,2021-03-14,17,4900,2,774,4,4024,11,102,3,2587,14,1217,14,3804,California
Mariposa,2021-03-15,76,4976,7,781,31,4055,38,140,31,2611,45,1262,69,3873,California
Mariposa,2021-03-16,82,5058,32,813,15,4070,35,175,24,2612,58,1320,59,3932,California
Mariposa,2021-03-17,71,5129,10,823,53,4123,8,183,51,2652,19,1339,59,3991,California
Mariposa,2021-03-18,66,5195,15,838,41,4164,10,193,41,2678,25,1364,51,4042,California
Mariposa,2021-03-19,336,5531,8,846,323,4487,5,198,302,2951,34,1398,307,4349,California
Mariposa,2021-03-20,425,5956,4,850,419,4906,2,200,47,2623,378,1776,50,4399,California
Mariposa,2021-03-21,14,5970,8,858,5,4911,1,201,9,2629,4,1780,10,4409,California
Mariposa,2021-03-22,36,6006,7,865,21,4932,8,209,25,2652,11,1791,34,4443,California
Mariposa,2021-03-23,52,6058,32,897,10,4942,10,219,31,2672,21,1812,41,4484,California
Mariposa,2021-03-24,55,6113,5,902,48,4990,2,221,50,2719,5,1817,52,4536,California
Mariposa,2021-03-25,73,6186,15,917,50,5040,8,229,53,2760,20,1837,61,4597,California
Mariposa,2021-03-26,485,6671,8,925,476,5516,1,230,250,2776,235,2072,251,4848,California
Mariposa,2021-03-27,225,6896,8,933,217,5733,0,230,90,2733,135,2207,92,4940,California
Mariposa,2021-03-28,5,6901,0,933,2,5735,3,233,1,2733,4,2211,4,4944,California
Mariposa,2021-03-29,18,6919,5,938,13,5748,0,233,11,2737,7,2218,11,4955,California
Mariposa,2021-03-30,36,6955,13,951,7,5755,16,249,13,2743,23,2241,29,4984,California
Mariposa,2021-03-31,91,7046,16,967,68,5823,7,256,71,2801,20,2261,78,5062,California
Mariposa,2021-04-01,51,7097,9,976,34,5857,8,264,31,2820,20,2281,39,5101,California
Mariposa,2021-04-02,348,7445,10,986,336,6193,2,266,310,3095,37,2318,312,5413,California
Mariposa,2021-04-03,10,7455,7,993,3,6196,0,266,5,3095,5,2323,5,5418,California
Mariposa,2021-04-04,2,7457,1,994,0,6196,1,267,0,3094,2,2325,1,5419,California
Mariposa,2021-04-05,31,7488,23,1017,5,6201,3,270,15,3096,16,2341,18,5437,California
Mariposa,2021-04-06,42,7530,19,1036,7,6208,16,286,12,3095,29,2370,28,5465,California
Mariposa,2021-04-07,97,7627,6,1042,72,6280,19,305,28,3073,69,2439,47,5512,California
Mariposa,2021-04-08,274,7901,13,1055,242,6522,19,324,140,3101,132,2571,160,5672,California
Mariposa,2021-04-09,34,7935,9,1064,13,6535,12,336,10,3099,24,2595,22,5694,California
Mariposa,2021-04-10,200,8135,1,1065,189,6724,10,346,186,3281,13,2608,195,5889,California
Mariposa,2021-04-11,115,8250,4,1069,109,6833,2,348,48,3265,67,2675,51,5940,California
Mariposa,2021-04-12,36,8286,10,1079,24,6857,2,350,8,3247,28,2703,10,5950,California
Mariposa,2021-04-13,53,8339,45,1124,8,6865,0,350,34,3262,19,2722,34,5984,California
Mariposa,2021-04-14,112,8451,7,1131,105,6970,0,350,59,3269,52,2774,59,6043,California
Mariposa,2021-04-15,55,8506,17,1148,38,7008,0,350,40,3297,12,2786,40,6083,California
Mariposa,2021-04-16,371,8877,10,1158,361,7369,0,350,97,3120,274,3060,97,6180,California
Mariposa,2021-04-17,11,8888,6,1164,5,7374,0,350,8,3125,3,3063,8,6188,California
Mariposa,2021-04-18,6,8894,0,1164,6,7380,0,350,3,3125,3,3066,3,6191,California
Mariposa,2021-04-19,53,8947,23,1187,30,7410,0,350,28,3129,24,3090,28,6219,California
Mariposa,2021-04-20,63,9010,50,1237,13,7423,0,350,40,3149,20,3110,40,6259,California
Mariposa,2021-04-21,21,9031,12,1249,9,7432,0,350,10,3149,10,3120,10,6269,California
Mariposa,2021-04-22,44,9075,8,1257,36,7468,0,350,36,3178,7,3127,36,6305,California
Mariposa,2021-04-23,314,9389,68,1325,246,7714,0,350,145,3155,169,3296,146,6451,California
Mariposa,2021-04-24,105,9494,9,1334,96,7810,0,350,43,3137,61,3357,43,6494,California
Mariposa,2021-04-26,12,9506,9,1343,3,7813,0,350,2,3129,10,3367,2,6496,California
Mariposa,2021-04-27,29,9535,15,1358,13,7826,1,351,14,3133,11,3378,15,6511,California
Mariposa,2021-04-28,16,9551,11,1369,3,7829,2,353,10,3139,6,3384,12,6523,California
Mariposa,2021-04-29,15,9566,10,1379,5,7834,0,353,12,3148,3,3387,12,6535,California
Mendocino,2020-12-17,70,70,70,70,0,0,0,0,70,70,0,0,70,70,California
Mendocino,2020-12-18,85,155,84,154,1,1,0,0,84,154,0,0,84,154,California
Mendocino,2020-12-19,4,159,4,158,0,1,0,0,4,158,0,0,4,158,California
Mendocino,2020-12-20,7,166,7,165,0,1,0,0,7,165,0,0,7,165,California
Mendocino,2020-12-21,241,407,241,406,0,1,0,0,77,242,0,0,77,242,California
Mendocino,2020-12-22,250,657,189,595,61,62,0,0,250,492,0,0,250,492,California
Mendocino,2020-12-23,270,927,47,642,223,285,0,0,269,761,0,0,269,761,California
Mendocino,2020-12-24,49,976,8,650,41,326,0,0,49,810,0,0,49,810,California
Mendocino,2020-12-25,1,977,0,650,1,327,0,0,1,811,0,0,1,811,California
Mendocino,2020-12-26,2,979,2,652,0,327,0,0,2,813,0,0,2,813,California
Mendocino,2020-12-27,1,980,0,652,1,328,0,0,1,814,0,0,1,814,California
Mendocino,2020-12-28,74,1054,9,661,65,393,0,0,74,888,0,0,74,888,California
Mendocino,2020-12-29,122,1176,61,722,61,454,0,0,122,1010,0,0,122,1010,California
Mendocino,2020-12-30,123,1299,68,790,55,509,0,0,123,1133,0,0,123,1133,California
Mendocino,2020-12-31,130,1429,95,885,35,544,0,0,130,1263,0,0,130,1263,California
Mendocino,2021-01-01,7,1436,5,890,2,546,0,0,7,1270,0,0,7,1270,California
Mendocino,2021-01-02,1,1437,1,891,0,546,0,0,1,1271,0,0,1,1271,California
Mendocino,2021-01-04,840,2277,19,910,821,1367,0,0,840,2111,0,0,840,2111,California
Mendocino,2021-01-05,71,2348,35,945,36,1403,0,0,58,2156,13,13,58,2169,California
Mendocino,2021-01-06,155,2503,133,1078,22,1425,0,0,145,2291,10,23,145,2314,California
Mendocino,2021-01-07,357,2860,238,1316,119,1544,0,0,294,2522,63,86,294,2608,California
Mendocino,2021-01-08,95,2955,82,1398,13,1557,0,0,41,2510,54,140,42,2650,California
Mendocino,2021-01-09,10,2965,6,1404,4,1561,0,0,8,2516,2,142,8,2658,California
Mendocino,2021-01-10,8,2973,8,1412,0,1561,0,0,1,2510,7,149,1,2659,California
Mendocino,2021-01-11,101,3074,92,1504,9,1570,0,0,43,2496,57,206,43,2702,California
Mendocino,2021-01-12,385,3459,375,1879,10,1580,0,0,269,2649,116,322,269,2971,California
Mendocino,2021-01-13,483,3942,145,2024,338,1918,0,0,442,3053,39,361,443,3414,California
Mendocino,2021-01-14,636,4578,20,2044,616,2534,0,0,627,3671,9,370,627,4041,California
Mendocino,2021-01-15,1857,6435,859,2903,998,3532,0,0,1852,5519,5,375,1853,5894,California
Mendocino,2021-01-16,791,7226,50,2953,741,4273,0,0,789,6306,2,377,789,6683,California
Mendocino,2021-01-17,553,7779,1,2954,552,4825,0,0,552,6857,1,378,552,7235,California
Mendocino,2021-01-18,488,8267,463,3417,25,4850,0,0,476,7321,12,390,476,7711,California
Mendocino,2021-01-19,334,8601,148,3565,186,5036,0,0,158,7303,176,566,158,7869,California
Mendocino,2021-01-20,553,9154,406,3971,147,5183,0,0,447,7647,104,670,448,8317,California
Mendocino,2021-01-21,536,9690,223,4194,313,5496,0,0,352,7816,183,853,352,8669,California
Mendocino,2021-01-22,149,9839,58,4252,91,5587,0,0,110,7887,39,892,110,8779,California
Mendocino,2021-01-23,155,9994,83,4335,72,5659,0,0,149,8030,6,898,149,8928,California
Mendocino,2021-01-24,5,9999,3,4338,2,5661,0,0,5,8035,0,898,5,8933,California
Mendocino,2021-01-25,191,10190,18,4356,173,5834,0,0,121,8086,70,968,121,9054,California
Mendocino,2021-01-26,156,10346,56,4412,100,5934,0,0,95,8120,61,1029,95,9149,California
Mendocino,2021-01-27,439,10785,369,4781,70,6004,0,0,174,8036,258,1287,174,9323,California
Mendocino,2021-01-28,589,11374,525,5306,64,6068,0,0,494,8436,94,1381,494,9817,California
Mendocino,2021-01-29,392,11766,351,5657,41,6109,0,0,363,8771,29,1410,364,10181,California
Mendocino,2021-01-30,48,11814,30,5687,18,6127,0,0,41,8805,7,1417,41,10222,California
Mendocino,2021-01-31,273,12087,2,5689,271,6398,0,0,3,8538,270,1687,3,10225,California
Mendocino,2021-02-01,380,12467,52,5741,328,6726,0,0,58,8274,322,2009,58,10283,California
Mendocino,2021-02-02,721,13188,502,6243,219,6945,0,0,363,8279,358,2367,363,10646,California
Mendocino,2021-02-03,391,13579,206,6449,185,7130,0,0,221,8332,168,2535,221,10867,California
Mendocino,2021-02-04,624,14203,529,6978,95,7225,0,0,500,8708,124,2659,500,11367,California
Mendocino,2021-02-05,1298,15501,1211,8189,87,7312,0,0,584,8580,712,3371,584,11951,California
Mendocino,2021-02-06,559,16060,158,8347,401,7713,0,0,544,9109,15,3386,544,12495,California
Mendocino,2021-02-07,32,16092,28,8375,4,7717,0,0,32,9141,0,3386,32,12527,California
Mendocino,2021-02-08,746,16838,715,9090,31,7748,0,0,284,8963,462,3848,284,12811,California
Mendocino,2021-02-09,141,16979,58,9148,83,7831,0,0,89,9000,52,3900,89,12900,California
Mendocino,2021-02-10,1481,18460,921,10069,560,8391,0,0,741,9007,734,4634,741,13641,California
Mendocino,2021-02-11,1133,19593,208,10277,925,9316,0,0,281,8436,852,5486,281,13922,California
Mendocino,2021-02-12,1404,20997,161,10438,1243,10559,0,0,639,8311,764,6250,639,14561,California
Mendocino,2021-02-13,496,21493,12,10450,484,11043,0,0,103,8027,392,6642,108,14669,California
Mendocino,2021-02-14,694,22187,3,10453,691,11734,0,0,134,7601,560,7202,134,14803,California
Mendocino,2021-02-15,328,22515,42,10495,286,12020,0,0,174,7621,154,7356,174,14977,California
Mendocino,2021-02-16,200,22715,51,10546,149,12169,0,0,130,7681,70,7426,130,15107,California
Mendocino,2021-02-17,1350,24065,1188,11734,162,12331,0,0,877,8087,471,7897,877,15984,California
Mendocino,2021-02-18,1780,25845,639,12373,1141,13472,0,0,1214,8736,565,8462,1214,17198,California
Mendocino,2021-02-19,749,26594,146,12519,603,14075,0,0,610,9207,139,8601,610,17808,California
Mendocino,2021-02-20,570,27164,544,13063,26,14101,0,0,540,9719,28,8629,540,18348,California
Mendocino,2021-02-21,325,27489,6,13069,319,14420,0,0,313,10021,11,8640,313,18661,California
Mendocino,2021-02-22,161,27650,30,13099,131,14551,0,0,69,9999,91,8731,69,18730,California
Mendocino,2021-02-23,673,28323,661,13760,12,14563,0,0,611,10549,61,8792,611,19341,California
Mendocino,2021-02-24,1838,30161,1759,15519,79,14642,0,0,1429,11575,405,9197,1431,20772,California
Mendocino,2021-02-25,1703,31864,532,16051,1171,15813,0,0,1284,12441,418,9615,1284,22056,California
Mendocino,2021-02-26,1401,33265,748,16799,653,16466,0,0,1038,13118,361,9976,1038,23094,California
Mendocino,2021-02-27,199,33464,151,16950,48,16514,0,0,76,13072,122,10098,76,23170,California
Mendocino,2021-02-28,35,33499,13,16963,22,16536,0,0,24,13085,11,10109,24,23194,California
Mendocino,2021-03-01,575,34074,532,17495,43,16579,0,0,538,13586,37,10146,538,23732,California
Mendocino,2021-03-02,70,34144,24,17519,46,16625,0,0,41,13599,28,10174,41,23773,California
Mendocino,2021-03-03,1707,35851,1328,18847,379,17004,0,0,1076,14046,629,10803,1076,24849,California
Mendocino,2021-03-04,1768,37619,147,18994,1621,18625,0,0,1551,15383,215,11018,1552,26401,California
Mendocino,2021-03-05,207,37826,146,19140,52,18677,9,9,117,15421,88,11106,126,26527,California
Mendocino,2021-03-06,242,38068,20,19160,197,18874,25,34,201,15607,40,11146,226,26753,California
Mendocino,2021-03-07,505,38573,8,19168,477,19351,20,54,118,15358,386,11532,137,26890,California
Mendocino,2021-03-08,124,38697,29,19197,59,19410,36,90,64,15400,58,11590,100,26990,California
Mendocino,2021-03-09,521,39218,229,19426,251,19661,41,131,426,15772,95,11685,467,27457,California
Mendocino,2021-03-10,1109,40327,980,20406,64,19725,65,196,268,15270,838,12523,336,27793,California
Mendocino,2021-03-11,821,41148,611,21017,157,19882,53,249,395,15294,424,12947,448,28241,California
Mendocino,2021-03-12,2016,43164,1030,22047,892,20774,94,343,1211,15801,798,13745,1305,29546,California
Mendocino,2021-03-13,654,43818,524,22571,73,20847,57,400,97,15402,553,14298,154,29700,California
Mendocino,2021-03-14,104,43922,2,22573,95,20942,7,407,11,15331,89,14387,18,29718,California
Mendocino,2021-03-15,597,44519,51,22624,488,21430,58,465,209,15210,387,14774,266,29984,California
Mendocino,2021-03-16,569,45088,373,22997,151,21581,45,510,138,14964,429,15203,183,30167,California
Mendocino,2021-03-17,1563,46651,1359,24356,56,21637,148,658,214,13987,1346,16549,369,30536,California
Mendocino,2021-03-18,1307,47958,248,24604,1021,22658,38,696,284,13293,1015,17564,321,30857,California
Mendocino,2021-03-19,1754,49712,855,25459,838,23496,61,757,331,12268,1419,18983,394,31251,California
Mendocino,2021-03-20,68,49780,10,25469,37,23533,21,778,12,12245,56,19039,33,31284,California
Mendocino,2021-03-21,8,49788,1,25470,2,23535,5,783,3,12248,5,19044,8,31292,California
Mendocino,2021-03-22,624,50412,580,26050,15,23550,29,812,146,11948,474,19518,174,31466,California
Mendocino,2021-03-23,165,50577,33,26083,102,23652,30,842,116,12045,49,19567,146,31612,California
Mendocino,2021-03-24,911,51488,840,26923,24,23676,47,889,115,11413,794,20361,162,31774,California
Mendocino,2021-03-25,1985,53473,50,26973,1916,25592,19,908,174,9797,1808,22169,192,31966,California
Mendocino,2021-03-26,506,53979,357,27330,124,25716,25,933,324,9964,182,22351,349,32315,California
Mendocino,2021-03-27,142,54121,12,27342,118,25834,12,945,82,9998,59,22410,93,32408,California
Mendocino,2021-03-28,25,54146,4,27346,17,25851,4,949,3,9983,22,22432,7,32415,California
Mendocino,2021-03-29,186,54332,97,27443,47,25898,42,991,95,10029,91,22523,137,32552,California
Mendocino,2021-03-30,682,55014,597,28040,48,25946,37,1028,414,10213,267,22790,451,33003,California
Mendocino,2021-03-31,865,55879,270,28310,535,26481,60,1088,409,10228,454,23244,469,33472,California
Mendocino,2021-04-01,1707,57586,399,28709,1230,27711,78,1166,382,9370,1317,24561,459,33931,California
Mendocino,2021-04-02,1283,58869,1055,29764,155,27866,73,1239,223,8609,1057,25618,296,34227,California
Mendocino,2021-04-03,704,59573,9,29773,674,28540,21,1260,84,8098,616,26234,105,34332,California
Mendocino,2021-04-04,69,59642,34,29807,29,28569,6,1266,54,8143,15,26249,60,34392,California
Mendocino,2021-04-05,210,59852,142,29949,44,28613,24,1290,130,8215,80,26329,152,34544,California
Mendocino,2021-04-06,380,60232,120,30069,179,28792,81,1371,105,8126,275,26604,186,34730,California
Mendocino,2021-04-07,479,60711,172,30241,63,28855,244,1615,116,8124,361,26965,359,35089,California
Mendocino,2021-04-08,1490,62201,913,31154,461,29316,116,1731,1000,8756,484,27449,1116,36205,California
Mendocino,2021-04-09,755,62956,425,31579,170,29486,160,1891,395,8952,359,27808,555,36760,California
Mendocino,2021-04-10,399,63355,89,31668,264,29750,46,1937,137,8873,262,28070,183,36943,California
Mendocino,2021-04-11,122,63477,47,31715,18,29768,57,1994,58,8924,64,28134,115,37058,California
Mendocino,2021-04-12,617,64094,510,32225,46,29814,61,2055,411,9190,206,28340,472,37530,California
Mendocino,2021-04-13,287,64381,224,32449,62,29876,1,2056,220,9344,67,28407,221,37751,California
Mendocino,2021-04-14,512,64893,422,32871,89,29965,1,2057,410,9653,102,28509,411,38162,California
Mendocino,2021-04-15,654,65547,325,33196,328,30293,1,2058,394,9792,256,28765,395,38557,California
Mendocino,2021-04-16,121,65668,48,33244,72,30365,1,2059,73,9819,47,28812,74,38631,California
Mendocino,2021-04-17,197,65865,11,33255,186,30551,0,2059,70,9763,126,28938,70,38701,California
Mendocino,2021-04-18,8,65873,2,33257,5,30556,1,2060,4,9764,4,28942,5,38706,California
Mendocino,2021-04-19,532,66405,506,33763,24,30580,2,2062,433,10101,98,29040,435,39141,California
Mendocino,2021-04-20,406,66811,278,34041,127,30707,1,2063,261,10218,145,29185,262,39403,California
Mendocino,2021-04-21,181,66992,123,34164,57,30764,1,2064,113,10264,68,29253,114,39517,California
Mendocino,2021-04-22,476,67468,300,34464,175,30939,1,2065,321,10432,154,29407,322,39839,California
Mendocino,2021-04-23,815,68283,675,35139,140,31079,0,2065,663,10945,150,29557,663,40502,California
Mendocino,2021-04-24,101,68384,14,35153,87,31166,0,2065,94,11032,7,29564,94,40596,California
Mendocino,2021-04-25,52,68436,28,35181,20,31186,4,2069,18,11020,34,29598,22,40618,California
Mendocino,2021-04-26,247,68683,205,35386,37,31223,5,2074,166,11111,80,29678,171,40789,California
Mendocino,2021-04-27,172,68855,66,35452,82,31305,24,2098,89,11141,82,29760,112,40901,California
Mendocino,2021-04-28,177,69032,129,35581,37,31342,11,2109,99,11173,78,29838,110,41011,California
Mendocino,2021-04-29,867,69899,647,36228,212,31554,8,2117,74,10463,792,30630,82,41093,California
Merced,2020-12-16,3,3,3,3,0,0,0,0,3,3,0,0,3,3,California
Merced,2020-12-17,5,8,5,8,0,0,0,0,5,8,0,0,5,8,California
Merced,2020-12-18,143,151,143,151,0,0,0,0,143,151,0,0,143,151,California
Merced,2020-12-19,39,190,39,190,0,0,0,0,39,190,0,0,39,190,California
Merced,2020-12-20,17,207,17,207,0,0,0,0,17,207,0,0,17,207,California
Merced,2020-12-21,125,332,122,329,3,3,0,0,125,332,0,0,125,332,California
Merced,2020-12-22,152,484,152,481,0,3,0,0,152,484,0,0,152,484,California
Merced,2020-12-23,248,732,242,723,6,9,0,0,248,732,0,0,248,732,California
Merced,2020-12-24,71,803,71,794,0,9,0,0,71,803,0,0,71,803,California
Merced,2020-12-25,4,807,4,798,0,9,0,0,4,807,0,0,4,807,California
Merced,2020-12-26,6,813,3,801,3,12,0,0,6,813,0,0,6,813,California
Merced,2020-12-27,12,825,11,812,1,13,0,0,12,825,0,0,12,825,California
Merced,2020-12-28,122,947,98,910,24,37,0,0,122,947,0,0,122,947,California
Merced,2020-12-29,180,1127,124,1034,56,93,0,0,180,1127,0,0,180,1127,California
Merced,2020-12-30,214,1341,89,1123,125,218,0,0,214,1341,0,0,214,1341,California
Merced,2020-12-31,103,1444,34,1157,69,287,0,0,103,1444,0,0,103,1444,California
Merced,2021-01-01,2,1446,0,1157,2,289,0,0,2,1446,0,0,2,1446,California
Merced,2021-01-02,128,1574,117,1274,11,300,0,0,128,1574,0,0,128,1574,California
Merced,2021-01-03,9,1583,5,1279,4,304,0,0,9,1583,0,0,9,1583,California
Merced,2021-01-04,78,1661,40,1319,38,342,0,0,78,1661,0,0,78,1661,California
Merced,2021-01-05,320,1981,231,1550,89,431,0,0,314,1971,6,6,316,1977,California
Merced,2021-01-06,249,2230,98,1648,151,582,0,0,243,2208,6,12,243,2220,California
Merced,2021-01-07,183,2413,80,1728,103,685,0,0,173,2370,11,23,173,2393,California
Merced,2021-01-08,527,2940,393,2121,134,819,0,0,376,2596,150,173,376,2769,California
Merced,2021-01-09,23,2963,10,2131,13,832,0,0,17,2607,6,179,17,2786,California
Merced,2021-01-10,10,2973,6,2137,4,836,0,0,6,2609,4,183,6,2792,California
Merced,2021-01-11,225,3198,167,2304,58,894,0,0,101,2588,124,307,103,2895,California
Merced,2021-01-12,280,3478,157,2461,123,1017,0,0,230,2767,51,358,230,3125,California
Merced,2021-01-13,372,3850,173,2634,199,1216,0,0,222,2841,150,508,224,3349,California
Merced,2021-01-14,325,4175,201,2835,124,1340,0,0,160,2838,164,672,161,3510,California
Merced,2021-01-15,568,4743,125,2960,443,1783,0,0,530,3331,39,711,532,4042,California
Merced,2021-01-16,201,4944,122,3082,79,1862,0,0,196,3522,5,716,196,4238,California
Merced,2021-01-17,49,4993,12,3094,37,1899,0,0,48,3569,1,717,48,4286,California
Merced,2021-01-18,259,5252,126,3220,133,2032,0,0,237,3787,22,739,240,4526,California
Merced,2021-01-19,703,5955,580,3800,123,2155,0,0,532,4152,171,910,536,5062,California
Merced,2021-01-20,571,6526,466,4266,105,2260,0,0,515,4614,56,966,518,5580,California
Merced,2021-01-21,1004,7530,644,4910,360,2620,0,0,905,5423,99,1065,908,6488,California
Merced,2021-01-22,1301,8831,683,5593,618,3238,0,0,1275,6684,26,1091,1287,7775,California
Merced,2021-01-23,306,9137,184,5777,122,3360,0,0,201,6780,105,1196,201,7976,California
Merced,2021-01-24,32,9169,14,5791,18,3378,0,0,23,6795,8,1204,23,7999,California
Merced,2021-01-25,727,9896,241,6032,486,3864,0,0,668,7405,58,1262,668,8667,California
Merced,2021-01-26,911,10807,483,6515,428,4292,0,0,671,7864,213,1475,672,9339,California
Merced,2021-01-27,975,11782,581,7096,394,4686,0,0,813,8517,160,1635,813,10152,California
Merced,2021-01-28,1136,12918,591,7687,545,5231,0,0,1015,9412,121,1756,1016,11168,California
Merced,2021-01-29,845,13763,321,8008,524,5755,0,0,601,9778,237,1993,603,11771,California
Merced,2021-01-30,259,14022,27,8035,232,5987,0,0,243,10005,16,2009,243,12014,California
Merced,2021-01-31,45,14067,10,8045,35,6022,0,0,44,10048,1,2010,44,12058,California
Merced,2021-02-01,372,14439,52,8097,320,6342,0,0,324,10326,47,2057,325,12383,California
Merced,2021-02-02,293,14732,181,8278,112,6454,0,0,174,10384,117,2174,175,12558,California
Merced,2021-02-03,347,15079,70,8348,277,6731,0,0,166,10369,181,2355,166,12724,California
Merced,2021-02-04,369,15448,146,8494,223,6954,0,0,240,10482,128,2483,241,12965,California
Merced,2021-02-05,512,15960,173,8667,339,7293,0,0,272,10517,239,2722,274,13239,California
Merced,2021-02-06,387,16347,218,8885,169,7462,0,0,244,10620,142,2864,245,13484,California
Merced,2021-02-07,20,16367,12,8897,8,7470,0,0,13,10626,7,2871,13,13497,California
Merced,2021-02-08,278,16645,196,9093,82,7552,0,0,169,10688,108,2979,170,13667,California
Merced,2021-02-09,1212,17857,952,10045,260,7812,0,0,776,11037,428,3407,777,14444,California
Merced,2021-02-10,1851,19708,1431,11476,420,8232,0,0,1272,11738,571,3978,1272,15716,California
Merced,2021-02-11,2499,22207,2003,13479,496,8728,0,0,1814,12875,677,4655,1814,17530,California
Merced,2021-02-12,1713,23920,1012,14491,701,9429,0,0,752,12676,952,5607,753,18283,California
Merced,2021-02-13,359,24279,204,14695,155,9584,0,0,265,12850,93,5700,267,18550,California
Merced,2021-02-14,116,24395,26,14721,90,9674,0,0,95,12925,21,5721,96,18646,California
Merced,2021-02-15,273,24668,40,14761,233,9907,0,0,170,12998,98,5819,171,18817,California
Merced,2021-02-16,1209,25877,841,15602,368,10275,0,0,838,13484,354,6173,840,19657,California
Merced,2021-02-17,1874,27751,1629,17231,245,10520,0,0,1314,14253,547,6720,1316,20973,California
Merced,2021-02-18,1199,28950,810,18041,389,10909,0,0,398,13870,781,7501,398,21371,California
Merced,2021-02-19,1259,30209,410,18451,849,11758,0,0,534,13687,719,8220,536,21907,California
Merced,2021-02-20,276,30485,31,18482,245,12003,0,0,142,13697,132,8352,142,22049,California
Merced,2021-02-21,74,30559,60,18542,14,12017,0,0,30,13683,44,8396,30,22079,California
Merced,2021-02-22,825,31384,292,18834,533,12550,0,0,480,13819,344,8740,480,22559,California
Merced,2021-02-23,1078,32462,420,19254,658,13208,0,0,637,14019,437,9177,637,23196,California
Merced,2021-02-24,813,33275,301,19555,512,13720,0,0,443,14102,361,9538,444,23640,California
Merced,2021-02-25,1750,35025,861,20416,889,14609,0,0,1300,14957,447,9985,1302,24942,California
Merced,2021-02-26,2128,37153,1360,21776,768,15377,0,0,1721,16274,405,10390,1722,26664,California
Merced,2021-02-27,2502,39655,1088,22864,1413,16790,1,1,2217,18207,284,10674,2217,28881,California
Merced,2021-02-28,298,39953,71,22935,227,17017,0,1,250,18413,44,10718,250,29131,California
Merced,2021-03-01,1108,41061,278,23213,830,17847,0,1,772,18857,328,11046,772,29903,California
Merced,2021-03-02,1743,42804,901,24114,841,18688,1,2,1358,19838,378,11424,1359,31262,California
Merced,2021-03-03,2204,45008,1720,25834,483,19171,1,3,1451,20553,737,12161,1452,32714,California
Merced,2021-03-04,2875,47883,2264,28098,609,19780,2,5,1908,21514,950,13111,1911,34625,California
Merced,2021-03-05,2058,49941,1189,29287,846,20626,23,28,1523,22538,523,13634,1547,36172,California
Merced,2021-03-06,1153,51094,652,29939,479,21105,22,50,898,23204,254,13888,920,37092,California
Merced,2021-03-07,225,51319,62,30001,138,21243,25,75,196,23396,29,13917,221,37313,California
Merced,2021-03-08,1244,52563,648,30649,531,21774,65,140,1033,24283,210,14127,1097,38410,California
Merced,2021-03-09,1682,54245,994,31643,582,22356,106,246,1094,24900,584,14711,1201,39611,California
Merced,2021-03-10,2681,56926,1858,33501,624,22980,199,445,1614,25663,1055,15766,1818,41429,California
Merced,2021-03-11,1890,58816,677,34178,1007,23987,206,651,1218,26449,660,16426,1446,42875,California
Merced,2021-03-12,2187,61003,895,35073,1025,25012,267,918,1476,27497,707,17133,1755,44630,California
Merced,2021-03-13,720,61723,309,35382,168,25180,243,1161,413,27855,299,17432,657,45287,California
Merced,2021-03-14,247,61970,135,35517,82,25262,30,1191,149,27938,97,17529,180,45467,California
Merced,2021-03-15,1496,63466,491,36008,750,26012,255,1446,980,28663,509,18038,1234,46701,California
Merced,2021-03-16,1423,64889,681,36689,517,26529,225,1671,945,29361,469,18507,1167,47868,California
Merced,2021-03-17,1938,66827,1037,37726,723,27252,178,1849,1495,30599,437,18944,1675,49543,California
Merced,2021-03-18,2021,68848,1157,38883,717,27969,147,1996,1381,31508,632,19576,1541,51084,California
Merced,2021-03-19,2652,71500,1444,40327,1016,28985,192,2188,1379,31817,1263,20839,1572,52656,California
Merced,2021-03-20,2391,73891,1463,41790,534,29519,394,2582,960,31746,1429,22268,1358,54014,California
Merced,2021-03-21,556,74447,343,42133,200,29719,13,2595,437,32079,119,22387,452,54466,California
Merced,2021-03-22,1259,75706,628,42761,555,30274,76,2671,887,32679,365,22752,965,55431,California
Merced,2021-03-23,1814,77520,1092,43853,658,30932,64,2735,1341,33616,469,23221,1406,56837,California
Merced,2021-03-24,1321,78841,794,44647,492,31424,35,2770,891,34119,423,23644,926,57763,California
Merced,2021-03-25,3293,82134,2265,46912,1007,32431,21,2791,2074,35006,1211,24855,2098,59861,California
Merced,2021-03-26,1915,84049,1073,47985,808,33239,34,2825,886,34904,1021,25876,919,60780,California
Merced,2021-03-27,3012,87061,1746,49731,1196,34435,70,2895,1368,34710,1633,27509,1439,62219,California
Merced,2021-03-28,509,87570,210,49941,292,34727,7,2902,210,34631,297,27806,218,62437,California
Merced,2021-03-29,1610,89180,580,50521,866,35593,164,3066,659,34513,945,28751,827,63264,California
Merced,2021-03-30,2121,91301,786,51307,1276,36869,59,3125,979,34412,1139,29890,1038,64302,California
Merced,2021-03-31,2102,93403,1389,52696,679,37548,34,3159,939,34238,1148,31038,974,65276,California
Merced,2021-04-01,2032,95435,888,53584,1026,38574,118,3277,864,34062,1160,32198,984,66260,California
Merced,2021-04-02,2258,97693,611,54195,1245,39819,402,3679,716,33659,1525,33723,1122,67382,California
Merced,2021-04-03,723,98416,339,54534,374,40193,10,3689,328,33607,392,34115,340,67722,California
Merced,2021-04-04,365,98781,141,54675,220,40413,4,3693,139,33527,225,34340,145,67867,California
Merced,2021-04-05,1242,100023,589,55264,442,40855,211,3904,405,33308,834,35174,615,68482,California
Merced,2021-04-06,2304,102327,796,56060,684,41539,824,4728,801,33435,1499,36673,1626,70108,California
Merced,2021-04-07,1632,103959,877,56937,648,42187,107,4835,588,33099,1033,37706,697,70805,California
Merced,2021-04-08,2198,106157,1099,58036,884,43071,215,5050,749,32641,1420,39126,962,71767,California
Merced,2021-04-09,1667,107824,468,58504,623,43694,576,5626,562,32693,1088,40214,1140,72907,California
Merced,2021-04-10,682,108506,360,58864,137,43831,185,5811,171,32542,506,40720,355,73262,California
Merced,2021-04-11,486,108992,280,59144,72,43903,134,5945,146,32485,338,41058,281,73543,California
Merced,2021-04-12,1392,110384,907,60051,364,44267,121,6066,811,32871,546,41604,932,74475,California
Merced,2021-04-13,2005,112389,1441,61492,561,44828,3,6069,934,32823,989,42593,941,75416,California
Merced,2021-04-14,1925,114314,1102,62594,823,45651,0,6069,896,32817,904,43497,898,76314,California
Merced,2021-04-15,2999,117313,1966,64560,1033,46684,0,6069,950,31945,1826,45323,954,77268,California
Merced,2021-04-16,2351,119664,1146,65706,1205,47889,0,6069,962,31611,1296,46619,962,78230,California
Merced,2021-04-17,1433,121097,788,66494,645,48534,0,6069,371,30925,1058,47677,372,78602,California
Merced,2021-04-18,466,121563,248,66742,218,48752,0,6069,191,30868,248,47925,191,78793,California
Merced,2021-04-19,1314,122877,738,67480,576,49328,0,6069,702,31051,519,48444,702,79495,California
Merced,2021-04-20,1405,124282,730,68210,675,50003,0,6069,783,31280,554,48998,783,80278,California
Merced,2021-04-21,1454,125736,875,69085,579,50582,0,6069,751,31439,593,49591,752,81030,California
Merced,2021-04-22,1593,127329,732,69817,861,51443,0,6069,778,31482,735,50326,778,81808,California
Merced,2021-04-23,1507,128836,554,70371,953,52396,0,6069,774,31571,686,51012,775,82583,California
Merced,2021-04-24,559,129395,390,70761,169,52565,0,6069,385,31787,170,51182,386,82969,California
Merced,2021-04-25,324,129719,185,70946,139,52704,0,6069,192,31848,131,51313,192,83161,California
Merced,2021-04-26,1051,130770,396,71342,655,53359,0,6069,531,31891,490,51803,533,83694,California
Merced,2021-04-27,1424,132194,576,71918,838,54197,10,6079,570,31683,789,52592,581,84275,California
Merced,2021-04-28,1301,133495,634,72552,659,54856,8,6087,740,31892,541,53133,750,85025,California
Merced,2021-04-29,430,133925,125,72677,293,55149,12,6099,194,31865,233,53366,206,85231,California
Modoc,2020-12-16,1,1,1,1,0,0,0,0,1,1,0,0,1,1,California
Modoc,2020-12-21,100,101,100,101,0,0,0,0,100,101,0,0,100,101,California
Modoc,2020-12-22,14,115,14,115,0,0,0,0,14,115,0,0,14,115,California
Modoc,2020-12-23,4,119,4,119,0,0,0,0,4,119,0,0,4,119,California
Modoc,2020-12-24,1,120,1,120,0,0,0,0,1,120,0,0,1,120,California
Modoc,2020-12-28,2,122,2,122,0,0,0,0,2,122,0,0,2,122,California
Modoc,2020-12-29,10,132,1,123,9,9,0,0,10,132,0,0,10,132,California
Modoc,2020-12-30,7,139,0,123,7,16,0,0,7,139,0,0,7,139,California
Modoc,2021-01-02,2,141,0,123,2,18,0,0,2,141,0,0,2,141,California
Modoc,2021-01-04,8,149,0,123,8,26,0,0,8,149,0,0,8,149,California
Modoc,2021-01-05,2,151,1,124,1,27,0,0,2,151,0,0,2,151,California
Modoc,2021-01-06,3,154,2,126,1,28,0,0,2,152,1,1,2,153,California
Modoc,2021-01-07,72,226,0,126,72,100,0,0,72,224,0,1,72,225,California
Modoc,2021-01-08,105,331,0,126,105,205,0,0,105,329,0,1,105,330,California
Modoc,2021-01-10,1,332,1,127,0,205,0,0,0,328,1,2,0,330,California
Modoc,2021-01-11,91,423,82,209,9,214,0,0,19,275,72,74,19,349,California
Modoc,2021-01-12,94,517,25,234,69,283,0,0,68,317,26,100,68,417,California
Modoc,2021-01-13,24,541,4,238,20,303,0,0,22,337,2,102,22,439,California
Modoc,2021-01-14,129,670,6,244,123,426,0,0,124,456,5,107,124,563,California
Modoc,2021-01-15,6,676,1,245,5,431,0,0,6,462,0,107,6,569,California
Modoc,2021-01-16,1,677,1,246,0,431,0,0,1,463,0,107,1,570,California
Modoc,2021-01-18,1,678,1,247,0,431,0,0,1,464,0,107,1,571,California
Modoc,2021-01-19,5,683,3,250,2,433,0,0,3,465,2,109,3,574,California
Modoc,2021-01-20,11,694,1,251,10,443,0,0,11,476,0,109,11,585,California
Modoc,2021-01-21,157,851,2,253,155,598,0,0,157,633,0,109,157,742,California
Modoc,2021-01-22,2,853,0,253,2,600,0,0,2,635,0,109,2,744,California
Modoc,2021-01-25,11,864,0,253,11,611,0,0,11,646,0,109,11,755,California
Modoc,2021-01-26,65,929,1,254,64,675,0,0,65,711,0,109,65,820,California
Modoc,2021-01-27,41,970,2,256,39,714,0,0,25,720,16,125,25,845,California
Modoc,2021-01-28,144,1114,1,257,143,857,0,0,144,864,0,125,144,989,California
Modoc,2021-01-29,3,1117,1,258,2,859,0,0,3,867,0,125,3,992,California
Modoc,2021-02-01,25,1142,12,270,13,872,0,0,11,864,14,139,11,1003,California
Modoc,2021-02-02,170,1312,2,272,168,1040,0,0,167,1028,3,142,167,1170,California
Modoc,2021-02-03,18,1330,13,285,5,1045,0,0,11,1032,7,149,11,1181,California
Modoc,2021-02-04,155,1485,4,289,151,1196,0,0,27,931,128,277,27,1208,California
Modoc,2021-02-05,4,1489,3,292,1,1197,0,0,3,933,1,278,3,1211,California
Modoc,2021-02-08,9,1498,2,294,7,1204,0,0,8,940,1,279,8,1219,California
Modoc,2021-02-09,197,1695,13,307,184,1388,0,0,65,873,132,411,65,1284,California
Modoc,2021-02-10,5,1700,2,309,3,1391,0,0,4,876,1,412,4,1288,California
Modoc,2021-02-11,201,1901,3,312,198,1589,0,0,83,841,118,530,83,1371,California
Modoc,2021-02-12,4,1905,0,312,4,1593,0,0,2,841,2,532,2,1373,California
Modoc,2021-02-13,1,1906,0,312,1,1594,0,0,1,842,0,532,1,1374,California
Modoc,2021-02-16,147,2053,6,318,141,1735,0,0,143,981,4,536,143,1517,California
Modoc,2021-02-17,24,2077,1,319,23,1758,0,0,12,981,12,548,12,1529,California
Modoc,2021-02-18,188,2265,2,321,186,1944,0,0,25,845,162,710,26,1555,California
Modoc,2021-02-19,2,2267,2,323,0,1944,0,0,2,847,0,710,2,1557,California
Modoc,2021-02-20,1,2268,1,324,0,1944,0,0,1,848,0,710,1,1558,California
Modoc,2021-02-22,17,2285,9,333,8,1952,0,0,3,837,14,724,3,1561,California
Modoc,2021-02-23,20,2305,2,335,18,1970,0,0,1,819,19,743,1,1562,California
Modoc,2021-02-24,90,2395,1,336,89,2059,0,0,30,789,60,803,30,1592,California
Modoc,2021-02-25,169,2564,1,337,168,2227,0,0,13,646,156,959,13,1605,California
Modoc,2021-02-26,3,2567,0,337,3,2230,0,0,1,645,2,961,1,1606,California
Modoc,2021-02-27,5,2572,5,342,0,2230,0,0,2,644,3,964,2,1608,California
Modoc,2021-03-01,4,2576,0,342,4,2234,0,0,0,640,4,968,0,1608,California
Modoc,2021-03-02,193,2769,12,354,181,2415,0,0,26,499,167,1135,26,1634,California
Modoc,2021-03-03,12,2781,6,360,6,2421,0,0,2,491,10,1145,2,1636,California
Modoc,2021-03-04,175,2956,2,362,173,2594,0,0,148,612,27,1172,148,1784,California
Modoc,2021-03-05,4,2960,3,365,1,2595,0,0,2,612,2,1174,2,1786,California
Modoc,2021-03-06,11,2971,0,365,1,2596,10,10,1,613,10,1184,11,1797,California
Modoc,2021-03-07,6,2977,1,366,0,2596,5,15,1,614,5,1189,6,1803,California
Modoc,2021-03-08,8,2985,1,367,3,2599,4,19,1,613,6,1195,5,1808,California
Modoc,2021-03-09,126,3111,10,377,108,2707,8,27,61,617,65,1260,69,1877,California
Modoc,2021-03-10,9,3120,3,380,2,2709,4,31,4,620,5,1265,8,1885,California
Modoc,2021-03-11,207,3327,0,380,99,2808,108,139,22,565,185,1450,130,2015,California
Modoc,2021-03-12,10,3337,1,381,4,2812,5,144,4,568,6,1456,9,2024,California
Modoc,2021-03-13,4,3341,0,381,1,2813,3,147,1,569,3,1459,4,2028,California
Modoc,2021-03-15,12,3353,1,382,10,2823,1,148,10,578,2,1461,11,2039,California
Modoc,2021-03-16,173,3526,1,383,168,2991,4,152,42,492,131,1592,45,2084,California
Modoc,2021-03-17,10,3536,1,384,4,2995,5,157,2,491,8,1600,7,2091,California
Modoc,2021-03-18,66,3602,1,385,58,3053,7,164,34,500,32,1632,41,2132,California
Modoc,2021-03-19,5,3607,0,385,0,3053,5,169,0,500,5,1637,5,2137,California
Modoc,2021-03-20,6,3613,2,387,1,3054,3,172,1,499,5,1642,4,2141,California
Modoc,2021-03-21,4,3617,1,388,1,3055,2,174,2,501,2,1644,4,2145,California
Modoc,2021-03-22,18,3635,1,389,11,3066,6,180,12,513,6,1650,18,2163,California
Modoc,2021-03-23,35,3670,5,394,27,3093,3,183,27,535,8,1658,30,2193,California
Modoc,2021-03-24,29,3699,1,395,18,3111,10,193,2,520,27,1685,12,2205,California
Modoc,2021-03-25,77,3776,1,396,74,3185,2,195,45,535,32,1717,47,2252,California
Modoc,2021-03-26,7,3783,2,398,2,3187,3,198,2,535,5,1722,5,2257,California
Modoc,2021-03-27,2,3785,0,398,1,3188,1,199,1,536,1,1723,2,2259,California
Modoc,2021-03-28,2,3787,1,399,0,3188,1,200,0,535,2,1725,1,2260,California
Modoc,2021-03-29,14,3801,1,400,5,3193,8,208,5,539,9,1734,13,2273,California
Modoc,2021-03-30,56,3857,10,410,39,3232,7,215,22,534,34,1768,29,2302,California
Modoc,2021-03-31,9,3866,3,413,2,3234,4,219,3,535,6,1774,7,2309,California
Modoc,2021-04-01,169,4035,2,415,162,3396,5,224,34,439,135,1909,39,2348,California
Modoc,2021-04-02,4,4039,0,415,1,3397,3,227,0,439,3,1912,3,2351,California
Modoc,2021-04-03,5,4044,2,417,0,3397,3,230,2,441,2,1914,4,2355,California
Modoc,2021-04-05,9,4053,0,417,9,3406,0,230,9,450,0,1914,9,2364,California
Modoc,2021-04-06,24,4077,5,422,9,3415,10,240,6,448,18,1932,16,2380,California
Modoc,2021-04-07,12,4089,1,423,4,3419,7,247,3,449,9,1941,10,2390,California
Modoc,2021-04-08,97,4186,1,424,93,3512,3,250,26,407,71,2012,29,2419,California
Modoc,2021-04-09,11,4197,2,426,6,3518,3,253,2,402,9,2021,4,2423,California
Modoc,2021-04-10,5,4202,0,426,1,3519,4,257,0,401,5,2026,4,2427,California
Modoc,2021-04-11,2,4204,2,428,0,3519,0,257,1,401,1,2027,1,2428,California
Modoc,2021-04-12,14,4218,1,429,9,3528,4,261,1,395,11,2038,5,2433,California
Modoc,2021-04-13,28,4246,27,456,1,3529,0,261,21,409,7,2045,21,2454,California
Modoc,2021-04-14,2,4248,2,458,0,3529,0,261,1,409,1,2046,1,2455,California
Modoc,2021-04-15,99,4347,0,458,99,3628,0,261,26,362,73,2119,26,2481,California
Modoc,2021-04-16,4,4351,4,462,0,3628,0,261,3,364,1,2120,3,2484,California
Modoc,2021-04-17,2,4353,2,464,0,3628,0,261,2,366,0,2120,2,2486,California
Modoc,2021-04-18,1,4354,0,464,1,3629,0,261,1,367,0,2120,1,2487,California
Modoc,2021-04-19,7,4361,1,465,6,3635,0,261,2,364,5,2125,2,2489,California
Modoc,2021-04-20,27,4388,2,467,25,3660,0,261,9,355,18,2143,9,2498,California
Modoc,2021-04-21,3,4391,3,470,0,3660,0,261,1,354,2,2145,1,2499,California
Modoc,2021-04-22,98,4489,4,474,94,3754,0,261,41,338,57,2202,41,2540,California
Modoc,2021-04-23,4,4493,0,474,4,3758,0,261,3,340,1,2203,3,2543,California
Modoc,2021-04-24,3,4496,1,475,1,3759,1,262,2,342,1,2204,3,2546,California
Modoc,2021-04-25,1,4497,1,476,0,3759,0,262,1,343,0,2204,1,2547,California
Modoc,2021-04-26,8,4505,1,477,7,3766,0,262,3,341,5,2209,3,2550,California
Modoc,2021-04-27,5,4510,4,481,0,3766,1,263,0,337,5,2214,1,2551,California
Modoc,2021-04-28,3,4513,0,481,3,3769,0,263,0,334,3,2217,0,2551,California
Modoc,2021-04-29,49,4562,0,481,49,3818,0,263,15,315,34,2251,15,2566,California
Mono,2020-12-18,1,1,1,1,0,0,0,0,1,1,0,0,1,1,California
Mono,2020-12-19,5,6,5,6,0,0,0,0,5,6,0,0,5,6,California
Mono,2020-12-20,7,13,7,13,0,0,0,0,7,13,0,0,7,13,California
Mono,2020-12-21,24,37,17,30,7,7,0,0,24,37,0,0,24,37,California
Mono,2020-12-22,66,103,65,95,1,8,0,0,66,103,0,0,66,103,California
Mono,2020-12-23,70,173,42,137,28,36,0,0,70,173,0,0,70,173,California
Mono,2020-12-24,3,176,1,138,2,38,0,0,3,176,0,0,3,176,California
Mono,2020-12-26,3,179,3,141,0,38,0,0,3,179,0,0,3,179,California
Mono,2020-12-28,94,273,63,204,31,69,0,0,94,273,0,0,94,273,California
Mono,2020-12-29,29,302,29,233,0,69,0,0,29,302,0,0,29,302,California
Mono,2020-12-30,77,379,36,269,41,110,0,0,77,379,0,0,77,379,California
Mono,2020-12-31,4,383,1,270,3,113,0,0,4,383,0,0,4,383,California
Mono,2021-01-01,4,387,4,274,0,113,0,0,4,387,0,0,4,387,California
Mono,2021-01-02,2,389,2,276,0,113,0,0,2,389,0,0,2,389,California
Mono,2021-01-04,1,390,0,276,1,114,0,0,1,390,0,0,1,390,California
Mono,2021-01-05,45,435,2,278,43,157,0,0,44,433,1,1,44,434,California
Mono,2021-01-06,44,479,0,278,44,201,0,0,44,477,0,1,44,478,California
Mono,2021-01-07,55,534,3,281,52,253,0,0,54,530,1,2,54,532,California
Mono,2021-01-08,2,536,1,282,1,254,0,0,1,530,1,3,1,533,California
Mono,2021-01-09,4,540,4,286,0,254,0,0,0,526,4,7,0,533,California
Mono,2021-01-10,5,545,5,291,0,254,0,0,0,521,5,12,0,533,California
Mono,2021-01-11,8,553,5,296,3,257,0,0,4,521,4,16,4,537,California
Mono,2021-01-12,282,835,75,371,207,464,0,0,218,676,63,79,218,755,California
Mono,2021-01-13,233,1068,73,444,160,624,0,0,178,799,55,134,178,933,California
Mono,2021-01-14,73,1141,71,515,2,626,0,0,73,872,0,134,73,1006,California
Mono,2021-01-15,62,1203,2,517,60,686,0,0,62,934,0,134,62,1068,California
Mono,2021-01-16,4,1207,3,520,1,687,0,0,1,932,3,137,1,1069,California
Mono,2021-01-18,64,1271,55,575,9,696,0,0,2,872,62,199,2,1071,California
Mono,2021-01-19,209,1480,207,782,2,698,0,0,171,1006,38,237,172,1243,California
Mono,2021-01-20,231,1711,199,981,32,730,0,0,170,1115,61,298,170,1413,California
Mono,2021-01-21,3,1714,3,984,0,730,0,0,3,1118,0,298,3,1416,California
Mono,2021-01-22,4,1718,0,984,4,734,0,0,4,1122,0,298,4,1420,California
Mono,2021-01-23,595,2313,595,1579,0,734,0,0,594,1715,1,299,594,2014,California
Mono,2021-01-25,203,2516,165,1744,38,772,0,0,164,1840,39,338,164,2178,California
Mono,2021-01-26,504,3020,502,2246,2,774,0,0,498,2332,6,344,498,2676,California
Mono,2021-01-27,5,3025,1,2247,4,778,0,0,5,2337,0,344,5,2681,California
Mono,2021-01-28,7,3032,3,2250,4,782,0,0,3,2336,4,348,3,2684,California
Mono,2021-01-30,202,3234,200,2450,2,784,0,0,201,2536,1,349,201,2885,California
Mono,2021-01-31,243,3477,138,2588,105,889,0,0,139,2571,104,453,139,3024,California
Mono,2021-02-01,27,3504,27,2615,0,889,0,0,0,2544,27,480,0,3024,California
Mono,2021-02-02,5,3509,0,2615,5,894,0,0,2,2543,3,483,2,3026,California
Mono,2021-02-03,4,3513,2,2617,2,896,0,0,2,2543,2,485,2,3028,California
Mono,2021-02-04,211,3724,158,2775,53,949,0,0,90,2512,121,606,90,3118,California
Mono,2021-02-05,615,4339,609,3384,6,955,0,0,612,3121,3,609,612,3730,California
Mono,2021-02-06,139,4478,138,3522,1,956,0,0,137,3256,2,611,137,3867,California
Mono,2021-02-07,2,4480,0,3522,2,958,0,0,2,3258,0,611,2,3869,California
Mono,2021-02-08,171,4651,171,3693,0,958,0,0,15,3118,155,766,15,3884,California
Mono,2021-02-09,226,4877,6,3699,220,1178,0,0,14,2920,212,978,14,3898,California
Mono,2021-02-10,537,5414,187,3886,350,1528,0,0,195,2774,342,1320,196,4094,California
Mono,2021-02-11,7,5421,4,3890,3,1531,0,0,2,2771,5,1325,2,4096,California
Mono,2021-02-12,84,5505,20,3910,64,1595,0,0,26,2739,58,1383,26,4122,California
Mono,2021-02-13,586,6091,586,4496,0,1595,0,0,25,2204,560,1943,25,4147,California
Mono,2021-02-15,166,6257,164,4660,2,1597,0,0,3,2046,161,2104,3,4150,California
Mono,2021-02-16,515,6772,512,5172,3,1600,0,0,45,1624,467,2571,45,4195,California
Mono,2021-02-17,6,6778,1,5173,5,1605,0,0,1,1620,5,2576,1,4196,California
Mono,2021-02-18,3,6781,2,5175,1,1606,0,0,2,1621,1,2577,2,4198,California
Mono,2021-02-19,54,6835,53,5228,1,1607,0,0,54,1675,0,2577,54,4252,California
Mono,2021-02-20,4,6839,4,5232,0,1607,0,0,4,1679,0,2577,4,4256,California
Mono,2021-02-21,3,6842,3,5235,0,1607,0,0,3,1682,0,2577,3,4259,California
Mono,2021-02-22,285,7127,284,5519,1,1608,0,0,24,1446,260,2837,24,4283,California
Mono,2021-02-23,135,7262,115,5634,20,1628,0,0,22,1355,113,2950,22,4305,California
Mono,2021-02-24,8,7270,3,5637,5,1633,0,0,2,1351,6,2956,2,4307,California
Mono,2021-02-25,5,7275,2,5639,3,1636,0,0,3,1353,1,2957,3,4310,California
Mono,2021-02-26,596,7871,595,6234,1,1637,0,0,20,798,575,3532,20,4330,California
Mono,2021-02-27,141,8012,137,6371,4,1641,0,0,4,668,134,3666,4,4334,California
Mono,2021-03-01,2,8014,2,6373,0,1641,0,0,1,669,0,3666,1,4335,California
Mono,2021-03-02,5,8019,3,6376,2,1643,0,0,3,670,2,3668,3,4338,California
Mono,2021-03-03,82,8101,2,6378,80,1723,0,0,79,747,2,3670,79,4417,California
Mono,2021-03-04,5,8106,1,6379,4,1727,0,0,3,748,2,3672,3,4420,California
Mono,2021-03-05,37,8143,27,6406,10,1737,0,0,14,739,23,3695,14,4434,California
Mono,2021-03-06,510,8653,17,6423,493,2230,0,0,502,1236,6,3701,503,4937,California
Mono,2021-03-07,1,8654,0,6423,1,2231,0,0,0,1235,1,3702,0,4937,California
Mono,2021-03-08,538,9192,11,6434,524,2755,3,3,529,1758,9,3711,532,5469,California
Mono,2021-03-09,6,9198,2,6436,3,2758,1,4,3,1760,2,3713,4,5473,California
Mono,2021-03-10,285,9483,90,6526,192,2950,3,7,9,1498,274,3987,12,5485,California
Mono,2021-03-11,10,9493,0,6526,1,2951,9,16,0,1497,10,3997,9,5494,California
Mono,2021-03-12,7,9500,1,6527,1,2952,5,21,0,1495,7,4004,5,5499,California
Mono,2021-03-13,824,10324,387,6914,437,3389,0,21,816,2303,8,4012,816,6315,California
Mono,2021-03-14,4,10328,4,6918,0,3389,0,21,1,2301,3,4015,1,6316,California
Mono,2021-03-15,29,10357,23,6941,1,3390,5,26,12,2302,16,4031,17,6333,California
Mono,2021-03-16,16,10373,6,6947,4,3394,6,32,8,2308,8,4039,14,6347,California
Mono,2021-03-17,33,10406,4,6951,21,3415,8,40,21,2325,12,4051,29,6376,California
Mono,2021-03-18,21,10427,2,6953,11,3426,8,48,9,2330,12,4063,17,6393,California
Mono,2021-03-19,21,10448,1,6954,17,3443,3,51,17,2347,3,4066,20,6413,California
Mono,2021-03-20,5,10453,3,6957,1,3444,1,52,4,2351,1,4067,5,6418,California
Mono,2021-03-21,1,10454,1,6958,0,3444,0,52,1,2352,0,4067,1,6419,California
Mono,2021-03-22,11,10465,0,6958,6,3450,5,57,5,2356,6,4073,10,6429,California
Mono,2021-03-23,41,10506,5,6963,31,3481,5,62,18,2356,23,4096,23,6452,California
Mono,2021-03-24,11,10517,1,6964,5,3486,5,67,5,2360,6,4102,10,6462,California
Mono,2021-03-25,19,10536,3,6967,12,3498,4,71,12,2369,7,4109,16,6478,California
Mono,2021-03-26,19,10555,3,6970,11,3509,5,76,10,2376,8,4117,15,6493,California
Mono,2021-03-27,350,10905,347,7317,3,3512,0,76,324,2674,26,4143,324,6817,California
Mono,2021-03-28,1,10906,1,7318,0,3512,0,76,1,2675,0,4143,1,6818,California
Mono,2021-03-29,10,10916,3,7321,6,3518,1,77,8,2682,2,4145,9,6827,California
Mono,2021-03-30,14,10930,0,7321,10,3528,4,81,9,2690,5,4150,13,6840,California
Mono,2021-03-31,125,11055,7,7328,117,3645,1,82,46,2659,78,4228,47,6887,California
Mono,2021-04-01,8,11063,0,7328,7,3652,1,83,3,2658,5,4233,4,6891,California
Mono,2021-04-02,17,11080,2,7330,15,3667,0,83,6,2653,11,4244,6,6897,California
Mono,2021-04-03,849,11929,366,7696,483,4150,0,83,35,1876,812,5056,35,6932,California
Mono,2021-04-05,529,12458,17,7713,511,4661,1,84,31,1411,497,5553,32,6964,California
Mono,2021-04-06,20,12478,2,7715,5,4666,13,97,2,1408,18,5571,15,6979,California
Mono,2021-04-07,24,12502,2,7717,3,4669,19,116,4,1411,20,5591,23,7002,California
Mono,2021-04-08,21,12523,2,7719,2,4671,17,133,3,1413,18,5609,20,7022,California
Mono,2021-04-09,37,12560,4,7723,4,4675,29,162,7,1419,30,5639,36,7058,California
Mono,2021-04-10,446,13006,2,7725,437,5112,7,169,28,1036,418,6057,35,7093,California
Mono,2021-04-11,1,13007,1,7726,0,5112,0,169,0,1035,1,6058,0,7093,California
Mono,2021-04-12,6,13013,0,7726,3,5115,3,172,3,1038,3,6061,6,7099,California
Mono,2021-04-13,18,13031,2,7728,15,5130,1,173,12,1045,6,6067,13,7112,California
Mono,2021-04-14,26,13057,1,7729,25,5155,0,173,7,1033,19,6086,7,7119,California
Mono,2021-04-15,18,13075,3,7732,15,5170,0,173,9,1033,9,6095,9,7128,California
Mono,2021-04-16,14,13089,1,7733,13,5183,0,173,5,1029,9,6104,5,7133,California
Mono,2021-04-17,51,13140,2,7735,49,5232,0,173,44,1066,7,6111,44,7177,California
Mono,2021-04-18,2,13142,1,7736,1,5233,0,173,2,1068,0,6111,2,7179,California
Mono,2021-04-19,526,13668,319,8055,207,5440,0,173,200,944,324,6435,200,7379,California
Mono,2021-04-20,17,13685,2,8057,15,5455,0,173,12,951,5,6440,12,7391,California
Mono,2021-04-21,9,13694,1,8058,8,5463,0,173,4,950,5,6445,4,7395,California
Mono,2021-04-22,27,13721,13,8071,14,5477,0,173,13,949,14,6459,13,7408,California
Mono,2021-04-23,20,13741,2,8073,18,5495,0,173,10,949,10,6469,10,7418,California
Mono,2021-04-24,34,13775,20,8093,14,5509,0,173,19,953,15,6484,19,7437,California
Mono,2021-04-25,3,13778,2,8095,1,5510,0,173,3,956,0,6484,3,7440,California
Mono,2021-04-26,8,13786,1,8096,7,5517,0,173,2,952,6,6490,2,7442,California
Mono,2021-04-27,63,13849,40,8136,18,5535,5,178,49,992,14,6504,54,7496,California
Mono,2021-04-28,55,13904,37,8173,16,5551,2,180,43,1027,10,6514,45,7541,California
Mono,2021-04-29,3,13907,1,8174,2,5553,0,180,1,1026,2,6516,1,7542,California
Monterey,2020-12-16,4,4,4,4,0,0,0,0,4,4,0,0,4,4,California
Monterey,2020-12-17,83,87,83,87,0,0,0,0,83,87,0,0,83,87,California
Monterey,2020-12-18,482,569,482,569,0,0,0,0,482,569,0,0,482,569,California
Monterey,2020-12-19,578,1147,578,1147,0,0,0,0,578,1147,0,0,578,1147,California
Monterey,2020-12-20,422,1569,422,1569,0,0,0,0,422,1569,0,0,422,1569,California
Monterey,2020-12-21,719,2288,719,2288,0,0,0,0,719,2288,0,0,719,2288,California
Monterey,2020-12-22,533,2821,520,2808,13,13,0,0,533,2821,0,0,533,2821,California
Monterey,2020-12-23,436,3257,261,3069,175,188,0,0,436,3257,0,0,436,3257,California
Monterey,2020-12-24,84,3341,10,3079,74,262,0,0,84,3341,0,0,84,3341,California
Monterey,2020-12-25,6,3347,0,3079,6,268,0,0,6,3347,0,0,6,3347,California
Monterey,2020-12-26,92,3439,5,3084,87,355,0,0,92,3439,0,0,92,3439,California
Monterey,2020-12-27,7,3446,4,3088,3,358,0,0,7,3446,0,0,7,3446,California
Monterey,2020-12-28,475,3921,25,3113,450,808,0,0,475,3921,0,0,475,3921,California
Monterey,2020-12-29,898,4819,167,3280,731,1539,0,0,898,4819,0,0,898,4819,California
Monterey,2020-12-30,568,5387,98,3378,470,2009,0,0,568,5387,0,0,568,5387,California
Monterey,2020-12-31,33,5420,11,3389,22,2031,0,0,33,5420,0,0,33,5420,California
Monterey,2021-01-01,12,5432,2,3391,10,2041,0,0,12,5432,0,0,12,5432,California
Monterey,2021-01-02,137,5569,134,3525,3,2044,0,0,137,5569,0,0,137,5569,California
Monterey,2021-01-03,30,5599,29,3554,1,2045,0,0,30,5599,0,0,30,5599,California
Monterey,2021-01-04,411,6010,18,3572,393,2438,0,0,411,6010,0,0,411,6010,California
Monterey,2021-01-05,751,6761,326,3898,425,2863,0,0,737,6733,14,14,737,6747,California
Monterey,2021-01-06,655,7416,172,4070,483,3346,0,0,633,7344,22,36,633,7380,California
Monterey,2021-01-07,745,8161,571,4641,174,3520,0,0,422,7445,321,357,422,7802,California
Monterey,2021-01-08,1087,9248,734,5375,353,3873,0,0,394,7146,693,1050,394,8196,California
Monterey,2021-01-09,963,10211,935,6310,28,3901,0,0,313,6809,650,1700,313,8509,California
Monterey,2021-01-10,273,10484,270,6580,3,3904,0,0,8,6552,265,1965,8,8517,California
Monterey,2021-01-11,1065,11549,984,7564,81,3985,0,0,362,6211,703,2668,362,8879,California
Monterey,2021-01-12,464,12013,387,7951,77,4062,0,0,203,6153,261,2929,203,9082,California
Monterey,2021-01-13,1216,13229,591,8542,625,4687,0,0,1171,7279,45,2974,1171,10253,California
Monterey,2021-01-14,1046,14275,92,8634,954,5641,0,0,1028,8292,18,2992,1031,11284,California
Monterey,2021-01-15,1046,15321,44,8678,1002,6643,0,0,1033,9312,13,3005,1033,12317,California
Monterey,2021-01-16,362,15683,299,8977,63,6706,0,0,357,9664,5,3010,357,12674,California
Monterey,2021-01-17,309,15992,288,9265,21,6727,0,0,296,9947,13,3023,296,12970,California
Monterey,2021-01-18,402,16394,50,9315,352,7079,0,0,381,10307,21,3044,381,13351,California
Monterey,2021-01-19,577,16971,396,9711,181,7260,0,0,418,10568,157,3201,418,13769,California
Monterey,2021-01-20,531,17502,269,9980,262,7522,0,0,325,10687,206,3407,325,14094,California
Monterey,2021-01-21,840,18342,93,10073,747,8269,0,0,730,11311,110,3517,734,14828,California
Monterey,2021-01-22,1050,19392,193,10266,857,9126,0,0,1011,12283,39,3556,1011,15839,California
Monterey,2021-01-23,240,19632,174,10440,66,9192,0,0,117,12279,122,3678,118,15957,California
Monterey,2021-01-24,56,19688,38,10478,18,9210,0,0,22,12267,34,3712,22,15979,California
Monterey,2021-01-25,782,20470,173,10651,609,9819,0,0,157,11806,618,4330,157,16136,California
Monterey,2021-01-26,927,21397,223,10874,704,10523,0,0,235,11349,692,5022,235,16371,California
Monterey,2021-01-27,857,22254,308,11182,549,11072,0,0,378,11248,479,5501,378,16749,California
Monterey,2021-01-28,2021,24275,737,11919,1284,12356,0,0,1681,12591,340,5841,1683,18432,California
Monterey,2021-01-29,1228,25503,706,12625,522,12878,0,0,1112,13589,115,5956,1113,19545,California
Monterey,2021-01-30,440,25943,293,12918,147,13025,0,0,183,13515,257,6213,183,19728,California
Monterey,2021-01-31,493,26436,71,12989,422,13447,0,0,483,13989,10,6223,484,20212,California
Monterey,2021-02-01,1659,28095,1146,14135,513,13960,0,0,1097,14525,561,6784,1097,21309,California
Monterey,2021-02-02,2153,30248,455,14590,1698,15658,0,0,1546,15465,606,7390,1546,22855,California
Monterey,2021-02-03,2327,32575,1045,15635,1282,16940,0,0,1552,16246,771,8161,1552,24407,California
Monterey,2021-02-04,2703,35278,2019,17654,684,17624,0,0,2441,18427,260,8421,2441,26848,California
Monterey,2021-02-05,3641,38919,2820,20474,821,18445,0,0,3207,21205,429,8850,3207,30055,California
Monterey,2021-02-06,1095,40014,378,20852,717,19162,0,0,754,21620,339,9189,754,30809,California
Monterey,2021-02-07,315,40329,270,21122,45,19207,0,0,96,21497,219,9408,96,30905,California
Monterey,2021-02-08,515,40844,289,21411,226,19433,0,0,429,21840,86,9494,429,31334,California
Monterey,2021-02-09,861,41705,673,22084,188,19621,0,0,551,22083,310,9804,553,31887,California
Monterey,2021-02-10,2085,43790,1114,23198,971,20592,0,0,1235,22469,850,10654,1236,33123,California
Monterey,2021-02-11,2499,46289,971,24169,1528,22120,0,0,1544,23062,953,11607,1546,34669,California
Monterey,2021-02-12,2583,48872,425,24594,2158,24278,0,0,1521,23522,1061,12668,1521,36190,California
Monterey,2021-02-13,1068,49940,50,24644,1018,25296,0,0,977,24408,91,12759,977,37167,California
Monterey,2021-02-14,591,50531,73,24717,518,25814,0,0,518,24853,73,12832,518,37685,California
Monterey,2021-02-15,1367,51898,159,24876,1208,27022,0,0,992,25473,373,13205,993,38678,California
Monterey,2021-02-16,1089,52987,244,25120,845,27867,0,0,866,26116,223,13428,866,39544,California
Monterey,2021-02-17,1935,54922,1162,26282,773,28640,0,0,1637,27459,296,13724,1639,41183,California
Monterey,2021-02-18,2223,57145,1175,27457,1048,29688,0,0,906,27061,1306,15030,908,42091,California
Monterey,2021-02-19,2936,60081,1532,28989,1404,31092,0,0,1345,26816,1591,16621,1346,43437,California
Monterey,2021-02-20,1003,61084,604,29593,399,31491,0,0,949,27712,53,16674,949,44386,California
Monterey,2021-02-21,1239,62323,1211,30804,28,31519,0,0,1170,28815,67,16741,1170,45556,California
Monterey,2021-02-22,975,63298,843,31647,132,31651,0,0,642,29126,331,17072,642,46198,California
Monterey,2021-02-23,949,64247,617,32264,332,31983,0,0,299,28777,649,17721,300,46498,California
Monterey,2021-02-24,2459,66706,1312,33576,1147,33130,0,0,1847,30018,607,18328,1848,48346,California
Monterey,2021-02-25,4402,71108,2413,35989,1989,35119,0,0,1487,28598,2908,21236,1488,49834,California
Monterey,2021-02-26,5245,76353,3080,39069,2165,37284,0,0,2623,28603,2619,23855,2624,52458,California
Monterey,2021-02-27,996,77349,182,39251,814,38098,0,0,805,29222,186,24041,805,53263,California
Monterey,2021-02-28,1527,78876,81,39332,1446,39544,0,0,1065,29830,457,24498,1065,54328,California
Monterey,2021-03-01,1278,80154,137,39469,1138,40682,3,3,742,30044,532,25030,746,55074,California
Monterey,2021-03-02,2726,82880,1718,41187,1008,41690,0,3,1877,31076,845,25875,1877,56951,California
Monterey,2021-03-03,3200,86080,1241,42428,1959,43649,0,3,1260,30399,1938,27813,1261,58212,California
Monterey,2021-03-04,4548,90628,1468,43896,3080,46729,0,3,2948,31751,1596,29409,2948,61160,California
Monterey,2021-03-05,3583,94211,1619,45515,1687,48416,277,280,2953,34352,629,30038,3230,64390,California
Monterey,2021-03-06,5016,99227,1066,46581,3647,52063,303,583,4112,37864,901,30939,4413,68803,California
Monterey,2021-03-07,520,99747,108,46689,167,52230,245,828,233,38053,287,31226,476,69279,California
Monterey,2021-03-08,1657,101404,326,47015,942,53172,389,1217,1119,39021,538,31764,1506,70785,California
Monterey,2021-03-09,1905,103309,677,47692,952,54124,276,1493,1417,40225,487,32251,1691,72476,California
Monterey,2021-03-10,3113,106422,1017,48709,1608,55732,488,1981,1414,40433,1693,33944,1901,74377,California
Monterey,2021-03-11,4100,110522,1402,50111,2325,58057,373,2354,2340,41393,1753,35697,2713,77090,California
Monterey,2021-03-12,4292,114814,2046,52157,2129,60186,117,2471,2630,42480,1659,37356,2746,79836,California
Monterey,2021-03-13,5237,120051,960,53117,3930,64116,347,2818,3930,45451,1307,38663,4278,84114,California
Monterey,2021-03-14,2147,122198,1325,54442,797,64913,25,2843,577,44494,1559,40222,602,84716,California
Monterey,2021-03-15,3938,126136,1264,55706,2385,67298,289,3132,2253,45354,1681,41903,2541,87257,California
Monterey,2021-03-16,3489,129625,570,56276,2545,69843,374,3506,2079,46395,1409,43312,2450,89707,California
Monterey,2021-03-17,5697,135322,2329,58605,3116,72959,252,3758,4104,49170,1586,44898,4361,94068,California
Monterey,2021-03-18,4350,139672,2153,60758,2030,74989,167,3925,2995,51022,1348,46246,3200,97268,California
Monterey,2021-03-19,5385,145057,2556,63314,2687,77676,142,4067,4114,54013,1266,47512,4257,101525,California
Monterey,2021-03-20,3307,148364,420,63734,2192,79868,695,4762,2228,55862,1075,48587,2924,104449,California
Monterey,2021-03-21,622,148986,200,63934,414,80282,8,4770,556,56360,65,48652,563,105012,California
Monterey,2021-03-22,2452,151438,1428,65362,962,81244,62,4832,2246,58463,203,48855,2306,107318,California
Monterey,2021-03-23,3967,155405,2347,67709,1578,82822,42,4874,2512,59567,1450,50305,2554,109872,California
Monterey,2021-03-24,4973,160378,2086,69795,2577,85399,310,5184,3621,62148,1348,51653,3929,113801,California
Monterey,2021-03-25,5212,165590,1210,71005,3645,89044,357,5541,2591,62484,2613,54266,2949,116750,California
Monterey,2021-03-26,5291,170881,2603,73608,2622,91666,66,5607,2654,62578,2628,56894,2722,119472,California
Monterey,2021-03-27,4755,175636,1418,75026,3081,94747,256,5863,3045,64172,1707,58601,3301,122773,California
Monterey,2021-03-28,1105,176741,333,75359,763,95510,9,5872,623,64327,477,59078,632,123405,California
Monterey,2021-03-29,3166,179907,1402,76761,1750,97260,14,5886,1951,65087,1208,60286,1968,125373,California
Monterey,2021-03-30,4437,184344,2133,78894,2262,99522,42,5928,2751,66209,1675,61961,2797,128170,California
Monterey,2021-03-31,5281,189625,2376,81270,2115,101637,790,6718,3335,68383,1943,63904,4117,132287,California
Monterey,2021-04-01,6018,195643,2060,83330,3551,105188,407,7125,3015,68813,2989,66893,3419,135706,California
Monterey,2021-04-02,4656,200299,2236,85566,2359,107547,61,7186,3160,70543,1494,68387,3224,138930,California
Monterey,2021-04-03,5726,206025,1094,86660,3611,111158,1021,8207,1182,68212,4529,72916,2198,141128,California
Monterey,2021-04-04,754,206779,155,86815,585,111743,14,8221,486,68446,268,73184,502,141630,California
Monterey,2021-04-05,3965,210744,2460,89275,1278,113021,227,8448,1458,67629,2502,75686,1685,143315,California
Monterey,2021-04-06,3197,213941,1314,90589,1412,114433,471,8919,1109,67125,2084,77770,1580,144895,California
Monterey,2021-04-07,5449,219390,1361,91950,3578,118011,510,9429,2614,67423,2824,80594,3122,148017,California
Monterey,2021-04-08,6464,225854,3454,95404,2210,120221,800,10229,3172,68110,3286,83880,3973,151990,California
Monterey,2021-04-09,5468,231322,3322,98726,1516,121737,630,10859,2190,67655,3274,87154,2819,154809,California
Monterey,2021-04-10,9850,241172,4886,103612,2816,124553,2148,13007,4886,69733,4956,92110,7034,161843,California
Monterey,2021-04-11,5419,246591,4251,107863,568,125121,600,13607,4377,73673,1036,93146,4976,166819,California
Monterey,2021-04-12,4048,250639,1834,109697,1904,127025,310,13917,896,71866,3013,96159,1206,168025,California
Monterey,2021-04-13,3112,253751,711,110408,2396,129421,5,13922,1485,71751,1606,97765,1491,169516,California
Monterey,2021-04-14,6557,260308,3110,113518,3445,132866,2,13924,1799,68807,4745,102510,1801,171317,California
Monterey,2021-04-15,5715,266023,3863,117381,1852,134718,0,13924,3810,70742,1875,104385,3810,175127,California
Monterey,2021-04-16,4660,270683,2388,119769,2258,136976,14,13938,2173,70453,2476,106861,2187,177314,California
Monterey,2021-04-17,5043,275726,1329,121098,3714,140690,0,13938,3581,72582,1452,108313,3581,180895,California
Monterey,2021-04-18,834,276560,253,121351,581,141271,0,13938,234,72220,596,108909,234,181129,California
Monterey,2021-04-19,3666,280226,1284,122635,2382,143653,0,13938,1751,72064,1907,110816,1751,182880,California
Monterey,2021-04-20,3755,283981,1572,124207,2183,145836,0,13938,1546,71423,2188,113004,1547,184427,California
Monterey,2021-04-21,5767,289748,3150,127357,2617,148453,0,13938,2831,71354,2902,115906,2833,187260,California
Monterey,2021-04-22,4692,294440,1008,128365,3684,152137,0,13938,1947,70592,2709,118615,1947,189207,California
Monterey,2021-04-23,5634,300074,2627,130992,3006,155143,1,13939,2213,69407,3402,122017,2217,191424,California
Monterey,2021-04-24,3733,303807,569,131561,3164,158307,0,13939,1501,68707,2201,124218,1501,192925,California
Monterey,2021-04-25,1228,305035,601,132162,627,158934,0,13939,784,69056,435,124653,784,193709,California
Monterey,2021-04-26,3372,308407,2117,134279,1239,160173,16,13955,851,67426,2497,127150,867,194576,California
Monterey,2021-04-27,2466,310873,858,135137,1493,161666,115,14070,1064,67208,1396,128546,1178,195754,California
Monterey,2021-04-28,2973,313846,1106,136243,1731,163397,136,14206,1868,68115,1094,129640,2001,197755,California
Monterey,2021-04-29,2613,316459,1815,138058,786,164183,12,14218,1035,67589,1574,131214,1048,198803,California
Napa,2020-12-16,12,12,12,12,0,0,0,0,12,12,0,0,12,12,California
Napa,2020-12-17,44,56,44,56,0,0,0,0,44,56,0,0,44,56,California
Napa,2020-12-18,101,157,101,157,0,0,0,0,101,157,0,0,101,157,California
Napa,2020-12-19,221,378,221,378,0,0,0,0,221,378,0,0,221,378,California
Napa,2020-12-20,188,566,188,566,0,0,0,0,188,566,0,0,188,566,California
Napa,2020-12-21,309,875,309,875,0,0,0,0,310,876,0,0,310,876,California
Napa,2020-12-22,340,1215,331,1206,9,9,0,0,340,1216,0,0,340,1216,California
Napa,2020-12-23,427,1642,318,1524,109,118,0,0,427,1643,0,0,427,1643,California
Napa,2020-12-24,139,1781,78,1602,61,179,0,0,139,1782,0,0,139,1782,California
Napa,2020-12-25,1,1782,1,1603,0,179,0,0,1,1783,0,0,1,1783,California
Napa,2020-12-26,39,1821,11,1614,28,207,0,0,39,1822,0,0,39,1822,California
Napa,2020-12-27,32,1853,16,1630,16,223,0,0,32,1854,0,0,32,1854,California
Napa,2020-12-28,251,2104,185,1815,66,289,0,0,280,2134,0,0,280,2134,California
Napa,2020-12-29,273,2377,214,2029,59,348,0,0,307,2441,0,0,307,2441,California
Napa,2020-12-30,628,3005,485,2514,143,491,0,0,636,3077,0,0,636,3077,California
Napa,2020-12-31,461,3466,373,2887,88,579,0,0,461,3538,0,0,461,3538,California
Napa,2021-01-01,1,3467,1,2888,0,579,0,0,1,3539,0,0,1,3539,California
Napa,2021-01-02,98,3565,93,2981,5,584,0,0,98,3637,0,0,98,3637,California
Napa,2021-01-03,13,3578,11,2992,2,586,0,0,9,3646,0,0,9,3646,California
Napa,2021-01-04,106,3684,64,3056,42,628,0,0,106,3752,0,0,106,3752,California
Napa,2021-01-05,160,3844,85,3141,75,703,0,0,143,3871,24,24,143,3895,California
Napa,2021-01-06,458,4302,115,3256,343,1046,0,0,394,4203,62,86,394,4289,California
Napa,2021-01-07,496,4798,234,3490,262,1308,0,0,396,4500,99,185,396,4685,California
Napa,2021-01-08,442,5240,226,3716,216,1524,0,0,262,4583,179,364,262,4947,California
Napa,2021-01-09,325,5565,300,4016,25,1549,0,0,189,4636,136,500,189,5136,California
Napa,2021-01-10,184,5749,101,4117,83,1632,0,0,109,4670,75,575,109,5245,California
Napa,2021-01-11,881,6630,426,4543,455,2087,0,0,508,4806,374,949,510,5755,California
Napa,2021-01-12,1311,7941,370,4913,941,3028,0,0,996,5487,315,1264,996,6751,California
Napa,2021-01-13,1312,9253,264,5177,1048,4076,0,0,1150,6477,161,1425,1151,7902,California
Napa,2021-01-14,1053,10306,173,5350,880,4956,0,0,935,7296,116,1541,935,8837,California
Napa,2021-01-15,1454,11760,384,5734,1070,6026,0,0,1306,8447,156,1697,1307,10144,California
Napa,2021-01-16,357,12117,134,5868,223,6249,0,0,339,8768,18,1715,339,10483,California
Napa,2021-01-17,341,12458,176,6044,165,6414,0,0,331,9089,10,1725,331,10814,California
Napa,2021-01-18,1081,13539,197,6241,884,7298,0,0,990,9988,91,1816,990,11804,California
Napa,2021-01-19,1009,14548,405,6646,604,7902,0,0,767,10514,241,2057,767,12571,California
Napa,2021-01-20,824,15372,185,6831,639,8541,0,0,642,10976,180,2237,642,13213,California
Napa,2021-01-21,1335,16707,374,7205,961,9502,0,0,1080,11803,254,2491,1081,14294,California
Napa,2021-01-22,1540,18247,412,7617,1128,10630,0,0,1213,12691,326,2817,1214,15508,California
Napa,2021-01-23,398,18645,318,7935,80,10710,0,0,336,12965,62,2879,336,15844,California
Napa,2021-01-24,266,18911,189,8124,77,10787,0,0,208,13115,58,2937,208,16052,California
Napa,2021-01-25,1522,20433,231,8355,1291,12078,0,0,1432,14457,90,3027,1432,17484,California
Napa,2021-01-26,881,21314,285,8640,596,12674,0,0,787,15151,94,3121,788,18272,California
Napa,2021-01-27,627,21941,221,8861,406,13080,0,0,471,15467,156,3277,472,18744,California
Napa,2021-01-28,390,22331,177,9038,213,13293,0,0,198,15475,190,3467,198,18942,California
Napa,2021-01-29,254,22585,65,9103,189,13482,0,0,159,15539,95,3562,159,19101,California
Napa,2021-01-30,804,23389,695,9798,109,13591,0,0,640,16015,164,3726,640,19741,California
Napa,2021-01-31,655,24044,625,10423,30,13621,0,0,629,16618,26,3752,629,20370,California
Napa,2021-02-01,315,24359,110,10533,205,13826,0,0,163,16629,152,3904,163,20533,California
Napa,2021-02-02,602,24961,281,10814,321,14147,0,0,296,16622,303,4207,296,20829,California
Napa,2021-02-03,743,25704,310,11124,433,14580,0,0,431,16742,311,4518,431,21260,California
Napa,2021-02-04,789,26493,373,11497,416,14996,0,0,441,16837,346,4864,441,21701,California
Napa,2021-02-05,709,27202,313,11810,396,15392,0,0,342,16812,367,5231,342,22043,California
Napa,2021-02-06,435,27637,146,11956,289,15681,0,0,330,17037,105,5336,330,22373,California
Napa,2021-02-07,176,27813,163,12119,13,15694,0,0,71,17003,105,5441,71,22444,California
Napa,2021-02-08,834,28647,191,12310,643,16337,0,0,272,16716,559,6000,272,22716,California
Napa,2021-02-09,1078,29725,443,12753,635,16972,0,0,438,16514,640,6640,438,23154,California
Napa,2021-02-10,1720,31445,193,12946,1527,18499,0,0,453,15704,1264,7904,454,23608,California
Napa,2021-02-11,1492,32937,194,13140,1298,19797,0,0,406,15036,1074,8978,406,24014,California
Napa,2021-02-12,2161,35098,839,13979,1322,21119,0,0,723,14324,1435,10413,723,24737,California
Napa,2021-02-13,496,35594,52,14031,444,21563,0,0,312,14452,184,10597,312,25049,California
Napa,2021-02-14,355,35949,89,14120,266,21829,0,0,194,14485,161,10758,194,25243,California
Napa,2021-02-15,872,36821,182,14302,690,22519,0,0,220,14055,650,11408,220,25463,California
Napa,2021-02-16,1288,38109,597,14899,691,23210,0,0,613,13994,674,12082,613,26076,California
Napa,2021-02-17,1050,39159,533,15432,517,23727,0,0,480,13906,568,12650,480,26556,California
Napa,2021-02-18,1897,41056,485,15917,1412,25139,0,0,658,13328,1236,13886,658,27214,California
Napa,2021-02-19,1482,42538,587,16504,895,26034,0,0,676,13199,805,14691,676,27890,California
Napa,2021-02-20,822,43360,596,17100,226,26260,0,0,274,12925,548,15239,274,28164,California
Napa,2021-02-21,798,44158,735,17835,63,26323,0,0,196,12519,602,15841,196,28360,California
Napa,2021-02-22,443,44601,187,18022,256,26579,0,0,138,12352,305,16146,138,28498,California
Napa,2021-02-23,1125,45726,301,18323,824,27403,0,0,307,11841,818,16964,307,28805,California
Napa,2021-02-24,1163,46889,643,18966,520,27923,0,0,574,11829,587,17551,575,29380,California
Napa,2021-02-25,2545,49434,1214,20180,1331,29254,0,0,1833,12951,711,18262,1833,31213,California
Napa,2021-02-26,1500,50934,524,20704,976,30230,0,0,587,12627,911,19173,587,31800,California
Napa,2021-02-27,1118,52052,380,21084,738,30968,0,0,865,13241,251,19424,865,32665,California
Napa,2021-02-28,560,52612,459,21543,101,31069,0,0,461,13605,97,19521,461,33126,California
Napa,2021-03-01,1101,53713,815,22358,286,31355,0,0,832,14169,268,19789,832,33958,California
Napa,2021-03-02,1483,55196,1024,23382,459,31814,0,0,1147,14981,335,20124,1147,35105,California
Napa,2021-03-03,1548,56744,686,24068,862,32676,0,0,1363,16160,184,20308,1363,36468,California
Napa,2021-03-04,1707,58451,783,24851,924,33600,0,0,1469,17394,235,20543,1469,37937,California
Napa,2021-03-05,1889,60340,783,25634,1102,34702,4,4,1474,18459,413,20956,1478,39415,California
Napa,2021-03-06,648,60988,281,25915,336,35038,31,35,535,18914,111,21067,566,39981,California
Napa,2021-03-07,521,61509,319,26234,187,35225,15,50,371,19150,150,21217,386,40367,California
Napa,2021-03-08,705,62214,330,26564,322,35547,53,103,528,19556,175,21392,581,40948,California
Napa,2021-03-09,1632,63846,570,27134,1016,36563,46,149,1200,20373,429,21821,1246,42194,California
Napa,2021-03-10,1475,65321,916,28050,466,37029,93,242,775,20543,697,22518,867,43061,California
Napa,2021-03-11,1843,67164,1048,29098,666,37695,129,371,953,20734,890,23408,1081,44142,California
Napa,2021-03-12,1502,68666,911,30009,495,38190,96,467,799,20927,701,24109,894,45036,California
Napa,2021-03-13,1163,69829,299,30308,840,39030,24,491,827,21444,334,24443,851,45887,California
Napa,2021-03-14,610,70439,328,30636,134,39164,148,639,226,21434,383,24826,373,46260,California
Napa,2021-03-15,948,71387,408,31044,471,39635,69,708,479,21515,467,25293,548,46808,California
Napa,2021-03-16,1837,73224,387,31431,1324,40959,126,834,1377,22563,456,25749,1504,48312,California
Napa,2021-03-17,2493,75717,1848,33279,466,41425,179,1013,1585,23419,908,26657,1764,50076,California
Napa,2021-03-18,2102,77819,916,34195,1176,42601,10,1023,1287,23903,813,27470,1297,51373,California
Napa,2021-03-19,1433,79252,861,35056,544,43145,28,1051,714,23929,716,28186,742,52115,California
Napa,2021-03-20,1005,80257,529,35585,323,43468,153,1204,431,23940,573,28759,584,52699,California
Napa,2021-03-21,701,80958,680,36265,19,43487,2,1206,350,23942,350,29109,352,53051,California
Napa,2021-03-22,1087,82045,912,37177,164,43651,11,1217,476,23822,607,29716,487,53538,California
Napa,2021-03-23,1513,83558,821,37998,675,44326,17,1234,1002,24333,508,30224,1019,54557,California
Napa,2021-03-24,1704,85262,944,38942,752,45078,8,1242,822,24282,881,31105,830,55387,California
Napa,2021-03-25,1628,86890,1049,39991,525,45603,54,1296,747,24204,879,31984,801,56188,California
Napa,2021-03-26,1292,88182,829,40820,457,46060,6,1302,589,24099,700,32684,595,56783,California
Napa,2021-03-27,944,89126,431,41251,486,46546,27,1329,312,23806,632,33316,339,57122,California
Napa,2021-03-28,484,89610,374,41625,103,46649,7,1336,184,23698,299,33615,191,57313,California
Napa,2021-03-29,1187,90797,864,42489,318,46967,5,1341,727,23971,459,34074,732,58045,California
Napa,2021-03-30,2429,93226,927,43416,1498,48465,4,1345,1645,24836,784,34858,1649,59694,California
Napa,2021-03-31,1959,95185,956,44372,934,49399,69,1414,804,24555,1152,36010,871,60565,California
Napa,2021-04-01,1724,96909,828,45200,781,50180,115,1529,478,23907,1241,37251,593,61158,California
Napa,2021-04-02,1827,98736,819,46019,866,51046,142,1671,456,23137,1368,38619,598,61756,California
Napa,2021-04-03,622,99358,360,46379,203,51249,59,1730,208,22989,414,39033,266,62022,California
Napa,2021-04-04,353,99711,144,46523,151,51400,58,1788,124,22943,228,39261,182,62204,California
Napa,2021-04-05,1264,100975,755,47278,291,51691,218,2006,574,23046,689,39950,792,62996,California
Napa,2021-04-06,2213,103188,558,47836,1400,53091,255,2261,523,22137,1687,41637,778,63774,California
Napa,2021-04-07,1705,104893,685,48521,799,53890,221,2482,513,21683,1187,42824,733,64507,California
Napa,2021-04-08,1848,106741,1059,49580,419,54309,370,2852,976,22159,868,43692,1344,65851,California
Napa,2021-04-09,1530,108271,919,50499,310,54619,301,3153,678,22287,850,44542,978,66829,California
Napa,2021-04-10,1028,109299,345,50844,583,55202,100,3253,237,21834,790,45332,337,67166,California
Napa,2021-04-11,384,109683,301,51145,62,55264,21,3274,157,21785,227,45559,178,67344,California
Napa,2021-04-12,784,110467,303,51448,358,55622,123,3397,295,21713,488,46047,416,67760,California
Napa,2021-04-13,2518,112985,840,52288,1678,57300,0,3397,916,21031,1598,47645,916,68676,California
Napa,2021-04-14,2058,115043,975,53263,1083,58383,0,3397,1008,20996,1043,48688,1008,69684,California
Napa,2021-04-15,1602,116645,524,53787,1078,59461,0,3397,862,21123,735,49423,862,70546,California
Napa,2021-04-16,2897,119542,1569,55356,1328,60789,0,3397,2185,22598,710,50133,2185,72731,California
Napa,2021-04-17,1119,120661,266,55622,853,61642,0,3397,823,23125,296,50429,823,73554,California
Napa,2021-04-18,263,120924,171,55793,92,61734,0,3397,118,23099,144,50573,118,73672,California
Napa,2021-04-19,608,121532,339,56132,269,62003,0,3397,266,23024,341,50914,266,73938,California
Napa,2021-04-20,2910,124442,1950,58082,960,62963,0,3397,1974,24064,935,51849,1975,75913,California
Napa,2021-04-21,2823,127265,2067,60149,756,63719,0,3397,1780,24807,1038,52887,1781,77694,California
Napa,2021-04-22,1608,128873,1113,61262,495,64214,0,3397,823,24849,781,53668,823,78517,California
Napa,2021-04-23,1538,130411,1163,62425,373,64587,2,3399,1073,25460,462,54130,1073,79590,California
Napa,2021-04-24,532,130943,312,62737,220,64807,0,3399,284,25496,248,54378,284,79874,California
Napa,2021-04-25,248,131191,191,62928,57,64864,0,3399,129,25507,118,54496,129,80003,California
Napa,2021-04-26,487,131678,255,63183,232,65096,0,3399,251,25525,233,54729,251,80254,California
Napa,2021-04-27,1455,133133,421,63604,1023,66119,11,3410,659,25401,794,55523,670,80924,California
Napa,2021-04-28,828,133961,347,63951,464,66583,17,3427,274,25139,553,56076,291,81215,California
Napa,2021-04-29,309,134270,183,64134,120,66703,6,3433,82,25002,224,56300,87,81302,California
Nevada,2020-12-16,3,3,3,3,0,0,0,0,3,3,0,0,3,3,California
Nevada,2020-12-17,6,9,6,9,0,0,0,0,6,9,0,0,6,9,California
Nevada,2020-12-18,52,61,52,61,0,0,0,0,52,61,0,0,52,61,California
Nevada,2020-12-19,55,116,55,116,0,0,0,0,55,116,0,0,55,116,California
Nevada,2020-12-20,12,128,12,128,0,0,0,0,12,128,0,0,12,128,California
Nevada,2020-12-21,69,197,69,197,0,0,0,0,69,197,0,0,69,197,California
Nevada,2020-12-22,91,288,89,286,2,2,0,0,91,288,0,0,91,288,California
Nevada,2020-12-23,233,521,202,488,31,33,0,0,233,521,0,0,233,521,California
Nevada,2020-12-24,13,534,11,499,2,35,0,0,13,534,0,0,13,534,California
Nevada,2020-12-25,3,537,3,502,0,35,0,0,3,537,0,0,3,537,California
Nevada,2020-12-26,6,543,4,506,2,37,0,0,6,543,0,0,6,543,California
Nevada,2020-12-27,88,631,88,594,0,37,0,0,88,631,0,0,88,631,California
Nevada,2020-12-28,170,801,93,687,77,114,0,0,170,801,0,0,170,801,California
Nevada,2020-12-29,100,901,74,761,26,140,0,0,100,901,0,0,100,901,California
Nevada,2020-12-30,86,987,66,827,20,160,0,0,86,987,0,0,86,987,California
Nevada,2020-12-31,39,1026,9,836,30,190,0,0,39,1026,0,0,39,1026,California
Nevada,2021-01-01,1,1027,0,836,1,191,0,0,1,1027,0,0,1,1027,California
Nevada,2021-01-02,1,1028,1,837,0,191,0,0,1,1028,0,0,1,1028,California
Nevada,2021-01-03,129,1157,126,963,3,194,0,0,129,1157,0,0,129,1157,California
Nevada,2021-01-04,71,1228,47,1010,24,218,0,0,71,1228,0,0,71,1228,California
Nevada,2021-01-05,271,1499,130,1140,141,359,0,0,270,1497,1,1,270,1498,California
Nevada,2021-01-06,91,1590,43,1183,48,407,0,0,83,1572,8,9,83,1581,California
Nevada,2021-01-07,215,1805,43,1226,172,579,0,0,208,1775,6,15,209,1790,California
Nevada,2021-01-08,222,2027,128,1354,94,673,0,0,170,1893,52,67,170,1960,California
Nevada,2021-01-09,63,2090,56,1410,7,680,0,0,15,1860,48,115,15,1975,California
Nevada,2021-01-10,17,2107,9,1419,8,688,0,0,9,1861,8,123,9,1984,California
Nevada,2021-01-11,185,2292,131,1550,54,742,0,0,57,1790,128,251,57,2041,California
Nevada,2021-01-12,597,2889,451,2001,146,888,0,0,531,2255,66,317,531,2572,California
Nevada,2021-01-13,257,3146,146,2147,111,999,0,0,122,2242,135,452,122,2694,California
Nevada,2021-01-14,238,3384,127,2274,111,1110,0,0,220,2445,17,469,220,2914,California
Nevada,2021-01-15,394,3778,169,2443,225,1335,0,0,296,2643,98,567,296,3210,California
Nevada,2021-01-16,296,4074,15,2458,281,1616,0,0,292,2931,4,571,292,3502,California
Nevada,2021-01-17,35,4109,31,2489,4,1620,0,0,33,2962,2,573,33,3535,California
Nevada,2021-01-18,151,4260,41,2530,110,1730,0,0,141,3093,10,583,141,3676,California
Nevada,2021-01-19,244,4504,85,2615,159,1889,0,0,225,3299,19,602,225,3901,California
Nevada,2021-01-20,258,4762,153,2768,105,1994,0,0,245,3531,13,615,245,4146,California
Nevada,2021-01-21,338,5100,207,2975,131,2125,0,0,325,3843,13,628,325,4471,California
Nevada,2021-01-22,346,5446,209,3184,137,2262,0,0,316,4129,30,658,316,4787,California
Nevada,2021-01-23,177,5623,104,3288,73,2335,0,0,177,4306,0,658,177,4964,California
Nevada,2021-01-24,105,5728,98,3386,7,2342,0,0,66,4333,39,697,66,5030,California
Nevada,2021-01-25,267,5995,137,3523,130,2472,0,0,206,4478,61,758,206,5236,California
Nevada,2021-01-26,401,6396,141,3664,260,2732,0,0,299,4675,102,860,299,5535,California
Nevada,2021-01-27,417,6813,248,3912,169,2901,0,0,393,5044,24,884,393,5928,California
Nevada,2021-01-28,468,7281,318,4230,150,3051,0,0,424,5425,43,927,424,6352,California
Nevada,2021-01-29,602,7883,392,4622,210,3261,0,0,577,5979,24,951,578,6930,California
Nevada,2021-01-30,231,8114,104,4726,127,3388,0,0,228,6204,3,954,228,7158,California
Nevada,2021-01-31,102,8216,86,4812,16,3404,0,0,101,6305,1,955,102,7260,California
Nevada,2021-02-01,290,8506,71,4883,219,3623,0,0,276,6567,14,969,276,7536,California
Nevada,2021-02-02,511,9017,173,5056,338,3961,0,0,323,6702,188,1157,323,7859,California
Nevada,2021-02-03,810,9827,570,5626,240,4201,0,0,758,7409,51,1208,758,8617,California
Nevada,2021-02-04,738,10565,392,6018,346,4547,0,0,488,7648,249,1457,488,9105,California
Nevada,2021-02-05,643,11208,365,6383,278,4825,0,0,453,7913,188,1645,453,9558,California
Nevada,2021-02-06,268,11476,82,6465,186,5011,0,0,241,8127,27,1672,241,9799,California
Nevada,2021-02-07,245,11721,192,6657,53,5064,0,0,191,8264,54,1726,191,9990,California
Nevada,2021-02-08,650,12371,408,7065,242,5306,0,0,552,8718,98,1824,552,10542,California
Nevada,2021-02-09,601,12972,337,7402,264,5570,0,0,463,9043,138,1962,463,11005,California
Nevada,2021-02-10,647,13619,322,7724,325,5895,0,0,418,9233,229,2191,419,11424,California
Nevada,2021-02-11,871,14490,504,8228,367,6262,0,0,541,9445,329,2520,541,11965,California
Nevada,2021-02-12,929,15419,434,8662,495,6757,0,0,612,9741,316,2836,612,12577,California
Nevada,2021-02-13,597,16016,235,8897,362,7119,0,0,389,9927,204,3040,390,12967,California
Nevada,2021-02-14,229,16245,119,9016,110,7229,0,0,201,10100,28,3068,201,13168,California
Nevada,2021-02-15,709,16954,438,9454,271,7500,0,0,535,10461,174,3242,535,13703,California
Nevada,2021-02-16,620,17574,197,9651,423,7923,0,0,451,10744,168,3410,451,14154,California
Nevada,2021-02-17,1186,18760,764,10415,422,8345,0,0,858,11274,328,3738,858,15012,California
Nevada,2021-02-18,1005,19765,547,10962,458,8803,0,0,600,11470,404,4142,600,15612,California
Nevada,2021-02-19,1012,20777,629,11591,383,9186,0,0,652,11763,360,4502,653,16265,California
Nevada,2021-02-20,296,21073,104,11695,192,9378,0,0,173,11814,122,4624,173,16438,California
Nevada,2021-02-21,88,21161,83,11778,5,9383,0,0,8,11743,79,4703,8,16446,California
Nevada,2021-02-22,494,21655,327,12105,167,9550,0,0,346,11942,147,4850,346,16792,California
Nevada,2021-02-23,468,22123,219,12324,249,9799,0,0,206,11889,259,5109,206,16998,California
Nevada,2021-02-24,473,22596,235,12559,238,10037,0,0,248,11914,225,5334,250,17248,California
Nevada,2021-02-25,861,23457,465,13024,396,10433,0,0,431,11917,428,5762,431,17679,California
Nevada,2021-02-26,1234,24691,880,13904,354,10787,0,0,407,11500,824,6586,407,18086,California
Nevada,2021-02-27,352,25043,110,14014,242,11029,0,0,182,11512,170,6756,182,18268,California
Nevada,2021-02-28,265,25308,153,14167,112,11141,0,0,124,11496,140,6896,124,18392,California
Nevada,2021-03-01,816,26124,423,14590,393,11534,0,0,351,11383,464,7360,351,18743,California
Nevada,2021-03-02,706,26830,262,14852,444,11978,0,0,480,11641,222,7582,480,19223,California
Nevada,2021-03-03,964,27794,491,15343,472,12450,1,1,492,11663,471,8053,493,19716,California
Nevada,2021-03-04,1100,28894,614,15957,486,12936,0,1,465,11496,632,8685,465,20181,California
Nevada,2021-03-05,813,29707,456,16413,347,13283,10,11,359,11413,452,9137,369,20550,California
Nevada,2021-03-06,356,30063,119,16532,210,13493,27,38,144,11372,212,9349,171,20721,California
Nevada,2021-03-07,208,30271,109,16641,80,13573,19,57,67,11317,141,9490,86,20807,California
Nevada,2021-03-08,804,31075,538,17179,221,13794,45,102,358,11276,445,9935,404,21211,California
Nevada,2021-03-09,668,31743,318,17497,300,14094,50,152,365,11389,301,10236,414,21625,California
Nevada,2021-03-10,956,32699,603,18100,296,14390,57,209,319,11132,633,10869,376,22001,California
Nevada,2021-03-11,1095,33794,718,18818,352,14742,25,234,542,11154,545,11414,567,22568,California
Nevada,2021-03-12,1188,34982,721,19539,437,15179,30,264,503,11003,683,12097,532,23100,California
Nevada,2021-03-13,265,35247,52,19591,208,15387,5,269,94,10931,170,12267,98,23198,California
Nevada,2021-03-14,155,35402,21,19612,128,15515,6,275,33,10848,122,12389,39,23237,California
Nevada,2021-03-15,837,36239,454,20066,371,15886,12,287,354,10734,480,12869,366,23603,California
Nevada,2021-03-16,993,37232,465,20531,467,16353,61,348,646,11095,346,13215,707,24310,California
Nevada,2021-03-17,1013,38245,449,20980,554,16907,10,358,583,11261,427,13642,593,24903,California
Nevada,2021-03-18,968,39213,525,21505,420,17327,23,381,475,11270,489,14131,498,25401,California
Nevada,2021-03-19,751,39964,437,21942,282,17609,32,413,352,11258,396,14527,384,25785,California
Nevada,2021-03-20,822,40786,92,22034,306,17915,424,837,234,11331,582,15109,655,26440,California
Nevada,2021-03-21,57,40843,31,22065,25,17940,1,838,39,11354,17,15126,40,26480,California
Nevada,2021-03-22,795,41638,513,22578,277,18217,5,843,538,11642,255,15381,543,27023,California
Nevada,2021-03-23,852,42490,383,22961,443,18660,26,869,641,12101,208,15589,667,27690,California
Nevada,2021-03-24,1015,43505,539,23500,469,19129,7,876,649,12394,362,15951,655,28345,California
Nevada,2021-03-25,899,44404,451,23951,423,19552,25,901,495,12510,403,16354,519,28864,California
Nevada,2021-03-26,1137,45541,432,24383,668,20220,37,938,827,13066,307,16661,863,29727,California
Nevada,2021-03-27,566,46107,70,24453,480,20700,16,954,385,13286,181,16842,401,30128,California
Nevada,2021-03-28,174,46281,50,24503,111,20811,13,967,39,13205,133,16975,52,30180,California
Nevada,2021-03-29,821,47102,501,25004,298,21109,22,989,394,13196,424,17399,415,30595,California
Nevada,2021-03-30,1042,48144,474,25478,534,21643,34,1023,541,13278,493,17892,575,31170,California
Nevada,2021-03-31,1171,49315,659,26137,495,22138,17,1040,696,13524,466,18358,712,31882,California
Nevada,2021-04-01,1221,50536,712,26849,456,22594,53,1093,542,13444,675,19033,595,32477,California
Nevada,2021-04-02,1278,51814,654,27503,588,23182,36,1129,761,13727,514,19547,797,33274,California
Nevada,2021-04-03,286,52100,89,27592,159,23341,38,1167,82,13644,203,19750,120,33394,California
Nevada,2021-04-04,128,52228,42,27634,79,23420,7,1174,79,13681,49,19799,86,33480,California
Nevada,2021-04-05,933,53161,612,28246,302,23722,19,1193,621,14013,308,20107,640,34120,California
Nevada,2021-04-06,1066,54227,661,28907,262,23984,143,1336,469,14034,591,20698,612,34732,California
Nevada,2021-04-07,1133,55360,806,29713,245,24229,82,1418,598,14185,528,21226,679,35411,California
Nevada,2021-04-08,1271,56631,890,30603,298,24527,83,1501,705,14410,563,21789,788,36199,California
Nevada,2021-04-09,1235,57866,845,31448,321,24848,69,1570,839,14922,396,22185,908,37107,California
Nevada,2021-04-10,262,58128,81,31529,105,24953,76,1646,115,14967,146,22331,191,37298,California
Nevada,2021-04-11,100,58228,31,31560,65,25018,4,1650,39,14949,61,22392,43,37341,California
Nevada,2021-04-12,734,58962,537,32097,180,25198,17,1667,312,14859,419,22811,329,37670,California
Nevada,2021-04-13,875,59837,349,32446,526,25724,0,1667,467,14920,406,23217,467,38137,California
Nevada,2021-04-14,1048,60885,564,33010,484,26208,0,1667,538,14956,502,23719,538,38675,California
Nevada,2021-04-15,1057,61942,701,33711,356,26564,0,1667,615,15139,432,24151,615,39290,California
Nevada,2021-04-16,897,62839,696,34407,201,26765,0,1667,529,15301,367,24518,529,39819,California
Nevada,2021-04-17,193,63032,51,34458,142,26907,0,1667,84,15276,109,24627,84,39903,California
Nevada,2021-04-18,181,63213,17,34475,164,27071,0,1667,101,15297,80,24707,101,40004,California
Nevada,2021-04-19,750,63963,481,34956,269,27340,0,1667,304,15163,438,25145,304,40308,California
Nevada,2021-04-20,795,64758,307,35263,488,27828,0,1667,298,14969,492,25637,298,40606,California
Nevada,2021-04-21,897,65655,490,35753,407,28235,0,1667,266,14611,624,26261,266,40872,California
Nevada,2021-04-22,989,66644,616,36369,373,28608,0,1667,339,14311,639,26900,339,41211,California
Nevada,2021-04-23,1215,67859,538,36907,677,29285,0,1667,396,13898,809,27709,396,41607,California
Nevada,2021-04-24,519,68378,73,36980,446,29731,0,1667,169,13718,349,28058,169,41776,California
Nevada,2021-04-25,115,68493,60,37040,50,29781,5,1672,50,13709,64,28122,55,41831,California
Nevada,2021-04-26,697,69190,527,37567,162,29943,8,1680,196,13421,492,28614,204,42035,California
Nevada,2021-04-27,756,69946,345,37912,407,30350,4,1684,394,13465,354,28968,398,42433,California
Nevada,2021-04-28,877,70823,520,38432,352,30702,5,1689,344,13286,528,29496,349,42782,California
Nevada,2021-04-29,659,71482,479,38911,179,30881,1,1690,179,12987,479,29975,180,42962,California
Orange,2020-12-15,16,16,16,16,0,0,0,0,16,16,0,0,16,16,California
Orange,2020-12-16,365,381,365,381,0,0,0,0,365,381,0,0,365,381,California
Orange,2020-12-17,3725,4106,3725,4106,0,0,0,0,3724,4105,0,0,3724,4105,California
Orange,2020-12-18,5051,9157,5044,9150,7,7,0,0,5050,9155,0,0,5050,9155,California
Orange,2020-12-19,2230,11387,2223,11373,7,14,0,0,2229,11384,0,0,2229,11384,California
Orange,2020-12-20,1984,13371,1982,13355,2,16,0,0,1985,13369,0,0,1985,13369,California
Orange,2020-12-21,4251,17622,4245,17600,6,22,0,0,4251,17620,0,0,4251,17620,California
Orange,2020-12-22,3981,21603,3946,21546,35,57,0,0,3981,21601,0,0,3981,21601,California
Orange,2020-12-23,3558,25161,3197,24743,361,418,0,0,3560,25161,0,0,3560,25161,California
Orange,2020-12-24,1377,26538,1078,25821,299,717,0,0,1377,26538,0,0,1377,26538,California
Orange,2020-12-25,17,26555,12,25833,5,722,0,0,17,26555,0,0,17,26555,California
Orange,2020-12-26,1022,27577,423,26256,599,1321,0,0,1022,27577,0,0,1022,27577,California
Orange,2020-12-27,582,28159,275,26531,307,1628,0,0,582,28159,0,0,582,28159,California
Orange,2020-12-28,3537,31696,2565,29096,972,2600,0,0,3537,31696,0,0,3537,31696,California
Orange,2020-12-29,3570,35266,2562,31658,1008,3608,0,0,3569,35264,1,1,3569,35265,California
Orange,2020-12-30,5124,40390,3558,35216,1566,5174,0,0,5124,40388,0,1,5124,40389,California
Orange,2020-12-31,1494,41884,798,36014,696,5870,0,0,1494,41882,0,1,1494,41883,California
Orange,2021-01-01,509,42393,274,36288,235,6105,0,0,508,42389,1,2,508,42391,California
Orange,2021-01-02,1404,43797,895,37183,509,6614,0,0,1404,43793,0,2,1404,43795,California
Orange,2021-01-03,577,44374,319,37502,258,6872,0,0,577,44370,0,2,577,44372,California
Orange,2021-01-04,2729,47103,1556,39058,1173,8045,0,0,2730,47099,1,3,2730,47102,California
Orange,2021-01-05,3515,50618,2291,41349,1224,9269,0,0,3108,49807,403,406,3111,50213,California
Orange,2021-01-06,4987,55605,3463,44812,1524,10793,0,0,3621,52074,1354,1760,3621,53834,California
Orange,2021-01-07,9250,64855,5163,49975,4087,14880,0,0,5682,54205,3555,5315,5686,59520,California
Orange,2021-01-08,9404,74259,5260,55235,4144,19024,0,0,5646,56105,3748,9063,5648,65168,California
Orange,2021-01-09,4996,79255,1738,56973,3258,22282,0,0,3715,58539,1281,10344,3715,68883,California
Orange,2021-01-10,4233,83488,1042,58015,3191,25473,0,0,3353,61017,879,11223,3357,72240,California
Orange,2021-01-11,9436,92924,4899,62914,4537,30010,0,0,5816,63211,3623,14846,5817,78057,California
Orange,2021-01-12,8811,101735,4720,67634,4091,34101,0,0,5347,65097,3462,18308,5348,83405,California
Orange,2021-01-13,10239,111974,4911,72545,5328,39429,0,0,7041,68951,3194,21502,7048,90453,California
Orange,2021-01-14,9961,121935,3774,76319,6187,45616,0,0,8372,75742,1587,23089,8378,98831,California
Orange,2021-01-15,10159,132094,2621,78940,7538,53154,0,0,9285,84151,882,23971,9291,108122,California
Orange,2021-01-16,8707,140801,2097,81037,6610,59764,0,0,8311,92071,396,24367,8316,116438,California
Orange,2021-01-17,8155,148956,1484,82521,6671,66435,0,0,8008,99942,147,24514,8018,124456,California
Orange,2021-01-18,9750,158706,4459,86980,5291,71726,0,0,7508,105208,2244,26758,7510,131966,California
Orange,2021-01-19,7487,166193,5414,92394,2073,73799,0,0,4859,107440,2628,29386,4860,136826,California
Orange,2021-01-20,8283,174476,5823,98217,2460,76259,0,0,5228,109619,3056,32442,5235,142061,California
Orange,2021-01-21,10856,185332,4818,103035,6038,82297,0,0,10057,118888,798,33240,10067,152128,California
Orange,2021-01-22,13600,198932,5087,108122,8513,90810,0,0,12761,130826,831,34071,12769,164897,California
Orange,2021-01-23,13126,212058,6182,114304,6944,97754,0,0,12150,142010,974,35045,12158,177055,California
Orange,2021-01-24,9813,221871,4288,118592,5525,103279,0,0,9487,151177,323,35368,9490,186545,California
Orange,2021-01-25,10430,232301,5853,124445,4577,107856,0,0,7708,156173,2717,38085,7713,194258,California
Orange,2021-01-26,11891,244192,7719,132164,4172,112028,0,0,9729,163747,2158,40243,9732,203990,California
Orange,2021-01-27,13414,257606,7999,140163,5415,117443,0,0,10718,171784,2685,42928,10722,214712,California
Orange,2021-01-28,13022,270628,7198,147361,5824,123267,0,0,11163,181110,1845,44773,11171,225883,California
Orange,2021-01-29,13599,284227,8414,155775,5185,128452,0,0,10713,188956,2871,47644,10717,236600,California
Orange,2021-01-30,12928,297155,4444,160219,8484,136936,0,0,12192,200430,721,48365,12195,248795,California
Orange,2021-01-31,13717,310872,4946,165165,8771,145707,0,0,13272,213269,440,48805,13279,262074,California
Orange,2021-02-01,14040,324912,5786,170951,8254,153961,0,0,12036,223325,1985,50790,12041,274115,California
Orange,2021-02-02,15413,340325,8368,179319,7045,161006,0,0,12666,233355,2639,53429,12669,286784,California
Orange,2021-02-03,16747,357072,12570,191889,4177,165183,0,0,13732,244155,2937,56366,13737,300521,California
Orange,2021-02-04,19819,376891,12950,204839,6869,172052,0,0,14738,253851,5050,61416,14746,315267,California
Orange,2021-02-05,20741,397632,12009,216848,8732,180784,0,0,14466,262084,6235,67651,14468,329735,California
Orange,2021-02-06,16318,413950,10787,227635,5531,186315,0,0,11065,268129,5238,72889,11283,341018,California
Orange,2021-02-07,11523,425473,8102,235737,3421,189736,0,0,7548,271886,3960,76849,7717,348735,California
Orange,2021-02-08,14854,440327,8497,244234,6357,196093,0,0,8834,274731,5990,82839,8835,357570,California
Orange,2021-02-09,17653,457980,12018,256252,5635,201728,0,0,10746,278647,6835,89674,10751,368321,California
Orange,2021-02-10,20899,478879,11181,267433,9718,211446,0,0,12673,283197,8132,97806,12682,381003,California
Orange,2021-02-11,22001,500880,11396,278829,10605,222051,0,0,12385,286110,9490,107296,12403,393406,California
Orange,2021-02-12,24752,525632,11896,290725,12856,234907,0,0,14628,290675,10068,117364,14633,408039,California
Orange,2021-02-13,22014,547646,11914,302639,10100,245007,0,0,11149,291804,10662,128026,11791,419830,California
Orange,2021-02-14,16187,563833,6571,309210,9616,254623,0,0,9550,294742,6613,134639,9551,429381,California
Orange,2021-02-15,17216,581049,7390,316600,9826,264449,0,0,8879,295337,8293,142932,8888,438269,California
Orange,2021-02-16,19915,600964,8975,325575,10940,275389,0,0,10712,296914,9159,152091,10736,449005,California
Orange,2021-02-17,17797,618761,9314,334889,8483,283872,0,0,9163,297519,8589,160680,9194,458199,California
Orange,2021-02-18,14887,633648,9837,344726,5050,288922,0,0,6797,296282,8042,168722,6805,465004,California
Orange,2021-02-19,17841,651489,10728,355454,7113,296035,0,0,6876,292250,10920,179642,6888,471892,California
Orange,2021-02-20,7386,658875,5562,361016,1824,297859,0,0,3741,292377,3624,183266,3751,475643,California
Orange,2021-02-21,4331,663206,3653,364669,678,298537,0,0,782,289643,3516,186782,782,476425,California
Orange,2021-02-22,9617,672823,7848,372517,1769,300306,0,0,3891,287847,5701,192483,3905,480330,California
Orange,2021-02-23,13256,686079,7243,379760,6013,306319,0,0,3489,281637,9709,202192,3499,483829,California
Orange,2021-02-24,21110,707189,12791,392551,8319,314638,0,0,5360,271329,15687,217879,5379,489208,California
Orange,2021-02-25,22596,729785,12240,404791,10356,324994,0,0,7970,264758,14557,232436,7986,497194,California
Orange,2021-02-26,27705,757490,14045,418836,13660,338654,0,0,11170,259533,16419,248855,11194,508388,California
Orange,2021-02-27,24947,782437,10064,428900,14881,353535,2,2,7246,249197,17599,266454,7263,515651,California
Orange,2021-02-28,19011,801448,7356,436256,11655,365190,0,2,4798,239908,14104,280558,4815,520466,California
Orange,2021-03-01,18342,819790,8355,444611,9983,375173,4,6,7084,235822,11186,291744,7100,527566,California
Orange,2021-03-02,18772,838562,8869,453480,9900,385073,3,9,9163,235448,9567,301311,9193,536759,California
Orange,2021-03-03,20329,858891,9485,462965,10841,395914,3,12,10954,237123,9304,310615,10979,547738,California
Orange,2021-03-04,22275,881166,12826,475791,9436,405350,13,25,11569,238060,10671,321286,11608,559346,California
Orange,2021-03-05,20689,901855,10720,486511,9925,415275,44,69,12668,242852,7980,329266,12772,572118,California
Orange,2021-03-06,23870,925725,13107,499618,9900,425175,863,932,12636,245175,11201,340467,13524,585642,California
Orange,2021-03-07,14815,940540,8303,507921,6126,431301,386,1318,8647,248096,6132,346599,9053,594695,California
Orange,2021-03-08,16156,956696,7391,515312,7505,438806,1260,2578,10381,254031,5732,352331,11667,606362,California
Orange,2021-03-09,19693,976389,8565,523877,8700,447506,2428,5006,11298,259404,8357,360688,13730,620092,California
Orange,2021-03-10,23963,1000352,11718,535595,9085,456591,3160,8166,12123,262901,11783,372471,15280,635372,California
Orange,2021-03-11,28840,1029192,15671,551266,9054,465645,4115,12281,13406,265073,15349,387820,17521,652893,California
Orange,2021-03-12,29171,1058363,14211,565477,11135,476780,3825,16106,14664,269157,14428,402248,18512,671405,California
Orange,2021-03-13,27669,1086032,10137,575614,13614,490394,3918,20024,14008,273474,13610,415858,17927,689332,California
Orange,2021-03-14,18763,1104795,8133,583747,8118,498512,2512,22536,11848,280942,6886,422744,14354,703686,California
Orange,2021-03-15,22938,1127733,10092,593839,12091,510603,755,23291,14332,287484,8540,431284,15082,718768,California
Orange,2021-03-16,26277,1154010,11098,604937,14957,525560,222,23513,17101,295717,9098,440382,17331,736099,California
Orange,2021-03-17,27125,1181135,13508,618445,13141,538701,476,23989,19388,307908,7670,448052,19861,755960,California
Orange,2021-03-18,27617,1208752,13859,632304,13486,552187,272,24261,21545,323718,6012,454064,21822,777782,California
Orange,2021-03-19,33283,1242035,18281,650585,14575,566762,427,24688,24812,340599,8368,462432,25249,803031,California
Orange,2021-03-20,25668,1267703,13476,664061,11986,578748,206,24894,21978,359151,3631,466063,22183,825214,California
Orange,2021-03-21,18427,1286130,10652,674713,7048,585796,727,25621,15679,372834,2724,468787,16407,841621,California
Orange,2021-03-22,22639,1308769,11686,686399,10631,596427,322,25943,19163,388922,3405,472192,19493,861114,California
Orange,2021-03-23,25858,1334627,13404,699803,11823,608250,631,26574,20799,405366,4989,477181,21433,882547,California
Orange,2021-03-24,28909,1363536,16105,715908,11908,620158,896,27470,21928,421284,6909,484090,22827,905374,California
Orange,2021-03-25,32129,1395665,17121,733029,14343,634501,665,28135,24157,438211,7895,491985,24822,930196,California
Orange,2021-03-26,34621,1430286,17960,750989,15816,650317,845,28980,24946,454427,9577,501562,25793,955989,California
Orange,2021-03-27,28295,1458581,13533,764522,14449,664766,313,29293,19766,466065,8443,510005,20081,976070,California
Orange,2021-03-28,24669,1483250,12756,777278,11846,676612,67,29360,18613,478752,5997,516002,18684,994754,California
Orange,2021-03-29,26334,1509584,12038,789316,13747,690359,549,29909,17907,488853,8355,524357,18456,1013210,California
Orange,2021-03-30,30408,1539992,13780,803096,16245,706604,383,30292,21272,501436,9073,533430,21656,1034866,California
Orange,2021-03-31,36744,1576736,19301,822397,16851,723455,592,30884,23998,513375,12655,546085,24594,1059460,California
Orange,2021-04-01,39750,1616486,20986,843383,17223,740678,1541,32425,26001,527255,13657,559742,27537,1086997,California
Orange,2021-04-02,39529,1656015,19975,863358,17894,758572,1660,34085,22507,534494,16935,576677,24174,1111171,California
Orange,2021-04-03,29600,1685615,15450,878808,12536,771108,1614,35699,14090,534752,15444,592121,15702,1126873,California
Orange,2021-04-04,18209,1703824,10626,889434,6895,778003,688,36387,8157,533587,10007,602128,8842,1135715,California
Orange,2021-04-05,29282,1733106,13899,903333,12153,790156,3230,39617,13789,535167,15431,617559,17011,1152726,California
Orange,2021-04-06,33039,1766145,15500,918833,14227,804383,3312,42929,14325,534162,18630,636189,17625,1170351,California
Orange,2021-04-07,35649,1801794,19953,938786,11250,815633,4446,47375,15752,534509,19828,656017,20175,1190526,California
Orange,2021-04-08,38260,1840054,21305,960091,11624,827257,5331,52706,18721,539085,19451,675468,24027,1214553,California
Orange,2021-04-09,40248,1880302,23479,983570,11731,838988,5038,57744,17841,539624,22325,697793,22864,1237417,California
Orange,2021-04-10,33900,1914202,17976,1001546,11792,850780,4132,61876,14119,538153,19704,717497,18233,1255650,California
Orange,2021-04-11,25322,1939524,14267,1015813,7821,858601,3234,65110,9714,535529,15562,733059,12938,1268588,California
Orange,2021-04-12,30136,1969660,15276,1031089,11393,869994,3467,68577,11856,532609,18229,751288,15309,1283897,California
Orange,2021-04-13,32172,2001832,18087,1049176,14023,884017,62,68639,15015,530586,17098,768386,15075,1298972,California
Orange,2021-04-14,34077,2035909,19885,1069061,14162,898179,30,68669,14979,526579,19018,787404,15011,1313983,California
Orange,2021-04-15,39485,2075394,24072,1093133,15402,913581,11,68680,18265,523731,21126,808530,18278,1332261,California
Orange,2021-04-16,40797,2116191,23906,1117039,16866,930447,25,68705,18355,519760,22357,830887,18386,1350647,California
Orange,2021-04-17,29651,2145842,17239,1134278,12409,942856,3,68708,12792,515767,16792,847679,12799,1363446,California
Orange,2021-04-18,21324,2167166,12887,1147165,8436,951292,1,68709,8449,511390,12830,860509,8453,1371899,California
Orange,2021-04-19,32266,2199432,17766,1164931,14498,965790,2,68711,14826,508855,17366,877875,14831,1386730,California
Orange,2021-04-20,34969,2234401,18131,1183062,16835,982625,3,68714,17481,508920,17418,895293,17483,1404213,California
Orange,2021-04-21,40020,2274421,22871,1205933,17139,999764,10,68724,18769,506529,21170,916463,18779,1422992,California
Orange,2021-04-22,38964,2313385,20582,1226515,18376,1018140,6,68730,16236,500158,22621,939084,16250,1439242,California
Orange,2021-04-23,39590,2352975,20324,1246839,19261,1037401,5,68735,17507,495684,21989,961073,17515,1456757,California
Orange,2021-04-24,31730,2384705,16601,1263440,15094,1052495,35,68770,13392,490844,18269,979342,13429,1470186,California
Orange,2021-04-25,22886,2407591,12896,1276336,9977,1062472,13,68783,9828,487682,13008,992350,9846,1480032,California
Orange,2021-04-26,25097,2432688,11953,1288289,12979,1075451,165,68948,10981,484791,14038,1006388,11147,1491179,California
Orange,2021-04-27,27486,2460174,12490,1300779,14515,1089966,481,69429,10437,478801,16914,1023302,10924,1502103,California
Orange,2021-04-28,29051,2489225,14425,1315204,13828,1103794,798,70227,11279,473198,17678,1040980,12075,1514178,California
Orange,2021-04-29,13116,2502341,6467,1321671,6293,1110087,356,70583,4811,470096,8267,1049247,5165,1519343,California
Placer,2020-12-15,29,29,29,29,0,0,0,0,29,29,0,0,29,29,California
Placer,2020-12-16,54,83,54,83,0,0,0,0,54,83,0,0,54,83,California
Placer,2020-12-17,139,222,139,222,0,0,0,0,139,222,0,0,139,222,California
Placer,2020-12-18,331,553,331,553,0,0,0,0,331,553,0,0,331,553,California
Placer,2020-12-19,251,804,251,804,0,0,0,0,251,804,0,0,251,804,California
Placer,2020-12-20,234,1038,234,1038,0,0,0,0,234,1038,0,0,234,1038,California
Placer,2020-12-21,492,1530,491,1529,1,1,0,0,492,1530,0,0,492,1530,California
Placer,2020-12-22,675,2205,668,2197,7,8,0,0,675,2205,0,0,675,2205,California
Placer,2020-12-23,745,2950,659,2856,86,94,0,0,745,2950,0,0,745,2950,California
Placer,2020-12-24,398,3348,346,3202,52,146,0,0,398,3348,0,0,398,3348,California
Placer,2020-12-26,156,3504,111,3313,45,191,0,0,156,3504,0,0,156,3504,California
Placer,2020-12-27,186,3690,163,3476,23,214,0,0,186,3690,0,0,186,3690,California
Placer,2020-12-28,663,4353,536,4012,127,341,0,0,663,4353,0,0,663,4353,California
Placer,2020-12-29,761,5114,513,4525,248,589,0,0,761,5114,0,0,761,5114,California
Placer,2020-12-30,728,5842,454,4979,274,863,0,0,726,5840,0,0,726,5840,California
Placer,2020-12-31,528,6370,342,5321,186,1049,0,0,528,6368,0,0,528,6368,California
Placer,2021-01-01,15,6385,11,5332,4,1053,0,0,15,6383,0,0,15,6383,California
Placer,2021-01-02,184,6569,152,5484,32,1085,0,0,184,6567,0,0,184,6567,California
Placer,2021-01-03,154,6723,79,5563,75,1160,0,0,154,6721,0,0,154,6721,California
Placer,2021-01-04,618,7341,179,5742,439,1599,0,0,618,7339,0,0,618,7339,California
Placer,2021-01-05,725,8066,159,5901,566,2165,0,0,642,7900,82,82,643,7982,California
Placer,2021-01-06,760,8826,244,6145,516,2681,0,0,618,8376,142,224,618,8600,California
Placer,2021-01-07,984,9810,367,6512,617,3298,0,0,779,8950,205,429,779,9379,California
Placer,2021-01-08,1182,10992,528,7040,654,3952,0,0,855,9481,324,753,855,10234,California
Placer,2021-01-09,449,11441,321,7361,128,4080,0,0,233,9499,215,968,233,10467,California
Placer,2021-01-10,329,11770,186,7547,143,4223,0,0,164,9498,165,1133,164,10631,California
Placer,2021-01-11,1424,13194,806,8353,618,4841,0,0,836,9747,588,1721,837,11468,California
Placer,2021-01-12,1648,14842,876,9229,772,5613,0,0,1046,10191,602,2323,1046,12514,California
Placer,2021-01-13,1632,16474,819,10048,813,6426,0,0,1210,10984,420,2743,1213,13727,California
Placer,2021-01-14,1769,18243,652,10700,1117,7543,0,0,1414,12047,352,3095,1415,15142,California
Placer,2021-01-15,1931,20174,722,11422,1209,8752,0,0,1581,13280,349,3444,1582,16724,California
Placer,2021-01-16,1470,21644,719,12141,751,9503,0,0,1349,14509,121,3565,1350,18074,California
Placer,2021-01-17,564,22208,398,12539,166,9669,0,0,432,14809,132,3697,432,18506,California
Placer,2021-01-18,977,23185,539,13078,438,10107,0,0,748,15329,229,3926,749,19255,California
Placer,2021-01-19,2605,25790,1946,15024,659,10766,0,0,2155,17034,450,4376,2155,21410,California
Placer,2021-01-20,2260,28050,1695,16719,565,11331,0,0,1932,18639,328,4704,1933,23343,California
Placer,2021-01-21,2552,30602,1112,17831,1440,12771,0,0,2159,20407,392,5096,2160,25503,California
Placer,2021-01-22,2302,32904,593,18424,1709,14480,0,0,2128,22364,172,5268,2129,27632,California
Placer,2021-01-23,1189,34093,380,18804,809,15289,0,0,1034,23243,155,5423,1034,28666,California
Placer,2021-01-24,507,34600,265,19069,242,15531,0,0,431,23599,76,5499,432,29098,California
Placer,2021-01-25,1671,36271,803,19872,868,16399,0,0,1384,24697,287,5786,1385,30483,California
Placer,2021-01-26,1851,38122,1027,20899,824,17223,0,0,1587,26020,264,6050,1587,32070,California
Placer,2021-01-27,1839,39961,1152,22051,687,17910,0,0,1596,27376,241,6291,1597,33667,California
Placer,2021-01-28,1805,41766,1115,23166,690,18600,0,0,1558,28689,245,6536,1558,35225,California
Placer,2021-01-29,1889,43655,1170,24336,719,19319,0,0,1697,30197,191,6727,1699,36924,California
Placer,2021-01-30,1725,45380,971,25307,754,20073,0,0,1604,31681,120,6847,1604,38528,California
Placer,2021-01-31,780,46160,624,25931,156,20229,0,0,712,32326,68,6915,713,39241,California
Placer,2021-02-01,2070,48230,1089,27020,981,21210,0,0,1756,33768,314,7229,1756,40997,California
Placer,2021-02-02,2370,50600,1537,28557,833,22043,0,0,1881,35163,486,7715,1881,42878,California
Placer,2021-02-03,2918,53518,1875,30432,1043,23086,0,0,2294,36837,620,8335,2294,45172,California
Placer,2021-02-04,2757,56275,1186,31618,1571,24657,0,0,1934,37953,819,9154,1935,47107,California
Placer,2021-02-05,2728,59003,1204,32822,1524,26181,0,0,1402,38034,1321,10475,1402,48509,California
Placer,2021-02-06,1946,60949,1308,34130,638,26819,0,0,1397,38882,549,11024,1397,49906,California
Placer,2021-02-07,1220,62169,909,35039,311,27130,0,0,937,39537,282,11306,937,50843,California
Placer,2021-02-08,3301,65470,1767,36806,1534,28664,0,0,1976,40197,1317,12623,1977,52820,California
Placer,2021-02-09,3546,69016,2175,38981,1371,30035,0,0,1643,39939,1901,14524,1643,54463,California
Placer,2021-02-10,3745,72761,2189,41170,1556,31591,0,0,1742,39683,2000,16524,1744,56207,California
Placer,2021-02-11,3670,76431,1904,43074,1766,33357,0,0,1585,39195,2074,18598,1586,57793,California
Placer,2021-02-12,2812,79243,1318,44392,1494,34851,0,0,1661,39734,1123,19721,1662,59455,California
Placer,2021-02-13,2533,81776,1484,45876,1049,35900,0,0,1882,40965,651,20372,1882,61337,California
Placer,2021-02-14,1078,82854,674,46550,404,36304,0,0,737,41364,338,20710,737,62074,California
Placer,2021-02-15,2221,85075,1043,47593,1178,37482,0,0,1529,42201,693,21403,1530,63604,California
Placer,2021-02-16,3564,88639,1779,49372,1785,39267,0,0,1586,41819,1969,23372,1587,65191,California
Placer,2021-02-17,3539,92178,1960,51332,1579,40846,0,0,1510,41304,2025,25397,1510,66701,California
Placer,2021-02-18,3782,95960,2044,53376,1738,42584,0,0,1624,40780,2149,27546,1625,68326,California
Placer,2021-02-19,3580,99540,1910,55286,1670,44254,0,0,1324,39853,2252,29798,1325,69651,California
Placer,2021-02-20,1973,101513,1232,56518,741,44995,0,0,889,39667,1078,30876,892,70543,California
Placer,2021-02-21,971,102484,729,57247,242,45237,0,0,280,39260,688,31564,281,70824,California
Placer,2021-02-22,2520,105004,1773,59020,747,45984,0,0,604,37949,1915,33479,604,71428,California
Placer,2021-02-23,2540,107544,1571,60591,969,46953,0,0,878,37166,1661,35140,878,72306,California
Placer,2021-02-24,3278,110822,1173,61764,2105,49058,0,0,1786,37472,1482,36622,1788,74094,California
Placer,2021-02-25,3511,114333,1421,63185,2090,51148,0,0,1863,37695,1641,38263,1864,75958,California
Placer,2021-02-26,4094,118427,2373,65558,1721,52869,0,0,2352,38309,1738,40001,2352,78310,California
Placer,2021-02-27,2817,121244,1492,67050,1325,54194,0,0,1452,38405,1359,41360,1455,79765,California
Placer,2021-02-28,1397,122641,793,67843,604,54798,0,0,587,38188,804,42164,587,80352,California
Placer,2021-03-01,2989,125630,1983,69826,1006,55804,0,0,1541,38286,1443,43607,1541,81893,California
Placer,2021-03-02,2867,128497,1760,71586,1107,56911,0,0,1876,39176,986,44593,1876,83769,California
Placer,2021-03-03,3320,131817,1422,73008,1898,58809,0,0,1815,39493,1499,46092,1816,85585,California
Placer,2021-03-04,3612,135429,1451,74459,2161,60970,0,0,1881,39656,1719,47811,1882,87467,California
Placer,2021-03-05,3002,138431,1027,75486,1953,62923,22,22,1804,40286,1196,49007,1826,89293,California
Placer,2021-03-06,2405,140836,1481,76967,828,63751,96,118,923,39830,1475,50482,1019,90312,California
Placer,2021-03-07,1297,142133,752,77719,507,64258,38,156,530,39634,764,51246,568,90880,California
Placer,2021-03-08,2907,145040,1827,79546,967,65225,113,269,1650,40142,1255,52501,1763,92643,California
Placer,2021-03-09,3165,148205,1678,81224,1397,66622,90,359,1814,40698,1348,53849,1904,94547,California
Placer,2021-03-10,3274,151479,1318,82542,1849,68471,107,466,1705,40946,1564,55413,1812,96359,California
Placer,2021-03-11,3561,155040,1588,84130,1849,70320,124,590,1714,40948,1839,57252,1841,98200,California
Placer,2021-03-12,3670,158710,1483,85613,1406,71726,781,1371,1249,40565,2414,59666,2031,100231,California
Placer,2021-03-13,2104,160814,738,86351,1248,72974,118,1489,1129,40841,972,60638,1248,101479,California
Placer,2021-03-14,1638,162452,672,87023,817,73791,149,1638,891,41134,747,61385,1040,102519,California
Placer,2021-03-15,3173,165625,1527,88550,1515,75306,131,1769,1759,41612,1413,62798,1891,104410,California
Placer,2021-03-16,3555,169180,1914,90464,1508,76814,133,1902,2282,42766,1262,64060,2416,106826,California
Placer,2021-03-17,3404,172584,1726,92190,1579,78393,99,2001,2200,43865,1202,65262,2301,109127,California
Placer,2021-03-18,3958,176542,2196,94386,1724,80117,38,2039,2821,45593,1130,66392,2858,111985,California
Placer,2021-03-19,3419,179961,2061,96447,1094,81211,264,2303,2180,46804,1232,67624,2443,114428,California
Placer,2021-03-20,2136,182097,895,97342,1144,82355,97,2400,1303,47374,829,68453,1399,115827,California
Placer,2021-03-21,1251,183348,573,97915,669,83024,9,2409,943,48021,305,68758,952,116779,California
Placer,2021-03-22,3263,186611,2098,100013,1078,84102,87,2496,2192,49234,1067,69825,2280,119059,California
Placer,2021-03-23,3519,190130,2092,102105,1336,85438,91,2587,2520,50852,994,70819,2612,121671,California
Placer,2021-03-24,3776,193906,1996,104101,1684,87122,96,2683,1944,51082,1810,72629,2040,123711,California
Placer,2021-03-25,3772,197678,1793,105894,1882,89004,97,2780,1725,50865,2038,74667,1821,125532,California
Placer,2021-03-26,3751,201429,1657,107551,1862,90866,232,3012,1579,50517,2159,76826,1811,127343,California
Placer,2021-03-27,1595,203024,468,108019,1107,91973,20,3032,652,50253,936,77762,672,128015,California
Placer,2021-03-28,1102,204126,527,108546,565,92538,10,3042,373,49912,724,78486,383,128398,California
Placer,2021-03-29,3552,207678,1986,110532,1532,94070,34,3076,1725,49854,1818,80304,1760,130158,California
Placer,2021-03-30,3978,211656,2102,112634,1832,95902,44,3120,2097,50127,1867,82171,2140,132298,California
Placer,2021-03-31,4071,215727,1830,114464,2167,98069,74,3194,1684,49504,2380,84551,1757,134055,California
Placer,2021-04-01,2878,218605,1361,115825,1471,99540,46,3240,1594,49861,1283,85834,1640,135695,California
Placer,2021-04-02,2811,221416,1442,117267,1305,100845,64,3304,1572,50264,1232,87066,1635,137330,California
Placer,2021-04-03,1852,223268,983,118250,741,101586,128,3432,890,50326,956,88022,1018,138348,California
Placer,2021-04-04,707,223975,361,118611,293,101879,53,3485,285,50244,420,88442,338,138686,California
Placer,2021-04-05,2983,226958,1888,120499,913,102792,182,3667,1738,50923,1241,89683,1920,140606,California
Placer,2021-04-06,4271,231229,2472,122971,1500,104292,299,3966,1523,50002,2743,92426,1822,142428,California
Placer,2021-04-07,4488,235717,2560,125531,1467,105759,461,4427,2050,50077,2433,94859,2508,144936,California
Placer,2021-04-08,4675,240392,2593,128124,1538,107297,544,4971,1573,49102,3092,97951,2117,147053,California
Placer,2021-04-09,4070,244462,2244,130368,1213,108510,613,5584,1212,48080,2849,100800,1827,148880,California
Placer,2021-04-10,1979,246441,852,131220,947,109457,180,5764,846,47975,1130,101930,1025,149905,California
Placer,2021-04-11,1322,247763,502,131722,787,110244,33,5797,426,47541,892,102822,458,150363,California
Placer,2021-04-12,4102,251865,2652,134374,1070,111314,380,6177,2468,48764,1624,104446,2847,153210,California
Placer,2021-04-13,4331,256196,2985,137359,1345,112659,1,6178,2182,48802,2145,106591,2183,155393,California
Placer,2021-04-14,4060,260256,2507,139866,1552,114211,1,6179,1797,48345,2254,108845,1797,157190,California
Placer,2021-04-15,4389,264645,2423,142289,1965,116176,1,6180,2282,48531,2097,110942,2283,159473,California
Placer,2021-04-16,3656,268301,2171,144460,1485,117661,0,6180,1429,47739,2221,113163,1429,160902,California
Placer,2021-04-17,2340,270641,794,145254,1546,119207,0,6180,1453,48308,884,114047,1453,162355,California
Placer,2021-04-18,1156,271797,233,145487,923,120130,0,6180,404,47962,750,114797,404,162759,California
Placer,2021-04-19,2906,274703,1777,147264,1129,121259,0,6180,1145,47350,1758,116555,1146,163905,California
Placer,2021-04-20,3767,278470,2444,149708,1323,122582,0,6180,2400,48391,1359,117914,2400,166305,California
Placer,2021-04-21,3647,282117,2390,152098,1256,123838,1,6181,2377,49503,1266,119180,2378,168683,California
Placer,2021-04-22,3533,285650,2141,154239,1392,125230,0,6181,1732,49437,1798,120978,1732,170415,California
Placer,2021-04-23,3475,289125,2306,156545,1168,126398,1,6182,1361,48693,2106,123084,1362,171777,California
Placer,2021-04-24,2045,291170,1229,157774,816,127214,0,6182,1205,49063,835,123919,1205,172982,California
Placer,2021-04-25,899,292069,496,158270,403,127617,0,6182,555,49274,344,124263,555,173537,California
Placer,2021-04-26,2188,294257,1198,159468,968,128585,22,6204,1091,49298,1088,125351,1112,174649,California
Placer,2021-04-27,2483,296740,1305,160773,1143,129728,35,6239,1468,49792,1010,126361,1504,176153,California
Placer,2021-04-28,2624,299364,1669,162442,918,130646,37,6276,1366,49944,1251,127612,1403,177556,California
Placer,2021-04-29,1832,301196,1377,163819,448,131094,7,6283,729,49580,1100,128712,736,178292,California
Plumas,2020-12-18,4,4,4,4,0,0,0,0,4,4,0,0,4,4,California
Plumas,2020-12-19,1,5,1,5,0,0,0,0,1,5,0,0,1,5,California
Plumas,2020-12-21,45,50,45,50,0,0,0,0,45,50,0,0,45,50,California
Plumas,2020-12-22,92,142,92,142,0,0,0,0,92,142,0,0,92,142,California
Plumas,2020-12-23,50,192,50,192,0,0,0,0,50,192,0,0,50,192,California
Plumas,2020-12-24,6,198,6,198,0,0,0,0,6,198,0,0,6,198,California
Plumas,2020-12-28,8,206,0,198,8,8,0,0,8,206,0,0,8,206,California
Plumas,2020-12-29,32,238,22,220,10,18,0,0,32,238,0,0,32,238,California
Plumas,2020-12-30,22,260,1,221,21,39,0,0,22,260,0,0,22,260,California
Plumas,2020-12-31,4,264,1,222,3,42,0,0,4,264,0,0,4,264,California
Plumas,2021-01-04,10,274,4,226,6,48,0,0,10,274,0,0,10,274,California
Plumas,2021-01-05,22,296,2,228,20,68,0,0,22,296,0,0,22,296,California
Plumas,2021-01-06,124,420,5,233,119,187,0,0,124,420,0,0,124,420,California
Plumas,2021-01-07,53,473,2,235,51,238,0,0,52,471,1,1,52,472,California
Plumas,2021-01-08,12,485,5,240,7,245,0,0,8,475,4,5,8,480,California
Plumas,2021-01-09,2,487,2,242,0,245,0,0,1,475,1,6,1,481,California
Plumas,2021-01-11,59,546,50,292,9,254,0,0,12,440,47,53,12,493,California
Plumas,2021-01-12,155,701,86,378,69,323,0,0,71,427,84,137,71,564,California
Plumas,2021-01-13,56,757,50,428,6,329,0,0,10,391,46,183,10,574,California
Plumas,2021-01-14,96,853,14,442,82,411,0,0,91,477,5,188,91,665,California
Plumas,2021-01-15,62,915,7,449,55,466,0,0,60,535,2,190,60,725,California
Plumas,2021-01-16,58,973,1,450,57,523,0,0,58,593,0,190,58,783,California
Plumas,2021-01-18,2,975,1,451,1,524,0,0,2,595,0,190,2,785,California
Plumas,2021-01-19,36,1011,5,456,31,555,0,0,32,623,4,194,32,817,California
Plumas,2021-01-20,121,1132,3,459,118,673,0,0,119,740,2,196,119,936,California
Plumas,2021-01-21,113,1245,2,461,111,784,0,0,113,853,0,196,113,1049,California
Plumas,2021-01-22,4,1249,0,461,4,788,0,0,4,857,0,196,4,1053,California
Plumas,2021-01-23,92,1341,1,462,91,879,0,0,92,949,0,196,92,1145,California
Plumas,2021-01-24,1,1342,1,463,0,879,0,0,1,950,0,196,1,1146,California
Plumas,2021-01-25,10,1352,7,470,3,882,0,0,7,954,3,199,7,1153,California
Plumas,2021-01-26,60,1412,2,472,58,940,0,0,52,998,8,207,52,1205,California
Plumas,2021-01-27,25,1437,20,492,5,945,0,0,5,983,20,227,5,1210,California
Plumas,2021-01-28,23,1460,0,492,23,968,0,0,21,1002,2,229,21,1231,California
Plumas,2021-01-29,8,1468,2,494,6,974,0,0,7,1008,1,230,7,1238,California
Plumas,2021-01-30,8,1476,4,498,4,978,0,0,7,1014,1,231,7,1245,California
Plumas,2021-01-31,3,1479,3,501,0,978,0,0,3,1017,0,231,3,1248,California
Plumas,2021-02-01,15,1494,2,503,13,991,0,0,7,1016,8,239,7,1255,California
Plumas,2021-02-02,21,1515,2,505,19,1010,0,0,2,999,19,258,2,1257,California
Plumas,2021-02-03,128,1643,8,513,120,1130,0,0,13,898,114,372,13,1270,California
Plumas,2021-02-04,101,1744,8,521,93,1223,0,0,23,843,78,450,23,1293,California
Plumas,2021-02-05,24,1768,11,532,13,1236,0,0,9,837,15,465,9,1302,California
Plumas,2021-02-06,7,1775,0,532,7,1243,0,0,7,844,0,465,7,1309,California
Plumas,2021-02-08,16,1791,7,539,9,1252,0,0,4,836,12,477,4,1313,California
Plumas,2021-02-09,171,1962,1,540,170,1422,0,0,111,887,60,537,111,1424,California
Plumas,2021-02-10,89,2051,9,549,80,1502,0,0,80,959,9,546,81,1505,California
Plumas,2021-02-11,322,2373,7,556,315,1817,0,0,263,1163,59,605,263,1768,California
Plumas,2021-02-12,122,2495,3,559,119,1936,0,0,118,1277,4,609,118,1886,California
Plumas,2021-02-13,73,2568,4,563,69,2005,0,0,14,1232,59,668,14,1900,California
Plumas,2021-02-14,8,2576,5,568,3,2008,0,0,8,1240,0,668,8,1908,California
Plumas,2021-02-15,27,2603,5,573,22,2030,0,0,24,1261,3,671,24,1932,California
Plumas,2021-02-16,76,2679,4,577,72,2102,0,0,14,1213,62,733,14,1946,California
Plumas,2021-02-17,136,2815,5,582,131,2233,0,0,12,1101,124,857,12,1958,California
Plumas,2021-02-18,128,2943,6,588,122,2355,0,0,19,1011,109,966,19,1977,California
Plumas,2021-02-19,41,2984,4,592,37,2392,0,0,6,982,35,1001,6,1983,California
Plumas,2021-02-20,104,3088,7,599,97,2489,0,0,12,902,92,1093,12,1995,California
Plumas,2021-02-21,5,3093,5,604,0,2489,0,0,1,899,4,1097,1,1996,California
Plumas,2021-02-22,3,3096,1,605,2,2491,0,0,0,896,3,1100,0,1996,California
Plumas,2021-02-23,25,3121,5,610,20,2511,0,0,17,905,8,1108,17,2013,California
Plumas,2021-02-24,456,3577,7,617,449,2960,0,0,443,1335,13,1121,443,2456,California
Plumas,2021-02-25,231,3808,10,627,221,3181,0,0,170,1444,61,1182,170,2626,California
Plumas,2021-02-26,264,4072,8,635,256,3437,0,0,256,1693,8,1190,257,2883,California
Plumas,2021-02-27,40,4112,4,639,36,3473,0,0,33,1719,7,1197,33,2916,California
Plumas,2021-02-28,1,4113,0,639,1,3474,0,0,1,1720,0,1197,1,2917,California
Plumas,2021-03-01,12,4125,3,642,9,3483,0,0,7,1723,4,1201,7,2924,California
Plumas,2021-03-02,8,4133,0,642,8,3491,0,0,6,1727,2,1203,6,2930,California
Plumas,2021-03-03,152,4285,10,652,142,3633,0,0,136,1847,16,1219,136,3066,California
Plumas,2021-03-04,252,4537,9,661,243,3876,0,0,230,2055,22,1241,230,3296,California
Plumas,2021-03-05,400,4937,7,668,388,4264,5,5,389,2438,11,1252,394,3690,California
Plumas,2021-03-06,19,4956,2,670,9,4273,8,13,3,2433,16,1268,11,3701,California
Plumas,2021-03-07,13,4969,2,672,2,4275,9,22,3,2435,10,1278,12,3713,California
Plumas,2021-03-08,29,4998,3,675,2,4277,24,46,3,2436,26,1304,27,3740,California
Plumas,2021-03-09,132,5130,1,676,116,4393,15,61,18,2355,114,1418,33,3773,California
Plumas,2021-03-10,255,5385,3,679,238,4631,14,75,108,2331,146,1564,122,3895,California
Plumas,2021-03-11,181,5566,8,687,168,4799,5,80,146,2447,35,1599,151,4046,California
Plumas,2021-03-12,595,6161,3,690,304,5103,288,368,23,2186,572,2171,311,4357,California
Plumas,2021-03-13,25,6186,4,694,10,5113,11,379,5,2182,20,2191,16,4373,California
Plumas,2021-03-14,12,6198,3,697,4,5117,5,384,1,2178,10,2201,6,4379,California
Plumas,2021-03-15,32,6230,1,698,24,5141,7,391,6,2165,26,2227,13,4392,California
Plumas,2021-03-16,60,6290,3,701,56,5197,1,392,49,2204,11,2238,50,4442,California
Plumas,2021-03-17,73,6363,9,710,63,5260,1,393,58,2249,14,2252,59,4501,California
Plumas,2021-03-18,60,6423,6,716,38,5298,16,409,12,2229,48,2300,28,4529,California
Plumas,2021-03-19,164,6587,6,722,156,5454,2,411,155,2380,7,2307,158,4687,California
Plumas,2021-03-20,693,7280,4,726,688,6142,1,412,673,3036,18,2325,674,5361,California
Plumas,2021-03-21,2,7282,1,727,1,6143,0,412,1,3037,0,2325,1,5362,California
Plumas,2021-03-22,183,7465,2,729,181,6324,0,412,176,3206,7,2332,176,5538,California
Plumas,2021-03-23,27,7492,2,731,25,6349,0,412,13,3205,14,2346,13,5551,California
Plumas,2021-03-24,654,8146,7,738,646,6995,1,413,224,3001,429,2775,225,5776,California
Plumas,2021-03-25,295,8441,7,745,286,7281,2,415,154,3014,141,2916,154,5930,California
Plumas,2021-03-26,309,8750,9,754,300,7581,0,415,46,2798,262,3178,46,5976,California
Plumas,2021-03-27,12,8762,1,755,10,7591,1,416,2,2791,10,3188,3,5979,California
Plumas,2021-03-28,5,8767,3,758,1,7592,1,417,3,2793,2,3190,4,5983,California
Plumas,2021-03-29,12,8779,4,762,7,7599,1,418,4,2790,8,3198,5,5988,California
Plumas,2021-03-30,151,8930,3,765,147,7746,1,419,24,2688,127,3325,25,6013,California
Plumas,2021-03-31,287,9217,2,767,284,8030,1,420,268,2938,19,3344,269,6282,California
Plumas,2021-04-01,292,9509,10,777,281,8311,1,421,58,2764,232,3576,58,6340,California
Plumas,2021-04-02,374,9883,5,782,368,8679,1,422,28,2459,334,3910,29,6369,California
Plumas,2021-04-03,16,9899,3,785,5,8684,8,430,4,2459,12,3922,12,6381,California
Plumas,2021-04-04,3,9902,1,786,1,8685,1,431,0,2457,3,3925,1,6382,California
Plumas,2021-04-05,12,9914,3,789,8,8693,1,432,5,2456,7,3932,6,6388,California
Plumas,2021-04-06,120,10034,6,795,88,8781,26,458,13,2388,107,4039,39,6427,California
Plumas,2021-04-07,280,10314,6,801,99,8880,175,633,27,2337,253,4292,202,6629,California
Plumas,2021-04-08,149,10463,3,804,131,9011,15,648,34,2271,114,4406,48,6677,California
Plumas,2021-04-09,50,10513,9,813,25,9036,16,664,19,2274,31,4437,34,6711,California
Plumas,2021-04-10,23,10536,2,815,5,9041,16,680,4,2275,19,4456,20,6731,California
Plumas,2021-04-11,4,10540,3,818,0,9041,1,681,3,2278,1,4457,4,6735,California
Plumas,2021-04-12,9,10549,4,822,3,9044,2,683,6,2283,3,4460,8,6743,California
Plumas,2021-04-13,206,10755,5,827,201,9245,0,683,138,2353,68,4528,138,6881,California
Plumas,2021-04-14,108,10863,7,834,101,9346,0,683,54,2353,54,4582,54,6935,California
Plumas,2021-04-15,50,10913,2,836,48,9394,0,683,32,2367,18,4600,32,6967,California
Plumas,2021-04-16,144,11057,4,840,140,9534,0,683,4,2231,140,4740,4,6971,California
Plumas,2021-04-17,666,11723,1,841,665,10199,0,683,20,1607,644,5384,20,6991,California
Plumas,2021-04-18,3,11726,2,843,1,10200,0,683,1,1606,2,5386,1,6992,California
Plumas,2021-04-19,38,11764,3,846,35,10235,0,683,5,1578,33,5419,5,6997,California
Plumas,2021-04-20,40,11804,4,850,36,10271,0,683,25,1588,15,5434,25,7022,California
Plumas,2021-04-21,313,12117,5,855,307,10578,1,684,18,1312,294,5728,18,7040,California
Plumas,2021-04-22,270,12387,7,862,263,10841,0,684,131,1304,139,5867,131,7171,California
Plumas,2021-04-23,73,12460,6,868,67,10908,0,684,16,1263,57,5924,16,7187,California
Plumas,2021-04-24,171,12631,5,873,166,11074,0,684,146,1385,24,5948,146,7333,California
Plumas,2021-04-26,26,12657,2,875,24,11098,0,684,7,1374,18,5966,7,7340,California
Plumas,2021-04-27,88,12745,3,878,85,11183,0,684,52,1390,36,6002,52,7392,California
Plumas,2021-04-28,231,12976,3,881,228,11411,0,684,32,1224,198,6200,32,7424,California
Plumas,2021-04-29,108,13084,41,922,67,11478,0,684,74,1264,34,6234,74,7498,California
Riverside,2020-12-15,4,4,4,4,0,0,0,0,4,4,0,0,4,4,California
Riverside,2020-12-16,64,68,64,68,0,0,0,0,64,68,0,0,64,68,California
Riverside,2020-12-17,805,873,805,873,0,0,0,0,805,873,0,0,805,873,California
Riverside,2020-12-18,1723,2596,1722,2595,1,1,0,0,1723,2596,0,0,1723,2596,California
Riverside,2020-12-19,1027,3623,1024,3619,3,4,0,0,1025,3620,1,1,1025,3621,California
Riverside,2020-12-20,1084,4707,1083,4702,1,5,0,0,1084,4704,0,1,1084,4705,California
Riverside,2020-12-21,2272,6979,2270,6972,2,7,0,0,2272,6976,0,1,2272,6977,California
Riverside,2020-12-22,2253,9232,2214,9186,39,46,0,0,2252,9228,0,1,2252,9229,California
Riverside,2020-12-23,2128,11360,1791,10977,337,383,0,0,2129,11357,0,1,2129,11358,California
Riverside,2020-12-24,827,12187,625,11602,202,585,0,0,827,12184,0,1,827,12185,California
Riverside,2020-12-25,28,12215,5,11607,23,608,0,0,28,12212,0,1,28,12213,California
Riverside,2020-12-26,400,12615,257,11864,143,751,0,0,400,12612,0,1,400,12613,California
Riverside,2020-12-27,361,12976,243,12107,118,869,0,0,361,12973,0,1,361,12974,California
Riverside,2020-12-28,1626,14602,1126,13233,500,1369,0,0,1626,14599,0,1,1626,14600,California
Riverside,2020-12-29,1736,16338,972,14205,764,2133,0,0,1736,16335,0,1,1736,16336,California
Riverside,2020-12-30,2578,18916,1685,15890,893,3026,0,0,2577,18912,0,1,2577,18913,California
Riverside,2020-12-31,1023,19939,395,16285,628,3654,0,0,1025,19937,0,1,1025,19938,California
Riverside,2021-01-01,111,20050,43,16328,68,3722,0,0,111,20048,0,1,111,20049,California
Riverside,2021-01-02,832,20882,692,17020,140,3862,0,0,832,20880,0,1,832,20881,California
Riverside,2021-01-03,345,21227,300,17320,45,3907,0,0,344,21224,0,1,344,21225,California
Riverside,2021-01-04,1258,22485,792,18112,466,4373,0,0,1258,22482,0,1,1258,22483,California
Riverside,2021-01-05,1978,24463,1361,19473,617,4990,0,0,1884,24278,88,89,1884,24367,California
Riverside,2021-01-06,2474,26937,1103,20576,1371,6361,0,0,2168,26144,302,391,2168,26535,California
Riverside,2021-01-07,2767,29704,1814,22390,953,7314,0,0,1705,26793,1058,1449,1707,28242,California
Riverside,2021-01-08,4044,33748,2935,25325,1109,8423,0,0,2233,27219,1807,3256,2233,30475,California
Riverside,2021-01-09,2067,35815,843,26168,1224,9647,0,0,1721,28595,345,3601,1721,32196,California
Riverside,2021-01-10,1664,37479,735,26903,929,10576,0,0,1060,29051,604,4205,1060,33256,California
Riverside,2021-01-11,4519,41998,3099,30002,1420,11996,0,0,2784,30103,1733,5938,2785,36041,California
Riverside,2021-01-12,3402,45400,2729,32731,673,12669,0,0,1716,30138,1681,7619,1716,37757,California
Riverside,2021-01-13,4382,49782,2867,35598,1515,14184,0,0,2778,31315,1601,9220,2778,40535,California
Riverside,2021-01-14,5465,55247,1869,37467,3596,17780,0,0,4878,35606,587,9807,4878,45413,California
Riverside,2021-01-15,6145,61392,2093,39560,4052,21832,0,0,5857,41176,287,10094,5857,51270,California
Riverside,2021-01-16,3609,65001,1017,40577,2592,24424,0,0,3363,44294,246,10340,3364,54634,California
Riverside,2021-01-17,3593,68594,582,41159,3011,27435,0,0,3397,47496,195,10535,3397,58031,California
Riverside,2021-01-18,3721,72315,2019,43178,1702,29137,0,0,2716,49207,1005,11540,2716,60747,California
Riverside,2021-01-19,7405,79720,2638,45816,4767,33904,0,0,6288,54379,1117,12657,6289,67036,California
Riverside,2021-01-20,7958,87678,2872,48688,5086,38990,0,0,6476,59386,1473,14130,6480,73516,California
Riverside,2021-01-21,8225,95903,3385,52073,4840,43830,0,0,7608,66376,618,14748,7608,81124,California
Riverside,2021-01-22,8717,104620,2975,55048,5742,49572,0,0,8289,74240,426,15174,8290,89414,California
Riverside,2021-01-23,5924,110544,2392,57440,3532,53104,0,0,5196,78709,728,15902,5197,94611,California
Riverside,2021-01-24,3034,113578,1430,58870,1604,54708,0,0,2821,81321,210,16112,2822,97433,California
Riverside,2021-01-25,7877,121455,4536,63406,3341,58049,0,0,6752,86950,1124,17236,6753,104186,California
Riverside,2021-01-26,9118,130573,5731,69137,3387,61436,0,0,7609,93053,1507,18743,7610,111796,California
Riverside,2021-01-27,10856,141429,6373,75510,4483,65919,0,0,9290,100784,1562,20305,9293,121089,California
Riverside,2021-01-28,11425,152854,6724,82234,4701,70620,0,0,10267,109902,1150,21455,10268,131357,California
Riverside,2021-01-29,11901,164755,7256,89490,4645,75265,0,0,10532,119096,1342,22797,10536,141893,California
Riverside,2021-01-30,9050,173805,4606,94096,4444,79709,0,0,8587,127224,460,23257,8588,150481,California
Riverside,2021-01-31,5154,178959,4244,98340,910,80619,0,0,5022,132119,131,23388,5026,155507,California
Riverside,2021-02-01,10857,189816,6703,105043,4154,84773,0,0,9076,139423,1775,25163,9079,164586,California
Riverside,2021-02-02,9505,199321,4849,109892,4656,89429,0,0,8022,145972,1476,26639,8025,172611,California
Riverside,2021-02-03,11996,211317,4977,114869,7019,96448,0,0,9769,153524,2217,28856,9769,182380,California
Riverside,2021-02-04,13551,224868,6046,120915,7505,103953,0,0,11460,162902,2084,30940,11462,193842,California
Riverside,2021-02-05,14319,239187,5396,126311,8923,112876,0,0,11281,171157,3030,33970,11285,205127,California
Riverside,2021-02-06,7260,246447,4286,130597,2974,115850,0,0,5620,175148,1632,35602,5623,210750,California
Riverside,2021-02-07,2166,248613,795,131392,1371,117221,0,0,1850,176684,315,35917,1851,212601,California
Riverside,2021-02-08,12447,261060,5529,136921,6918,124139,0,0,10162,184582,2268,38185,10166,222767,California
Riverside,2021-02-09,9643,270703,4524,141445,5119,129258,0,0,7722,190396,1913,40098,7727,230494,California
Riverside,2021-02-10,12060,282763,6979,148424,5081,134339,0,0,8903,196162,3145,43243,8911,239405,California
Riverside,2021-02-11,16564,299327,9041,157465,7523,141862,0,0,12183,204001,4359,47602,12198,251603,California
Riverside,2021-02-12,17678,317005,10821,168286,6857,148719,0,0,12825,212030,4808,52410,12837,264440,California
Riverside,2021-02-13,6324,323329,2126,170412,4198,152917,0,0,3095,211935,3211,55621,3116,267556,California
Riverside,2021-02-14,4926,328255,1121,171533,3805,156722,0,0,2176,211366,2746,58367,2177,269733,California
Riverside,2021-02-15,9812,338067,4994,176527,4818,161540,0,0,5403,212375,4401,62768,5410,275143,California
Riverside,2021-02-16,16103,354170,10109,186636,5994,167534,0,0,9247,214781,6849,69617,9255,284398,California
Riverside,2021-02-17,15006,369176,8201,194837,6805,174339,0,0,7442,214682,7551,77168,7452,291850,California
Riverside,2021-02-18,15467,384643,8939,203776,6528,180867,0,0,8047,215340,7402,84570,8060,299910,California
Riverside,2021-02-19,15242,399885,8215,211991,7027,187894,0,0,7208,214541,8015,92585,7216,307126,California
Riverside,2021-02-20,8058,407943,4251,216242,3807,191701,0,0,2085,210673,5956,98541,2088,309214,California
Riverside,2021-02-21,3417,411360,2901,219143,516,192217,0,0,1026,209322,2377,100918,1026,310240,California
Riverside,2021-02-22,12326,423686,7738,226881,4588,196805,0,0,5096,207211,7212,108130,5101,315341,California
Riverside,2021-02-23,11083,434769,7553,234434,3530,200335,0,0,5386,206932,5669,113799,5390,320731,California
Riverside,2021-02-24,14792,449561,8096,242530,6696,207031,0,0,6298,204792,8455,122254,6315,327046,California
Riverside,2021-02-25,17303,466864,7377,249907,9926,216957,0,0,8035,203605,9247,131501,8060,335106,California
Riverside,2021-02-26,18578,485442,6706,256613,11872,228829,0,0,9279,203674,9242,140743,9311,344417,California
Riverside,2021-02-27,11363,496805,4908,261521,6455,235284,0,0,5663,203697,5666,146409,5689,350106,California
Riverside,2021-02-28,4616,501421,2952,264473,1664,236948,0,0,2372,203843,2233,148642,2379,352485,California
Riverside,2021-03-01,14298,515719,6090,270563,8207,245155,1,1,8426,206458,5839,154481,8454,360939,California
Riverside,2021-03-02,15271,530990,7437,278000,7833,252988,1,2,8969,209176,6279,160760,8997,369936,California
Riverside,2021-03-03,16836,547826,8334,286334,8502,261490,0,2,7276,207068,9511,170271,7403,377339,California
Riverside,2021-03-04,18650,566476,7432,293766,11214,272704,4,6,8875,206365,9732,180003,9029,386368,California
Riverside,2021-03-05,18703,585179,7501,301267,11158,283862,44,50,9259,206552,9393,189396,9580,395948,California
Riverside,2021-03-06,9394,594573,4970,306237,3945,287807,479,529,4658,206997,4722,194118,5167,401115,California
Riverside,2021-03-07,4168,598741,2695,308932,1085,288892,388,917,1957,207145,2201,196319,2349,403464,California
Riverside,2021-03-08,11916,610657,4733,313665,6778,295670,405,1322,5307,206312,6591,202910,5758,409222,California
Riverside,2021-03-09,14640,625297,6755,320420,7388,303058,497,1819,5775,203872,8847,211757,6407,415629,California
Riverside,2021-03-10,15595,640892,8377,328797,6340,309398,878,2697,6001,201345,9557,221314,7030,422659,California
Riverside,2021-03-11,19171,660063,9431,338228,7904,317302,1836,4533,7552,199359,11585,232899,9599,432258,California
Riverside,2021-03-12,21122,681185,7906,346134,8486,325788,4730,9263,7081,197491,14008,246907,12140,444398,California
Riverside,2021-03-13,8369,689554,2501,348635,4678,330466,1190,10453,4290,198991,4059,250966,5559,449957,California
Riverside,2021-03-14,4604,694158,1581,350216,1734,332200,1289,11742,2045,199773,2549,253515,3331,453288,California
Riverside,2021-03-15,18635,712793,7838,358054,9126,341326,1671,13413,9166,201279,9430,262945,10936,464224,California
Riverside,2021-03-16,20858,733651,10116,368170,9928,351254,814,14227,11363,204094,9456,272401,12271,476495,California
Riverside,2021-03-17,21238,754889,10888,379058,9301,360555,1049,15276,12755,209509,8450,280851,13865,490360,California
Riverside,2021-03-18,22524,777413,11708,390766,9163,369718,1653,16929,12499,213689,9980,290831,14160,504520,California
Riverside,2021-03-19,23989,801402,12567,403333,10474,380192,948,17877,14029,219120,9908,300739,15339,519859,California
Riverside,2021-03-20,10579,811981,6831,410164,2585,382777,1163,19040,6816,223364,3736,304475,7980,527839,California
Riverside,2021-03-21,3672,815653,2869,413033,550,383327,253,19293,2522,225003,1137,305612,2776,530615,California
Riverside,2021-03-22,16614,832267,9909,422942,6152,389479,553,19846,10595,230173,5974,311586,11144,541759,California
Riverside,2021-03-23,18526,850793,10483,433425,7621,397100,422,20268,11950,236036,6524,318110,12387,554146,California
Riverside,2021-03-24,18647,869440,10393,443818,8135,405235,119,20387,12829,243218,5772,323882,12954,567100,California
Riverside,2021-03-25,21068,890508,11635,455453,9255,414490,178,20565,14168,250736,6835,330717,14353,581453,California
Riverside,2021-03-26,24033,914541,11858,467311,12003,426493,172,20737,15008,256986,8933,339650,15183,596636,California
Riverside,2021-03-27,9250,923791,4855,472166,3340,429833,1055,21792,4785,258380,4447,344097,5841,602477,California
Riverside,2021-03-28,4721,928512,3104,475270,1525,431358,92,21884,2837,259436,1874,345971,2930,605407,California
Riverside,2021-03-29,17572,946084,8443,483713,9013,440371,116,22000,10928,263879,6611,352582,11054,616461,California
Riverside,2021-03-30,18286,964370,9525,493238,8557,448928,204,22204,11783,269401,6468,359050,11990,628451,California
Riverside,2021-03-31,17935,982305,8369,501607,9267,458195,299,22503,11402,274619,6493,365543,11711,640162,California
Riverside,2021-04-01,25271,1007576,12368,513975,12161,470356,742,23245,16374,282886,8848,374391,17115,657277,California
Riverside,2021-04-02,25941,1033517,14013,527988,10999,481355,929,24174,16318,290788,9572,383963,17474,674751,California
Riverside,2021-04-03,9214,1042731,5881,533869,2773,484128,560,24734,5985,294118,3214,387177,6544,681295,California
Riverside,2021-04-04,3343,1046074,2045,535914,1079,485207,219,24953,1749,294498,1588,388765,1968,683263,California
Riverside,2021-04-05,18211,1064285,9372,545286,7022,492229,1817,26770,9844,297828,8335,397100,11665,694928,California
Riverside,2021-04-06,23544,1087829,12236,557522,9217,501446,2091,28861,13106,302630,10392,407492,15194,710122,California
Riverside,2021-04-07,24457,1112286,13166,570688,8837,510283,2454,31315,13630,307929,10786,418278,16085,726207,California
Riverside,2021-04-08,26889,1139175,14800,585488,9172,519455,2917,34232,16404,316808,10427,428705,19306,745513,California
Riverside,2021-04-09,25925,1165100,15297,600785,8243,527698,2385,36617,15852,325037,10029,438734,18258,763771,California
Riverside,2021-04-10,11822,1176922,6700,607485,3742,531440,1380,37997,5145,324923,6635,445369,6521,770292,California
Riverside,2021-04-11,4542,1181464,2716,610201,1236,532676,590,38587,2153,325289,2377,447746,2743,773035,California
Riverside,2021-04-12,19933,1201397,8877,619078,8480,541156,2576,41163,10028,328028,9866,457612,12605,785640,California
Riverside,2021-04-13,19822,1221219,11105,630183,8693,549849,24,41187,11329,330930,8453,466065,11355,796995,California
Riverside,2021-04-14,21931,1243150,12075,642258,9841,559690,15,41202,10739,330555,11132,477197,10757,807752,California
Riverside,2021-04-15,21520,1264670,12101,654359,9412,569102,7,41209,11282,331669,10177,487374,11291,819043,California
Riverside,2021-04-16,24842,1289512,14386,668745,10450,579552,6,41215,11588,330069,13201,500575,11601,830644,California
Riverside,2021-04-17,9820,1299332,6477,675222,3343,582895,0,41215,4959,330188,4846,505421,4965,835609,California
Riverside,2021-04-18,3853,1303185,2808,678030,1038,583933,7,41222,1839,330035,2001,507422,1848,837457,California
Riverside,2021-04-19,19359,1322544,11530,689560,7827,591760,2,41224,6925,324572,12396,519818,6933,844390,California
Riverside,2021-04-20,18717,1341261,9862,699422,8846,600606,9,41233,7651,321207,11029,530847,7664,852054,California
Riverside,2021-04-21,19356,1360617,11034,710456,8315,608921,7,41240,7632,317183,11670,542517,7646,859700,California
Riverside,2021-04-22,22743,1383360,13134,723590,9606,618527,3,41243,8440,311392,14238,556755,8447,868147,California
Riverside,2021-04-23,22912,1406272,13479,737069,9419,627946,14,41257,8881,306314,13981,570736,8903,877050,California
Riverside,2021-04-24,10411,1416683,7273,744342,3136,631082,2,41259,4841,305621,5537,576273,4844,881894,California
Riverside,2021-04-25,4208,1420891,2824,747166,1384,632466,0,41259,2205,305837,1990,578263,2206,884100,California
Riverside,2021-04-26,15706,1436597,9940,757106,5733,638199,33,41292,5251,300701,10422,588685,5286,889386,California
Riverside,2021-04-27,16790,1453387,9548,766654,7086,645285,156,41448,5764,295636,10985,599670,5920,895306,California
Riverside,2021-04-28,14959,1468346,8064,774718,6669,651954,226,41674,5060,291072,9850,609520,5286,900592,California
Riverside,2021-04-29,10922,1479268,6886,781604,3914,655868,122,41796,2776,285853,8114,617634,2895,903487,California
Sacramento,2020-12-15,315,315,315,315,0,0,0,0,315,315,0,0,315,315,California
Sacramento,2020-12-16,643,958,643,958,0,0,0,0,643,958,0,0,643,958,California
Sacramento,2020-12-17,645,1603,645,1603,0,0,0,0,645,1603,0,0,645,1603,California
Sacramento,2020-12-18,972,2575,972,2575,0,0,0,0,972,2575,0,0,972,2575,California
Sacramento,2020-12-19,612,3187,612,3187,0,0,0,0,612,3187,0,0,612,3187,California
Sacramento,2020-12-20,633,3820,633,3820,0,0,0,0,633,3820,0,0,633,3820,California
Sacramento,2020-12-21,1677,5497,1677,5497,0,0,0,0,1678,5498,0,0,1678,5498,California
Sacramento,2020-12-22,2095,7592,2063,7560,32,32,0,0,2095,7593,0,0,2095,7593,California
Sacramento,2020-12-23,2249,9841,2081,9641,168,200,0,0,2249,9842,0,0,2249,9842,California
Sacramento,2020-12-24,1046,10887,835,10476,211,411,0,0,1046,10888,0,0,1046,10888,California
Sacramento,2020-12-25,1,10888,0,10476,1,412,0,0,1,10889,0,0,1,10889,California
Sacramento,2020-12-26,509,11397,291,10767,218,630,0,0,509,11398,0,0,509,11398,California
Sacramento,2020-12-27,351,11748,247,11014,104,734,0,0,351,11749,0,0,351,11749,California
Sacramento,2020-12-28,1903,13651,1324,12338,579,1313,0,0,1902,13650,1,1,1902,13651,California
Sacramento,2020-12-29,1951,15602,1188,13526,763,2076,0,0,1951,15601,0,1,1951,15602,California
Sacramento,2020-12-30,2556,18158,1454,14980,1102,3178,0,0,2557,18158,0,1,2557,18159,California
Sacramento,2020-12-31,1229,19387,695,15675,534,3712,0,0,1230,19388,0,1,1230,19389,California
Sacramento,2021-01-01,80,19467,70,15745,10,3722,0,0,80,19468,0,1,80,19469,California
Sacramento,2021-01-02,563,20030,362,16107,201,3923,0,0,563,20031,0,1,563,20032,California
Sacramento,2021-01-03,410,20440,221,16328,189,4112,0,0,410,20441,0,1,410,20442,California
Sacramento,2021-01-04,1958,22398,845,17173,1113,5225,0,0,1956,22396,1,2,1956,22398,California
Sacramento,2021-01-05,2212,24610,986,18159,1226,6451,0,0,1858,23907,354,356,1865,24263,California
Sacramento,2021-01-06,2732,27342,1620,19779,1112,7563,0,0,1958,25094,771,1127,1958,26221,California
Sacramento,2021-01-07,2826,30168,1503,21282,1323,8886,0,0,1967,26205,856,1983,1967,28188,California
Sacramento,2021-01-08,3297,33465,2094,23376,1203,10089,0,0,2260,27433,1033,3016,2261,30449,California
Sacramento,2021-01-09,1286,34751,797,24173,489,10578,0,0,896,27941,388,3404,896,31345,California
Sacramento,2021-01-10,1245,35996,710,24883,535,11113,0,0,774,28246,470,3874,775,32120,California
Sacramento,2021-01-11,4347,40343,2957,27840,1390,12503,0,0,2411,28734,1935,5809,2423,34543,California
Sacramento,2021-01-12,4395,44738,3033,30873,1362,13865,0,0,2428,29200,1966,7775,2432,36975,California
Sacramento,2021-01-13,3787,48525,2173,33046,1614,15479,0,0,2374,30163,1412,9187,2375,39350,California
Sacramento,2021-01-14,4617,53142,2367,35413,2250,17729,0,0,3694,32938,919,10106,3694,43044,California
Sacramento,2021-01-15,4419,57561,2263,37676,2156,19885,0,0,3697,35915,721,10827,3698,46742,California
Sacramento,2021-01-16,2089,59650,1291,38967,798,20683,0,0,1872,37570,217,11044,1872,48614,California
Sacramento,2021-01-17,1637,61287,951,39918,686,21369,0,0,1459,38854,178,11222,1462,50076,California
Sacramento,2021-01-18,2860,64147,1767,41685,1093,22462,0,0,2333,40662,526,11748,2334,52410,California
Sacramento,2021-01-19,4996,69143,3052,44737,1944,24406,0,0,3727,43122,1269,13017,3729,56139,California
Sacramento,2021-01-20,4780,73923,2825,47562,1955,26361,0,0,3562,45469,1220,14237,3567,59706,California
Sacramento,2021-01-21,5187,79110,2989,50551,2198,28559,0,0,4224,48737,957,15194,4225,63931,California
Sacramento,2021-01-22,4976,84086,2651,53202,2325,30884,0,0,4675,53113,300,15494,4676,68607,California
Sacramento,2021-01-23,3728,87814,1559,54761,2169,33053,0,0,3271,55927,457,15951,3271,71878,California
Sacramento,2021-01-24,1587,89401,993,55754,594,33647,0,0,1346,57033,241,16192,1347,73225,California
Sacramento,2021-01-25,4358,93759,2109,57863,2249,35896,0,0,2942,58561,1416,17608,2944,76169,California
Sacramento,2021-01-26,4722,98481,2135,59998,2587,38483,0,0,3520,60883,1200,18808,3522,79691,California
Sacramento,2021-01-27,5802,104283,3049,63047,2753,41236,0,0,4198,63482,1601,20409,4200,83891,California
Sacramento,2021-01-28,5359,109642,2707,65754,2652,43888,0,0,4265,66655,1093,21502,4266,88157,California
Sacramento,2021-01-29,5397,115039,2937,68691,2460,46348,0,0,4373,70013,1015,22517,4373,92530,California
Sacramento,2021-01-30,4512,119551,2207,70898,2305,48653,0,0,4077,73657,433,22950,4077,96607,California
Sacramento,2021-01-31,2299,121850,2005,72903,294,48947,0,0,2024,75410,273,23223,2026,98633,California
Sacramento,2021-02-01,5906,127756,3012,75915,2894,51841,0,0,4245,77998,1657,24880,4245,102878,California
Sacramento,2021-02-02,6926,134682,3759,79674,3167,55008,0,0,4845,80782,2063,26943,4847,107725,California
Sacramento,2021-02-03,7090,141772,3551,83225,3539,58547,0,0,5230,84164,1850,28793,5232,112957,California
Sacramento,2021-02-04,7709,149481,3632,86857,4077,62624,0,0,5494,87453,2205,30998,5494,118451,California
Sacramento,2021-02-05,7797,157278,4444,91301,3353,65977,0,0,4868,89418,2906,33904,4871,123322,California
Sacramento,2021-02-06,8428,165706,3447,94748,4981,70958,0,0,7100,95195,1324,35228,7101,130423,California
Sacramento,2021-02-07,4061,169767,2178,96926,1883,72841,0,0,2842,96828,1211,36439,2844,133267,California
Sacramento,2021-02-08,6194,175961,3199,100125,2995,75836,0,0,3885,98408,2305,38744,3885,137152,California
Sacramento,2021-02-09,6801,182762,3591,103716,3210,79046,0,0,4010,99637,2782,41526,4011,141163,California
Sacramento,2021-02-10,7655,190417,4173,107889,3482,82528,0,0,4531,101060,3110,44636,4533,145696,California
Sacramento,2021-02-11,9571,199988,5736,113625,3835,86363,0,0,5550,102604,4008,48644,5552,151248,California
Sacramento,2021-02-12,10619,210607,4139,117764,6480,92843,0,0,6392,104822,4177,52821,6395,157643,California
Sacramento,2021-02-13,7603,218210,2991,120755,4612,97455,0,0,6020,109261,1581,54402,6020,163663,California
Sacramento,2021-02-14,3123,221333,1931,122686,1192,98647,0,0,2069,110282,1052,55454,2073,165736,California
Sacramento,2021-02-15,5971,227304,2038,124724,3933,102580,0,0,4157,112634,1807,57261,4159,169895,California
Sacramento,2021-02-16,9018,236322,4200,128924,4818,107398,0,0,5292,114211,3719,60980,5296,175191,California
Sacramento,2021-02-17,8815,245137,4970,133894,3845,111243,0,0,5130,115670,3673,64653,5132,180323,California
Sacramento,2021-02-18,9513,254650,5712,139606,3801,115044,0,0,5745,117657,3761,68414,5748,186071,California
Sacramento,2021-02-19,9993,264643,6130,145736,3863,118907,0,0,5905,119492,4075,72489,5910,191981,California
Sacramento,2021-02-20,7346,271989,5366,151102,1980,120887,0,0,4294,120743,3044,75533,4295,196276,California
Sacramento,2021-02-21,2908,274897,2314,153416,594,121481,0,0,1015,119873,1885,77418,1015,197291,California
Sacramento,2021-02-22,6176,281073,3738,157154,2438,123919,0,0,2677,119066,3488,80906,2681,199972,California
Sacramento,2021-02-23,7125,288198,4429,161583,2696,126615,0,0,3468,118896,3642,84548,3472,203444,California
Sacramento,2021-02-24,9626,297824,5290,166873,4336,130951,0,0,5269,119829,4341,88889,5274,208718,California
Sacramento,2021-02-25,10071,307895,5401,172274,4670,135621,0,0,5578,120928,4479,93368,5578,214296,California
Sacramento,2021-02-26,13879,321774,6450,178724,7429,143050,0,0,9557,126197,4292,97660,9561,223857,California
Sacramento,2021-02-27,10789,332563,6712,185436,4074,147124,3,3,7931,131292,2840,100500,7935,231792,California
Sacramento,2021-02-28,5596,338159,2211,187647,3385,150509,0,3,2584,130879,2998,103498,2585,234377,California
Sacramento,2021-03-01,8006,346165,3442,191089,4564,155073,0,3,4324,131544,3661,107159,4326,238703,California
Sacramento,2021-03-02,9225,355390,4008,195097,5216,160289,1,4,5661,133660,3549,110708,5665,244368,California
Sacramento,2021-03-03,10895,366285,4993,200090,5899,166188,3,7,6496,135780,4381,115089,6501,250869,California
Sacramento,2021-03-04,13384,379669,6146,206236,7234,173422,4,11,7450,137336,5904,120993,7460,258329,California
Sacramento,2021-03-05,10555,390224,4876,211112,5649,179071,30,41,7016,140864,3518,124511,7046,265375,California
Sacramento,2021-03-06,8071,398295,3092,214204,4857,183928,122,163,4086,141103,3968,128479,4207,269582,California
Sacramento,2021-03-07,7575,405870,2188,216392,5302,189230,85,248,3724,141063,3847,132326,3807,273389,California
Sacramento,2021-03-08,9086,414956,4232,220624,4630,193860,224,472,5948,144108,3125,135451,6170,279559,California
Sacramento,2021-03-09,9521,424477,4524,225148,4726,198586,271,743,5480,145833,4026,139477,5751,285310,California
Sacramento,2021-03-10,11652,436129,7472,232620,3852,202438,328,1071,6815,148176,4802,144279,7145,292455,California
Sacramento,2021-03-11,13856,449985,8887,241507,4181,206619,788,1859,8226,151597,5592,149871,9013,301468,California
Sacramento,2021-03-12,17237,467222,8297,249804,8108,214727,832,2691,8136,151524,9049,158920,8976,310444,California
Sacramento,2021-03-13,12939,480161,3568,253372,8949,223676,422,3113,8147,155312,4779,163699,8567,319011,California
Sacramento,2021-03-14,8360,488521,3455,256827,4278,227954,627,3740,4473,156547,3864,167563,5099,324110,California
Sacramento,2021-03-15,12133,500654,4812,261639,6679,234633,642,4382,7066,159211,5046,172609,7710,331820,California
Sacramento,2021-03-16,13938,514592,6191,267830,7110,241743,637,5019,8611,163161,5295,177904,9245,341065,California
Sacramento,2021-03-17,13537,528129,6560,274390,6367,248110,610,5629,8722,167710,4788,182692,9337,350402,California
Sacramento,2021-03-18,14008,542137,6590,280980,6854,254964,564,6193,9282,172857,4697,187389,9844,360246,California
Sacramento,2021-03-19,15046,557183,7460,288440,6217,261181,1369,7562,7619,174441,7403,194792,8987,369233,California
Sacramento,2021-03-20,12878,570061,7528,295968,5011,266192,339,7901,8168,178270,4680,199472,8509,377742,California
Sacramento,2021-03-21,5596,575657,2750,298718,2807,268999,39,7940,4947,182621,637,200109,4988,382730,California
Sacramento,2021-03-22,9251,584908,4777,303495,3708,272707,766,8706,6261,186686,2964,203073,7029,389759,California
Sacramento,2021-03-23,11290,596198,6728,310223,3754,276461,808,9514,7303,190846,3950,207023,8110,397869,California
Sacramento,2021-03-24,11819,608017,7257,317480,3931,280392,631,10145,6736,193213,5002,212025,7369,405238,California
Sacramento,2021-03-25,12540,620557,6830,324310,4903,285295,807,10952,7290,196099,5207,217232,8093,413331,California
Sacramento,2021-03-26,17578,638135,8303,332613,8787,294082,488,11440,8610,196297,8902,226134,9100,422431,California
Sacramento,2021-03-27,9643,647778,3546,336159,5812,299894,285,11725,5208,197383,4404,230538,5490,427921,California
Sacramento,2021-03-28,6494,654272,3210,339369,3036,302930,248,11973,3127,197405,3357,233895,3379,431300,California
Sacramento,2021-03-29,10976,665248,5883,345252,4723,307653,370,12343,5214,197257,5734,239629,5586,436886,California
Sacramento,2021-03-30,11786,677034,6056,351308,5354,313007,376,12719,6039,197946,5725,245354,6414,443300,California
Sacramento,2021-03-31,13340,690374,7811,359119,5133,318140,396,13115,5649,196318,7667,253021,6039,449339,California
Sacramento,2021-04-01,15580,705954,8713,367832,6647,324787,220,13335,5875,192747,9672,262693,6101,455440,California
Sacramento,2021-04-02,16496,722450,9177,377009,6595,331382,724,14059,8458,193921,8010,270703,9184,464624,California
Sacramento,2021-04-03,10340,732790,6161,383170,3632,335014,547,14606,6352,196858,3960,274663,6897,471521,California
Sacramento,2021-04-04,3645,736435,1516,384686,1942,336956,187,14793,1429,196259,2212,276875,1613,473134,California
Sacramento,2021-04-05,11981,748416,7522,392208,3630,340586,829,15622,5354,195844,6594,283469,6179,479313,California
Sacramento,2021-04-06,15468,763884,8813,401021,5333,345919,1322,16944,6851,195429,8587,292056,8172,487485,California
Sacramento,2021-04-07,14675,778559,7943,408964,5155,351074,1577,18521,7130,196613,7514,299570,8698,496183,California
Sacramento,2021-04-08,14857,793416,6680,415644,5229,356303,2948,21469,5912,196547,8915,308485,8849,505032,California
Sacramento,2021-04-09,15750,809166,7645,423289,5942,362245,2163,23632,6105,195201,9608,318093,8262,513294,California
Sacramento,2021-04-10,11626,820792,3103,426392,7471,369716,1052,24684,4585,193814,7017,325110,5630,518924,California
Sacramento,2021-04-11,9476,830268,3088,429480,6166,375882,222,24906,2593,189768,6860,331970,2814,521738,California
Sacramento,2021-04-12,12845,843113,4972,434452,6014,381896,1859,26765,4911,188641,7885,339855,6758,528496,California
Sacramento,2021-04-13,14205,857318,7912,442364,6289,388185,4,26769,5558,185586,8621,348476,5566,534062,California
Sacramento,2021-04-14,14060,871378,7123,449487,6935,395120,2,26771,5095,181752,8935,357411,5101,539163,California
Sacramento,2021-04-15,15152,886530,7432,456919,7718,402838,2,26773,6325,179287,8795,366206,6330,545493,California
Sacramento,2021-04-16,15951,902481,8239,465158,7712,410550,0,26773,7078,177532,8835,375041,7080,552573,California
Sacramento,2021-04-17,11941,914422,4395,469553,7546,418096,0,26773,7902,181414,4023,379064,7905,560478,California
Sacramento,2021-04-18,7223,921645,1929,471482,5294,423390,0,26773,3439,181082,3772,382836,3440,563918,California
Sacramento,2021-04-19,10510,932155,5687,477169,4821,428211,2,26775,4714,180024,5776,388612,4718,568636,California
Sacramento,2021-04-20,11058,943213,6714,483883,4341,432552,3,26778,5895,180779,5147,393759,5902,574538,California
Sacramento,2021-04-21,11428,954641,6602,490485,4824,437376,2,26780,6215,181809,5188,398947,6218,580756,California
Sacramento,2021-04-22,12274,966915,7406,497891,4865,442241,3,26783,6633,182831,5616,404563,6638,587394,California
Sacramento,2021-04-23,13772,980687,8339,506230,5433,447674,0,26783,6334,181760,7406,411969,6335,593729,California
Sacramento,2021-04-24,10106,990793,5996,512226,4109,451783,1,26784,5519,182731,4550,416519,5521,599250,California
Sacramento,2021-04-25,7961,998754,4473,516699,3488,455271,0,26784,4153,183088,3797,420316,4154,603404,California
Sacramento,2021-04-26,9801,1008555,6145,522844,3631,458902,25,26809,4462,182264,5312,425628,4488,607892,California
Sacramento,2021-04-27,11147,1019702,7341,530185,3686,462588,120,26929,5430,182126,5688,431316,5550,613442,California
Sacramento,2021-04-28,9297,1028999,5469,535654,3637,466225,191,27120,5006,183061,4268,435584,5203,618645,California
Sacramento,2021-04-29,5559,1034558,3759,539413,1658,467883,142,27262,2905,183471,2638,438222,3048,621693,California
San Benito,2020-12-16,2,2,2,2,0,0,0,0,2,2,0,0,2,2,California
San Benito,2020-12-17,8,10,8,10,0,0,0,0,8,10,0,0,8,10,California
San Benito,2020-12-18,32,42,32,42,0,0,0,0,32,42,0,0,32,42,California
San Benito,2020-12-19,47,89,47,89,0,0,0,0,47,89,0,0,47,89,California
San Benito,2020-12-20,22,111,21,110,1,1,0,0,22,111,0,0,22,111,California
San Benito,2020-12-21,48,159,48,158,0,1,0,0,48,159,0,0,48,159,California
San Benito,2020-12-22,65,224,65,223,0,1,0,0,65,224,0,0,65,224,California
San Benito,2020-12-23,48,272,36,259,12,13,0,0,48,272,0,0,48,272,California
San Benito,2020-12-24,12,284,4,263,8,21,0,0,12,284,0,0,12,284,California
San Benito,2020-12-25,4,288,4,267,0,21,0,0,4,288,0,0,4,288,California
San Benito,2020-12-26,13,301,4,271,9,30,0,0,13,301,0,0,13,301,California
San Benito,2020-12-27,8,309,7,278,1,31,0,0,8,309,0,0,8,309,California
San Benito,2020-12-28,63,372,36,314,27,58,0,0,63,372,0,0,63,372,California
San Benito,2020-12-29,49,421,20,334,29,87,0,0,49,421,0,0,49,421,California
San Benito,2020-12-30,59,480,37,371,22,109,0,0,59,480,0,0,59,480,California
San Benito,2020-12-31,19,499,2,373,17,126,0,0,19,499,0,0,19,499,California
San Benito,2021-01-02,25,524,24,397,1,127,0,0,25,524,0,0,25,524,California
San Benito,2021-01-03,3,527,1,398,2,129,0,0,3,527,0,0,3,527,California
San Benito,2021-01-04,62,589,23,421,39,168,0,0,62,589,0,0,62,589,California
San Benito,2021-01-05,118,707,36,457,82,250,0,0,115,701,3,3,115,704,California
San Benito,2021-01-06,97,804,42,499,55,305,0,0,83,770,14,17,83,787,California
San Benito,2021-01-07,80,884,43,542,37,342,0,0,52,794,28,45,52,839,California
San Benito,2021-01-08,129,1013,66,608,63,405,0,0,86,837,43,88,86,925,California
San Benito,2021-01-09,43,1056,30,638,13,418,0,0,29,852,14,102,29,954,California
San Benito,2021-01-10,15,1071,13,651,2,420,0,0,5,847,10,112,5,959,California
San Benito,2021-01-11,102,1173,59,710,43,463,0,0,49,843,53,165,49,1008,California
San Benito,2021-01-12,156,1329,53,763,103,566,0,0,120,927,36,201,120,1128,California
San Benito,2021-01-13,190,1519,35,798,155,721,0,0,163,1063,27,228,163,1291,California
San Benito,2021-01-14,116,1635,23,821,93,814,0,0,99,1145,17,245,99,1390,California
San Benito,2021-01-15,215,1850,21,842,194,1008,0,0,201,1332,14,259,201,1591,California
San Benito,2021-01-16,27,1877,9,851,18,1026,0,0,21,1347,6,265,21,1612,California
San Benito,2021-01-17,11,1888,5,856,6,1032,0,0,8,1352,3,268,8,1620,California
San Benito,2021-01-18,36,1924,23,879,13,1045,0,0,21,1358,15,283,21,1641,California
San Benito,2021-01-19,151,2075,64,943,87,1132,0,0,125,1457,26,309,125,1766,California
San Benito,2021-01-20,261,2336,80,1023,181,1313,0,0,215,1627,45,354,215,1981,California
San Benito,2021-01-21,124,2460,31,1054,93,1406,0,0,100,1703,24,378,100,2081,California
San Benito,2021-01-22,231,2691,19,1073,212,1618,0,0,221,1914,10,388,221,2302,California
San Benito,2021-01-23,31,2722,17,1090,14,1632,0,0,13,1909,18,406,13,2315,California
San Benito,2021-01-24,11,2733,3,1093,8,1640,0,0,7,1912,4,410,7,2322,California
San Benito,2021-01-25,67,2800,25,1118,42,1682,0,0,22,1889,45,455,22,2344,California
San Benito,2021-01-26,134,2934,41,1159,93,1775,0,0,81,1917,53,508,81,2425,California
San Benito,2021-01-27,230,3164,69,1228,161,1936,0,0,190,2067,40,548,190,2615,California
San Benito,2021-01-28,155,3319,32,1260,123,2059,0,0,123,2159,31,579,123,2738,California
San Benito,2021-01-29,284,3603,31,1291,253,2312,0,0,261,2398,22,601,261,2999,California
San Benito,2021-01-30,50,3653,31,1322,19,2331,0,0,28,2404,22,623,28,3027,California
San Benito,2021-01-31,16,3669,5,1327,11,2342,0,0,11,2410,5,628,11,3038,California
San Benito,2021-02-01,133,3802,28,1355,105,2447,0,0,89,2455,44,672,89,3127,California
San Benito,2021-02-02,226,4028,49,1404,177,2624,0,0,136,2501,90,762,136,3263,California
San Benito,2021-02-03,336,4364,42,1446,294,2918,0,0,272,2709,64,826,272,3535,California
San Benito,2021-02-04,162,4526,24,1470,138,3056,0,0,118,2783,44,870,118,3653,California
San Benito,2021-02-05,289,4815,40,1510,249,3305,0,0,227,2948,62,932,227,3880,California
San Benito,2021-02-06,49,4864,9,1519,40,3345,0,0,32,2963,17,949,32,3912,California
San Benito,2021-02-07,15,4879,7,1526,8,3353,0,0,14,2976,1,950,14,3926,California
San Benito,2021-02-08,138,5017,15,1541,123,3476,0,0,92,3022,46,996,92,4018,California
San Benito,2021-02-09,326,5343,64,1605,262,3738,0,0,194,3084,132,1128,194,4212,California
San Benito,2021-02-10,319,5662,88,1693,231,3969,0,0,124,3014,194,1322,124,4336,California
San Benito,2021-02-11,296,5958,32,1725,264,4233,0,0,198,3114,98,1420,198,4534,California
San Benito,2021-02-12,412,6370,30,1755,382,4615,0,0,207,3117,204,1624,207,4741,California
San Benito,2021-02-13,57,6427,8,1763,49,4664,0,0,43,3146,14,1638,43,4784,California
San Benito,2021-02-14,40,6467,5,1768,35,4699,0,0,30,3166,10,1648,30,4814,California
San Benito,2021-02-15,106,6573,9,1777,97,4796,0,0,95,3250,11,1659,95,4909,California
San Benito,2021-02-16,205,6778,11,1788,194,4990,0,0,101,3247,104,1763,101,5010,California
San Benito,2021-02-17,327,7105,30,1818,297,5287,0,0,278,3476,49,1812,278,5288,California
San Benito,2021-02-18,293,7398,38,1856,255,5542,0,0,72,3327,221,2033,72,5360,California
San Benito,2021-02-19,342,7740,45,1901,297,5839,0,0,177,3339,165,2198,177,5537,California
San Benito,2021-02-20,45,7785,26,1927,19,5858,0,0,36,3366,9,2207,36,5573,California
San Benito,2021-02-21,23,7808,8,1935,15,5873,0,0,14,3371,9,2216,14,5587,California
San Benito,2021-02-22,132,7940,36,1971,96,5969,0,0,98,3436,33,2249,98,5685,California
San Benito,2021-02-23,374,8314,92,2063,282,6251,0,0,262,3586,112,2361,262,5947,California
San Benito,2021-02-24,376,8690,63,2126,313,6564,0,0,236,3682,140,2501,236,6183,California
San Benito,2021-02-25,392,9082,63,2189,329,6893,0,0,271,3830,123,2624,271,6454,California
San Benito,2021-02-26,640,9722,72,2261,568,7461,0,0,397,3984,243,2867,397,6851,California
San Benito,2021-02-27,98,9820,36,2297,62,7523,0,0,83,4052,15,2882,83,6934,California
San Benito,2021-02-28,248,10068,24,2321,224,7747,0,0,239,4282,9,2891,239,7173,California
San Benito,2021-03-01,224,10292,59,2380,165,7912,0,0,155,4367,70,2961,155,7328,California
San Benito,2021-03-02,275,10567,90,2470,185,8097,0,0,205,4502,70,3031,205,7533,California
San Benito,2021-03-03,392,10959,58,2528,334,8431,0,0,216,4544,174,3205,216,7749,California
San Benito,2021-03-04,610,11569,124,2652,471,8902,15,15,429,4796,181,3386,433,8182,California
San Benito,2021-03-05,582,12151,305,2957,264,9166,13,28,373,4974,208,3594,386,8568,California
San Benito,2021-03-06,190,12341,66,3023,110,9276,14,42,139,5076,51,3645,153,8721,California
San Benito,2021-03-07,647,12988,603,3626,22,9298,22,64,615,5681,32,3677,637,9358,California
San Benito,2021-03-08,288,13276,65,3691,177,9475,46,110,167,5773,121,3798,213,9571,California
San Benito,2021-03-09,423,13699,84,3775,240,9715,99,209,137,5697,285,4083,209,9780,California
San Benito,2021-03-10,402,14101,114,3889,193,9908,95,304,232,5854,170,4253,327,10107,California
San Benito,2021-03-11,466,14567,119,4008,195,10103,152,456,206,5952,260,4513,358,10465,California
San Benito,2021-03-12,511,15078,117,4125,300,10403,94,550,229,5996,280,4793,324,10789,California
San Benito,2021-03-13,202,15280,102,4227,82,10485,18,568,128,6071,71,4864,146,10935,California
San Benito,2021-03-14,232,15512,40,4267,172,10657,20,588,180,6220,51,4915,200,11135,California
San Benito,2021-03-15,324,15836,99,4366,206,10863,19,607,190,6295,134,5049,209,11344,California
San Benito,2021-03-16,496,16332,218,4584,247,11110,31,638,349,6527,147,5196,379,11723,California
San Benito,2021-03-17,785,17117,475,5059,289,11399,21,659,559,6877,222,5418,572,12295,California
San Benito,2021-03-18,786,17903,524,5583,207,11606,55,714,572,7283,212,5630,618,12913,California
San Benito,2021-03-19,777,18680,404,5987,350,11956,23,737,577,7683,200,5830,600,13513,California
San Benito,2021-03-20,239,18919,147,6134,80,12036,12,749,183,7822,56,5886,195,13708,California
San Benito,2021-03-21,108,19027,56,6190,47,12083,5,754,81,7881,27,5913,86,13794,California
San Benito,2021-03-22,344,19371,171,6361,148,12231,25,779,221,8004,123,6036,246,14040,California
San Benito,2021-03-23,475,19846,197,6558,268,12499,10,789,215,7968,260,6296,224,14264,California
San Benito,2021-03-24,574,20420,304,6862,263,12762,7,796,359,8120,214,6510,366,14630,California
San Benito,2021-03-25,741,21161,440,7302,297,13059,4,800,443,8272,295,6805,447,15077,California
San Benito,2021-03-26,999,22160,517,7819,479,13538,3,803,331,7939,667,7472,334,15411,California
San Benito,2021-03-27,332,22492,184,8003,115,13653,33,836,215,8071,116,7588,248,15659,California
San Benito,2021-03-28,692,23184,570,8573,117,13770,5,841,126,7636,566,8154,131,15790,California
San Benito,2021-03-29,344,23528,110,8683,214,13984,20,861,149,7609,195,8349,168,15958,California
San Benito,2021-03-30,571,24099,268,8951,209,14193,94,955,288,7708,283,8632,382,16340,California
San Benito,2021-03-31,582,24681,356,9307,202,14395,24,979,335,7822,245,8877,359,16699,California
San Benito,2021-04-01,930,25611,372,9679,520,14915,38,1017,554,8033,375,9252,586,17285,California
San Benito,2021-04-02,540,26151,264,9943,141,15056,135,1152,267,8162,273,9525,402,17687,California
San Benito,2021-04-03,252,26403,87,10030,103,15159,62,1214,74,8120,178,9703,136,17823,California
San Benito,2021-04-04,143,26546,108,10138,30,15189,5,1219,106,8194,37,9740,111,17934,California
San Benito,2021-04-05,351,26897,171,10309,138,15327,42,1261,143,8170,208,9948,184,18118,California
San Benito,2021-04-06,454,27351,157,10466,123,15450,174,1435,157,8204,297,10245,331,18449,California
San Benito,2021-04-07,922,28273,520,10986,212,15662,190,1625,253,7979,668,10913,443,18892,California
San Benito,2021-04-08,847,29120,425,11411,172,15834,250,1875,215,7813,631,11544,465,19357,California
San Benito,2021-04-09,838,29958,497,11908,250,16084,91,1966,289,7644,549,12093,380,19737,California
San Benito,2021-04-10,319,30277,191,12099,71,16155,57,2023,174,7730,145,12238,231,19968,California
San Benito,2021-04-11,469,30746,269,12368,167,16322,33,2056,243,7779,226,12464,275,20243,California
San Benito,2021-04-12,523,31269,283,12651,129,16451,111,2167,272,7909,250,12714,380,20623,California
San Benito,2021-04-13,750,32019,290,12941,437,16888,23,2190,522,8228,227,12941,546,21169,California
San Benito,2021-04-14,835,32854,658,13599,177,17065,0,2190,400,8198,430,13371,400,21569,California
San Benito,2021-04-15,922,33776,720,14319,201,17266,1,2191,452,8182,469,13840,453,22022,California
San Benito,2021-04-16,694,34470,363,14682,322,17588,9,2200,291,8082,400,14240,300,22322,California
San Benito,2021-04-17,312,34782,227,14909,85,17673,0,2200,127,8024,185,14425,127,22449,California
San Benito,2021-04-18,491,35273,410,15319,81,17754,0,2200,241,8016,250,14675,242,22691,California
San Benito,2021-04-19,727,36000,586,15905,141,17895,0,2200,411,8113,315,14990,412,23103,California
San Benito,2021-04-20,746,36746,398,16303,347,18242,1,2201,475,8322,266,15256,475,23578,California
San Benito,2021-04-21,953,37699,703,17006,250,18492,0,2201,522,8427,417,15673,522,24100,California
San Benito,2021-04-22,889,38588,687,17693,202,18694,0,2201,565,8676,316,15989,565,24665,California
San Benito,2021-04-23,623,39211,394,18087,228,18922,1,2202,338,8779,236,16225,339,25004,California
San Benito,2021-04-24,346,39557,196,18283,150,19072,0,2202,158,8789,148,16373,158,25162,California
San Benito,2021-04-25,196,39753,119,18402,77,19149,0,2202,85,8782,92,16465,85,25247,California
San Benito,2021-04-26,457,40210,361,18763,96,19245,0,2202,239,8863,158,16623,239,25486,California
San Benito,2021-04-27,501,40711,245,19008,249,19494,7,2209,379,9137,112,16735,386,25872,California
San Benito,2021-04-28,493,41204,349,19357,135,19629,9,2218,340,9337,148,16883,348,26220,California
San Benito,2021-04-29,391,41595,99,19456,291,19920,1,2219,131,9224,260,17143,147,26367,California
San Bernardino,2020-12-15,13,13,13,13,0,0,0,0,13,13,0,0,13,13,California
San Bernardino,2020-12-16,107,120,107,120,0,0,0,0,107,120,0,0,107,120,California
San Bernardino,2020-12-17,2352,2472,2352,2472,0,0,0,0,2352,2472,0,0,2352,2472,California
San Bernardino,2020-12-18,3143,5615,3140,5612,3,3,0,0,3144,5616,0,0,3144,5616,California
San Bernardino,2020-12-19,1070,6685,1069,6681,1,4,0,0,1071,6687,0,0,1071,6687,California
San Bernardino,2020-12-20,1174,7859,1172,7853,2,6,0,0,1174,7861,0,0,1174,7861,California
San Bernardino,2020-12-21,2451,10310,2446,10299,5,11,0,0,2451,10312,0,0,2451,10312,California
San Bernardino,2020-12-22,2269,12579,2143,12442,126,137,0,0,2270,12582,0,0,2270,12582,California
San Bernardino,2020-12-23,2648,15227,1455,13897,1193,1330,0,0,2647,15229,0,0,2647,15229,California
San Bernardino,2020-12-24,1157,16384,582,14479,575,1905,0,0,1159,16388,0,0,1159,16388,California
San Bernardino,2020-12-25,74,16458,14,14493,60,1965,0,0,74,16462,0,0,74,16462,California
San Bernardino,2020-12-26,462,16920,254,14747,208,2173,0,0,462,16924,0,0,462,16924,California
San Bernardino,2020-12-27,343,17263,160,14907,183,2356,0,0,343,17267,0,0,343,17267,California
San Bernardino,2020-12-28,1567,18830,712,15619,855,3211,0,0,1568,18835,0,0,1568,18835,California
San Bernardino,2020-12-29,2211,21041,1042,16661,1169,4380,0,0,2211,21046,0,0,2211,21046,California
San Bernardino,2020-12-30,2893,23934,1459,18120,1434,5814,0,0,2894,23940,0,0,2894,23940,California
San Bernardino,2020-12-31,1358,25292,440,18560,918,6732,0,0,1356,25296,0,0,1356,25296,California
San Bernardino,2021-01-01,281,25573,150,18710,131,6863,0,0,280,25576,0,0,280,25576,California
San Bernardino,2021-01-02,475,26048,338,19048,137,7000,0,0,475,26051,0,0,475,26051,California
San Bernardino,2021-01-03,135,26183,85,19133,50,7050,0,0,135,26186,0,0,135,26186,California
San Bernardino,2021-01-04,2120,28303,1287,20420,833,7883,0,0,2119,28305,0,0,2119,28305,California
San Bernardino,2021-01-05,2328,30631,1458,21878,870,8753,0,0,2218,30414,109,109,2218,30523,California
San Bernardino,2021-01-06,3431,34062,2352,24230,1079,9832,0,0,2937,32864,488,597,2938,33461,California
San Bernardino,2021-01-07,5415,39477,4503,28733,912,10744,0,0,2482,32432,2914,3511,2482,35943,California
San Bernardino,2021-01-08,5366,44843,4445,33178,921,11665,0,0,2291,31653,3071,6582,2292,38235,California
San Bernardino,2021-01-09,1398,46241,1099,34277,299,11964,0,0,902,32059,496,7078,902,39137,California
San Bernardino,2021-01-10,1021,47262,597,34874,424,12388,0,0,574,32186,447,7525,574,39711,California
San Bernardino,2021-01-11,4979,52241,4074,38948,905,13293,0,0,2765,32740,2211,9736,2765,42476,California
San Bernardino,2021-01-12,4228,56469,3218,42166,1010,14303,0,0,2515,33543,1712,11448,2515,44991,California
San Bernardino,2021-01-13,4553,61022,2848,45014,1705,16008,0,0,3330,35664,1210,12658,3331,48322,California
San Bernardino,2021-01-14,4747,65769,2776,47790,1971,17979,0,0,4164,39249,579,13237,4164,52486,California
San Bernardino,2021-01-15,5980,71749,2976,50766,3004,20983,0,0,5584,44450,386,13623,5587,58073,California
San Bernardino,2021-01-16,2258,74007,1293,52059,965,21948,0,0,2116,46424,142,13765,2116,60189,California
San Bernardino,2021-01-17,1188,75195,514,52573,674,22622,0,0,1098,47435,89,13854,1100,61289,California
San Bernardino,2021-01-18,4268,79463,2638,55211,1630,24252,0,0,3647,50465,620,14474,3650,64939,California
San Bernardino,2021-01-19,6301,85764,3707,58918,2594,26846,0,0,5210,54588,1089,15563,5212,70151,California
San Bernardino,2021-01-20,6801,92565,3734,62652,3067,29913,0,0,4872,57541,1921,17484,4874,75025,California
San Bernardino,2021-01-21,5978,98543,3077,65729,2901,32814,0,0,4863,61301,1106,18590,4866,79891,California
San Bernardino,2021-01-22,6502,105045,3034,68763,3468,36282,0,0,5781,66364,719,19309,5782,85673,California
San Bernardino,2021-01-23,3105,108150,1889,70652,1216,37498,0,0,2717,68694,387,19696,2717,88390,California
San Bernardino,2021-01-24,1195,109345,462,71114,733,38231,0,0,1094,69687,101,19797,1094,89484,California
San Bernardino,2021-01-25,6867,116212,3396,74510,3471,41702,0,0,5019,72863,1846,21643,5022,94506,California
San Bernardino,2021-01-26,7104,123316,3567,78077,3537,45239,0,0,5008,75776,2096,23739,5009,99515,California
San Bernardino,2021-01-27,8393,131709,4145,82222,4248,49487,0,0,5690,78771,2695,26434,5690,105205,California
San Bernardino,2021-01-28,8585,140294,4079,86301,4506,53993,0,0,6260,82711,2320,28754,6260,111465,California
San Bernardino,2021-01-29,8179,148473,3768,90069,4411,58404,0,0,6212,86971,1953,30707,6213,117678,California
San Bernardino,2021-01-30,3090,151563,1901,91970,1189,59593,0,0,2804,89490,285,30992,2804,120482,California
San Bernardino,2021-01-31,922,152485,493,92463,429,60022,0,0,868,90305,53,31045,868,121350,California
San Bernardino,2021-02-01,7539,160024,4229,96692,3310,63332,0,0,4924,92617,2612,33657,4924,126274,California
San Bernardino,2021-02-02,10402,170426,3651,100343,6751,70083,0,0,8355,98930,2043,35700,8356,134630,California
San Bernardino,2021-02-03,8979,179405,4145,104488,4834,74917,0,0,6490,102940,2481,38181,6491,141121,California
San Bernardino,2021-02-04,10507,189912,5191,109679,5316,80233,0,0,7436,107316,3060,41241,7436,148557,California
San Bernardino,2021-02-05,10982,200894,5911,115590,5071,85304,0,0,7460,111266,3511,44752,7461,156018,California
San Bernardino,2021-02-06,5252,206146,2205,117795,3047,88351,0,0,3616,113274,1611,46363,3619,159637,California
San Bernardino,2021-02-07,843,206989,490,118285,353,88704,0,0,466,113367,374,46737,467,160104,California
San Bernardino,2021-02-08,7274,214263,3877,122162,3397,92101,0,0,5608,117312,1663,48400,5608,165712,California
San Bernardino,2021-02-09,9896,224159,5813,127975,4083,96184,0,0,6672,120765,3222,51622,6675,172387,California
San Bernardino,2021-02-10,12005,236164,6531,134506,5474,101658,0,0,7839,124450,4155,55777,7840,180227,California
San Bernardino,2021-02-11,12324,248488,7107,141613,5217,106875,0,0,7882,127915,4420,60197,7885,188112,California
San Bernardino,2021-02-12,10342,258830,5926,147539,4416,111291,0,0,5688,128963,4640,64837,5688,193800,California
San Bernardino,2021-02-13,6019,264849,4000,151539,2019,113310,0,0,3782,130529,2221,67058,3787,197587,California
San Bernardino,2021-02-14,1549,266398,650,152189,899,114209,0,0,871,130730,670,67728,871,198458,California
San Bernardino,2021-02-15,5454,271852,2994,155183,2460,116669,0,0,3054,131398,2386,70114,3054,201512,California
San Bernardino,2021-02-16,12591,284443,7370,162553,5221,121890,0,0,7968,134757,4610,74724,7969,209481,California
San Bernardino,2021-02-17,11778,296221,6451,169004,5327,127217,0,0,7136,137270,4625,79349,7138,216619,California
San Bernardino,2021-02-18,12452,308673,7588,176592,4864,132081,0,0,7706,140246,4731,84080,7707,224326,California
San Bernardino,2021-02-19,11465,320138,5905,182497,5560,137641,0,0,6779,142357,4668,88748,6779,231105,California
San Bernardino,2021-02-20,4495,324633,3449,185946,1046,138687,0,0,2039,141943,2454,91202,2040,233145,California
San Bernardino,2021-02-21,1022,325655,567,186513,455,139142,0,0,326,141573,696,91898,326,233471,California
San Bernardino,2021-02-22,8618,334273,5319,191832,3299,142441,0,0,4028,141023,4579,96477,4029,237500,California
San Bernardino,2021-02-23,9084,343357,5417,197249,3667,146108,0,0,4568,141105,4486,100963,4568,242068,California
San Bernardino,2021-02-24,12338,355695,7142,204391,5196,151304,0,0,6077,140947,6236,107199,6078,248146,California
San Bernardino,2021-02-25,12985,368680,6263,210654,6722,158026,0,0,7555,143093,5412,112611,7558,255704,California
San Bernardino,2021-02-26,13541,382221,6370,217024,7171,165197,0,0,7538,144692,5942,118553,7541,263245,California
San Bernardino,2021-02-27,6604,388825,3673,220697,2930,168127,1,1,4785,147669,1809,120362,4786,268031,California
San Bernardino,2021-02-28,1734,390559,707,221404,1027,169154,0,1,1121,148182,608,120970,1121,269152,California
San Bernardino,2021-03-01,8386,398945,4322,225726,4062,173216,2,3,3820,147468,4544,125514,3830,272982,California
San Bernardino,2021-03-02,13628,412573,5351,231077,8277,181493,0,3,6419,146707,7183,132697,6422,279404,California
San Bernardino,2021-03-03,12651,425224,6428,237505,6221,187714,2,5,5863,145808,6769,139466,5870,285274,California
San Bernardino,2021-03-04,13649,438873,6858,244363,6791,194505,0,5,5930,144043,7698,147164,5933,291207,California
San Bernardino,2021-03-05,14138,453011,7309,251672,6828,201333,1,6,6837,143627,7272,154436,6856,298063,California
San Bernardino,2021-03-06,9558,462569,5310,256982,4033,205366,215,221,4441,143180,5102,159538,4655,302718,California
San Bernardino,2021-03-07,1569,464138,925,257907,589,205955,55,276,999,143666,568,160106,1054,303772,California
San Bernardino,2021-03-08,7962,472100,3493,261400,4309,210264,160,436,3505,142883,4451,164557,3668,307440,California
San Bernardino,2021-03-09,12590,484690,7024,268424,5322,215586,244,680,4857,140265,7720,172277,5102,312542,California
San Bernardino,2021-03-10,13978,498668,7675,276099,5774,221360,529,1209,6184,139215,7768,180045,6718,319260,California
San Bernardino,2021-03-11,15192,513860,7117,283216,6535,227895,1540,2749,7255,140089,7917,187962,8791,328051,California
San Bernardino,2021-03-12,15233,529093,6796,290012,6414,234309,2023,4772,7274,141501,7931,195893,9343,337394,California
San Bernardino,2021-03-13,8270,537363,4494,294506,3267,237576,509,5281,4899,143549,3361,199254,5409,342803,California
San Bernardino,2021-03-14,3213,540576,1609,296115,1032,238608,572,5853,1835,144578,1372,200626,2401,345204,California
San Bernardino,2021-03-15,11279,551855,5315,301430,3963,242571,2001,7854,5532,146370,5738,206364,7530,352734,California
San Bernardino,2021-03-16,16007,567862,7909,309339,7155,249726,943,8797,9759,150845,6224,212588,10699,363433,California
San Bernardino,2021-03-17,16947,584809,8462,317801,7737,257463,748,9545,10156,154976,6774,219362,10905,374338,California
San Bernardino,2021-03-18,16281,601090,8070,325871,7826,265289,385,9930,9565,158236,6690,226052,9950,384288,California
San Bernardino,2021-03-19,16760,617850,8295,334166,7879,273168,586,10516,9593,161326,7143,233195,10233,394521,California
San Bernardino,2021-03-20,9365,627215,5906,340072,2876,276044,583,11099,5557,163679,3784,236979,6137,400658,California
San Bernardino,2021-03-21,2749,629964,2238,342310,464,276508,47,11146,2228,165445,509,237488,2275,402933,California
San Bernardino,2021-03-22,9551,639515,4490,346800,4627,281135,434,11580,6933,170210,2602,240090,7367,410300,California
San Bernardino,2021-03-23,15394,654909,8741,355541,6031,287166,622,12202,9636,174729,5738,245828,10257,420557,California
San Bernardino,2021-03-24,14958,669867,7763,363304,6896,294062,299,12501,9974,180053,4950,250778,10274,430831,California
San Bernardino,2021-03-25,16847,686714,8286,371590,8265,302327,296,12797,10711,184966,6090,256868,11003,441834,California
San Bernardino,2021-03-26,17896,704610,8580,380170,8549,310876,767,13564,10878,189622,6989,263857,11645,453479,California
San Bernardino,2021-03-27,10703,715313,6891,387061,3063,313939,749,14313,6143,191968,4545,268402,6891,460370,California
San Bernardino,2021-03-28,3526,718839,2473,389534,940,314879,113,14426,2489,193539,1030,269432,2601,462971,California
San Bernardino,2021-03-29,11614,730453,6064,395598,5153,320032,397,14823,7925,198188,3673,273105,8322,471293,California
San Bernardino,2021-03-30,16770,747223,9409,405007,6654,326686,707,15530,10792,203736,5945,279050,11493,482786,California
San Bernardino,2021-03-31,16139,763362,9135,414142,6397,333083,607,16137,10818,209862,5297,284347,11423,494209,California
San Bernardino,2021-04-01,19380,782742,10234,424376,7791,340874,1355,17492,12506,216873,6842,291189,13853,508062,California
San Bernardino,2021-04-02,18515,801257,9320,433696,7925,348799,1270,18762,11207,222108,7282,298471,12517,520579,California
San Bernardino,2021-04-03,10901,812158,6816,440512,2962,351761,1123,19885,5973,224289,4912,303383,7093,527672,California
San Bernardino,2021-04-04,2451,814609,1485,441997,720,352481,246,20131,1258,224604,1188,304571,1503,529175,California
San Bernardino,2021-04-05,11660,826269,5237,447234,4699,357180,1724,21855,5982,226650,5657,310228,7703,536878,California
San Bernardino,2021-04-06,19568,845837,10999,458233,6481,363661,2088,23943,10390,229985,9142,319370,12477,549355,California
San Bernardino,2021-04-07,20711,866548,11068,469301,7196,370857,2447,26390,11332,234400,9352,328722,13767,563122,California
San Bernardino,2021-04-08,21551,888099,11038,480339,7924,378781,2589,28979,11933,239328,9589,338311,14517,577639,California
San Bernardino,2021-04-09,21424,909523,10871,491210,8021,386802,2532,31511,11671,243803,9720,348031,14195,591834,California
San Bernardino,2021-04-10,15508,925031,8040,499250,3792,390594,3676,35187,7718,247419,7769,355800,11385,603219,California
San Bernardino,2021-04-11,4373,929404,2552,501802,882,391476,939,36126,2024,248037,2343,358143,2961,606180,California
San Bernardino,2021-04-12,13258,942662,6144,507946,5484,396960,1630,37756,6275,248976,6964,365107,7903,614083,California
San Bernardino,2021-04-13,19130,961792,10919,518865,8193,405153,18,37774,10959,251807,8147,373254,10978,625061,California
San Bernardino,2021-04-14,18929,980721,10239,529104,8687,413840,3,37777,10831,254573,8069,381323,10835,635896,California
San Bernardino,2021-04-15,19959,1000680,11156,540260,8800,422640,3,37780,10628,255912,9295,390618,10634,646530,California
San Bernardino,2021-04-16,18414,1019094,10495,550755,7918,430558,1,37781,9121,255778,9255,399873,9121,655651,California
San Bernardino,2021-04-17,11829,1030923,7817,558572,4012,434570,0,37781,6218,256414,5582,405455,6218,661869,California
San Bernardino,2021-04-18,2869,1033792,1965,560537,904,435474,0,37781,1309,256174,1549,407004,1309,663178,California
San Bernardino,2021-04-19,12402,1046194,6614,567151,5788,441262,0,37781,4801,253398,7581,414585,4805,667983,California
San Bernardino,2021-04-20,17448,1063642,9752,576903,7693,448955,3,37784,8001,251975,9427,424012,8004,675987,California
San Bernardino,2021-04-21,17831,1081473,10268,587171,7561,456516,2,37786,7937,250072,9842,433854,7939,683926,California
San Bernardino,2021-04-22,18855,1100328,10783,597954,8068,464584,4,37790,7789,246849,11016,444870,7793,691719,California
San Bernardino,2021-04-23,18079,1118407,10320,608274,7757,472341,2,37792,7890,244599,10144,455014,7894,699613,California
San Bernardino,2021-04-24,12748,1131155,9436,617710,3310,475651,2,37794,6885,245641,5845,460859,6887,706500,California
San Bernardino,2021-04-25,3406,1134561,2236,619946,1170,476821,0,37794,1692,245633,1701,462560,1693,708193,California
San Bernardino,2021-04-26,9912,1144473,5315,625261,4510,481331,87,37881,4264,244367,5616,468176,4350,712543,California
San Bernardino,2021-04-27,15294,1159767,9164,634425,5964,487295,166,38047,6231,241740,9024,477200,6397,718940,California
San Bernardino,2021-04-28,13460,1173227,8092,642517,5106,492401,262,38309,4860,238286,8574,485774,5120,724060,California
San Bernardino,2021-04-29,8383,1181610,4936,647453,3327,495728,120,38429,2642,235330,5716,491490,2760,726820,California
San Diego,2020-12-15,119,119,119,119,0,0,0,0,119,119,0,0,119,119,California
San Diego,2020-12-16,1102,1221,1102,1221,0,0,0,0,1102,1221,0,0,1102,1221,California
San Diego,2020-12-17,2349,3570,2349,3570,0,0,0,0,2349,3570,0,0,2349,3570,California
San Diego,2020-12-18,3671,7241,3670,7240,1,1,0,0,3671,7241,0,0,3671,7241,California
San Diego,2020-12-19,2310,9551,2310,9550,0,1,0,0,2310,9551,0,0,2310,9551,California
San Diego,2020-12-20,1184,10735,1183,10733,1,2,0,0,1184,10735,0,0,1184,10735,California
San Diego,2020-12-21,3523,14258,3522,14255,1,3,0,0,3523,14258,0,0,3523,14258,California
San Diego,2020-12-22,4057,18315,3414,17669,643,646,0,0,4057,18315,0,0,4057,18315,California
San Diego,2020-12-23,3179,21494,1976,19645,1203,1849,0,0,3179,21494,0,0,3179,21494,California
San Diego,2020-12-24,2737,24231,2220,21865,517,2366,0,0,2737,24231,0,0,2737,24231,California
San Diego,2020-12-25,874,25105,873,22738,1,2367,0,0,874,25105,0,0,874,25105,California
San Diego,2020-12-26,3295,28400,2144,24882,1151,3518,0,0,3295,28400,0,0,3295,28400,California
San Diego,2020-12-27,2509,30909,1617,26499,892,4410,0,0,2508,30907,1,1,2508,30908,California
San Diego,2020-12-28,5901,36810,4213,30712,1688,6098,0,0,5901,36808,0,1,5901,36809,California
San Diego,2020-12-29,5591,42401,3015,33727,2576,8674,0,0,5591,42399,0,1,5591,42400,California
San Diego,2020-12-30,5952,48353,3107,36834,2845,11519,0,0,5952,48351,0,1,5952,48352,California
San Diego,2020-12-31,3036,51389,1052,37886,1984,13503,0,0,3036,51387,0,1,3036,51388,California
San Diego,2021-01-01,1006,52395,452,38338,554,14057,0,0,1005,52392,0,1,1005,52393,California
San Diego,2021-01-02,3762,56157,1320,39658,2442,16499,0,0,3762,56154,0,1,3762,56155,California
San Diego,2021-01-03,859,57016,632,40290,227,16726,0,0,858,57012,0,1,858,57013,California
San Diego,2021-01-04,3703,60719,2052,42342,1651,18377,0,0,3696,60708,0,1,3696,60709,California
San Diego,2021-01-05,4309,65028,2121,44463,2188,20565,0,0,3692,63799,613,614,3704,64413,California
San Diego,2021-01-06,4946,69974,2299,46762,2647,23212,0,0,3711,66302,1212,1826,3715,68128,California
San Diego,2021-01-07,5609,75583,2982,49744,2627,25839,0,0,3453,67612,2149,3975,3459,71587,California
San Diego,2021-01-08,7721,83304,4958,54702,2763,28602,0,0,3935,67794,3769,7744,3951,75538,California
San Diego,2021-01-09,2957,86261,1555,56257,1402,30004,0,0,1788,68431,1159,8903,1796,77334,California
San Diego,2021-01-10,1882,88143,1293,57550,589,30593,0,0,779,68128,1091,9994,788,78122,California
San Diego,2021-01-11,10332,98475,5860,63410,4472,35065,0,0,6805,71429,3520,13514,6821,84943,California
San Diego,2021-01-12,11205,109680,5317,68727,5888,40953,0,0,7831,76008,3365,16879,7944,92887,California
San Diego,2021-01-13,11479,121159,5025,73752,6454,47407,0,0,8932,82429,2534,19413,8955,101842,California
San Diego,2021-01-14,12368,133527,4753,78505,7615,55022,0,0,10200,90504,2159,21572,10234,112076,California
San Diego,2021-01-15,15125,148652,5353,83858,9772,64794,0,0,12485,100420,2621,24193,12537,124613,California
San Diego,2021-01-16,10771,159423,3595,87453,7176,71970,0,0,9325,108335,1441,25634,9356,133969,California
San Diego,2021-01-17,8683,168106,2500,89953,6183,78153,0,0,7844,115359,839,26473,7863,141832,California
San Diego,2021-01-18,12501,180607,5941,95894,6560,84713,0,0,9671,122293,2791,29264,9725,151557,California
San Diego,2021-01-19,14755,195362,5825,101719,8930,93643,0,0,11624,131059,3117,32381,11883,163440,California
San Diego,2021-01-20,18329,213691,6387,108106,11942,105585,0,0,15008,142941,3300,35681,15182,178622,California
San Diego,2021-01-21,17407,231098,5898,114004,11509,117094,0,0,16014,157721,1382,37063,16162,194784,California
San Diego,2021-01-22,17676,248774,4753,118757,12923,130017,0,0,15620,171397,2043,39106,15719,210503,California
San Diego,2021-01-23,14478,263252,5270,124027,9208,139225,0,0,12117,181222,2348,41454,12173,222676,California
San Diego,2021-01-24,11917,275169,3360,127387,8557,147782,0,0,10940,191222,975,42429,10975,233651,California
San Diego,2021-01-25,12222,287391,5751,133138,6471,154253,0,0,9203,197568,3012,45441,9358,243009,California
San Diego,2021-01-26,14947,302338,7648,140786,7299,161552,0,0,11663,206138,3279,48720,11849,254858,California
San Diego,2021-01-27,20764,323102,8128,148914,12636,174188,0,0,17675,220877,3075,51795,17814,272672,California
San Diego,2021-01-28,21308,344410,7649,156563,13659,187847,0,0,19042,237742,2256,54051,19121,291793,California
San Diego,2021-01-29,19706,364116,6463,163026,13243,201090,0,0,17279,252649,2417,56468,17324,309117,California
San Diego,2021-01-30,15904,380020,3667,166693,12237,213327,0,0,13226,263304,2668,59136,13323,322440,California
San Diego,2021-01-31,14798,394818,5754,172447,9044,222371,0,0,14440,277417,354,59490,14467,336907,California
San Diego,2021-02-01,20522,415340,7232,179679,13290,235661,0,0,17334,291652,3174,62664,17409,354316,California
San Diego,2021-02-02,23201,438541,8689,188368,14512,250173,0,0,19670,307968,3521,66185,19837,374153,California
San Diego,2021-02-03,27454,465995,11561,199929,15893,266066,0,0,23278,327269,4158,70343,23459,397612,California
San Diego,2021-02-04,24383,490378,10030,209959,14353,280419,0,0,19682,342549,4684,75027,19964,417576,California
San Diego,2021-02-05,25024,515402,8987,218946,16037,296456,0,0,18478,354996,6523,81550,18970,436546,California
San Diego,2021-02-06,20794,536196,8569,227515,12225,308681,0,0,17599,369629,3189,84739,17822,454368,California
San Diego,2021-02-07,12129,548325,5375,232890,6754,315435,0,0,10262,378297,1847,86586,10515,464883,California
San Diego,2021-02-08,20107,568432,8520,241410,11587,327022,0,0,12691,384276,7399,93985,13378,478261,California
San Diego,2021-02-09,20409,588841,8247,249657,12162,339184,0,0,13207,391370,7182,101167,14276,492537,California
San Diego,2021-02-10,22986,611827,9360,259017,13626,352810,0,0,13879,397546,9062,110229,15238,507775,California
San Diego,2021-02-11,23783,635610,10141,269158,13642,366452,0,0,12739,400943,11017,121246,14414,522189,California
San Diego,2021-02-12,23844,659454,7461,276619,16383,382835,0,0,11918,403211,11908,133154,14176,536365,California
San Diego,2021-02-13,20022,679476,9015,285634,11007,393842,0,0,10894,406180,9121,142275,12090,548455,California
San Diego,2021-02-14,11189,690665,7432,293066,3757,397599,0,0,6335,409314,4850,147125,7984,556439,California
San Diego,2021-02-15,15195,705860,7686,300752,7509,405108,0,0,7847,412969,7328,154453,10983,567422,California
San Diego,2021-02-16,19285,725145,11254,312006,8031,413139,0,0,9237,415508,10037,164490,12576,579998,California
San Diego,2021-02-17,23398,748543,10983,322989,12415,425554,0,0,8143,411961,15244,179734,11697,591695,California
San Diego,2021-02-18,23579,772122,12023,335012,11556,437110,0,0,7793,408582,15776,195510,12397,604092,California
San Diego,2021-02-19,15912,788034,10921,345933,4991,442101,0,0,6632,408049,9261,204771,8728,612820,California
San Diego,2021-02-20,10261,798295,6363,352296,3898,445999,0,0,5817,411660,4441,209212,8052,620872,California
San Diego,2021-02-21,11529,809824,10117,362413,1412,447411,0,0,5200,412836,6302,215514,7478,628350,California
San Diego,2021-02-22,12444,822268,10583,372996,1861,449272,0,0,5801,414436,6636,222150,8236,636586,California
San Diego,2021-02-23,25900,848168,14524,387520,11376,460648,0,0,9667,414779,16227,238377,16570,653156,California
San Diego,2021-02-24,28954,877122,12761,400281,16193,476841,0,0,6870,408116,22065,260442,15402,668558,California
San Diego,2021-02-25,33193,910315,14715,414996,18478,495319,0,0,10171,404635,23004,283446,19523,688081,California
San Diego,2021-02-26,33468,943783,12400,427396,21068,516387,0,0,12155,402680,21286,304732,19331,707412,California
San Diego,2021-02-27,21247,965030,9679,437075,11568,527955,0,0,11458,408800,9785,314517,15905,723317,California
San Diego,2021-02-28,15245,980275,9946,447021,5299,533254,0,0,9501,416320,5743,320260,13263,736580,California
San Diego,2021-03-01,24173,1004448,14248,461269,9924,543178,1,1,14689,426352,9410,329670,19442,756022,California
San Diego,2021-03-02,26084,1030532,14000,475269,12084,555262,0,1,12724,433407,13352,343022,20407,776429,California
San Diego,2021-03-03,33956,1064488,15883,491152,18070,573332,3,4,14060,435428,19881,362903,21902,798331,California
San Diego,2021-03-04,28282,1092770,14071,505223,14211,587543,0,4,12647,439797,15616,378519,19985,818316,California
San Diego,2021-03-05,28920,1121690,14824,520047,14014,601557,82,86,13496,445054,15410,393929,20667,838983,California
San Diego,2021-03-06,23361,1145051,9525,529572,13135,614692,701,787,10299,448238,13049,406978,16233,855216,California
San Diego,2021-03-07,18202,1163253,9298,538870,8334,623026,570,1357,6910,449000,11286,418264,12048,867264,California
San Diego,2021-03-08,23039,1186292,11168,550038,10972,633998,899,2256,11433,454660,11594,429858,17254,884518,California
San Diego,2021-03-09,25857,1212149,11947,561985,12155,646153,1755,4011,10109,456375,15736,445594,17451,901969,California
San Diego,2021-03-10,25260,1237409,10735,572720,12133,658286,2392,6403,9877,458691,15372,460966,17688,919657,California
San Diego,2021-03-11,28673,1266082,10999,583719,14076,672362,3598,10001,10017,458823,18638,479604,18770,938427,California
San Diego,2021-03-12,27068,1293150,9452,593171,14482,686844,3134,13135,9962,458362,17092,496696,16631,955058,California
San Diego,2021-03-13,25974,1319124,7297,600468,17073,703917,1604,14739,10075,458335,15896,512592,15869,970927,California
San Diego,2021-03-14,13704,1332828,5359,605827,7609,711526,736,15475,4785,457371,8912,521504,7948,978875,California
San Diego,2021-03-15,22015,1354843,10158,615985,11078,722604,779,16254,9050,457376,12948,534452,12953,991828,California
San Diego,2021-03-16,29914,1384757,15697,631682,13802,736406,415,16669,15656,462931,14235,548687,19790,1011618,California
San Diego,2021-03-17,26251,1411008,12153,643835,13389,749795,709,17378,16726,473340,9513,558200,19922,1031540,California
San Diego,2021-03-18,31393,1442401,17697,661532,12788,762583,908,18286,16931,479351,14428,572628,20439,1051979,California
San Diego,2021-03-19,30188,1472589,14301,675833,14895,777478,992,19278,19303,490502,10869,583497,22020,1073999,California
San Diego,2021-03-20,27778,1500367,8369,684202,17618,795096,1791,21069,21360,508849,6409,589906,24756,1098755,California
San Diego,2021-03-21,16486,1516853,12011,696213,3758,798854,717,21786,7682,511168,8792,598698,11111,1109866,California
San Diego,2021-03-22,22462,1539315,13101,709314,9115,807969,246,22032,14301,520872,8149,606847,17853,1127719,California
San Diego,2021-03-23,25949,1565264,13612,722926,12074,820043,263,22295,17141,531759,8794,615641,19681,1147400,California
San Diego,2021-03-24,29485,1594749,19705,742631,9417,829460,363,22658,17091,540061,12385,628026,20687,1168087,California
San Diego,2021-03-25,30238,1624987,18212,760843,11369,840829,657,23315,17939,548520,12283,640309,20742,1188829,California
San Diego,2021-03-26,32050,1657037,17868,778711,13626,854455,556,23871,17524,555085,14497,654806,21062,1209891,California
San Diego,2021-03-27,25442,1682479,10991,789702,14058,868513,393,24264,15722,563765,9704,664510,18384,1228275,California
San Diego,2021-03-28,15029,1697508,9188,798890,5785,874298,56,24320,9280,568833,5744,670254,10812,1239087,California
San Diego,2021-03-29,26617,1724125,12871,811761,13150,887448,596,24916,16434,578120,10174,680428,19461,1258548,California
San Diego,2021-03-30,33202,1757327,17894,829655,14538,901986,770,25686,22049,591651,11141,691569,24672,1283220,California
San Diego,2021-03-31,30340,1787667,18731,848386,10963,912949,646,26332,20601,604309,9722,701291,22380,1305600,California
San Diego,2021-04-01,34185,1821852,20031,868417,12802,925751,1352,27684,23258,619357,10900,712191,25948,1331548,California
San Diego,2021-04-02,35485,1857337,20612,889029,12292,938043,2581,30265,24087,636048,11380,723571,28071,1359619,California
San Diego,2021-04-03,30735,1888072,14420,903449,11773,949816,4542,34807,19690,650686,11034,734605,25672,1385291,California
San Diego,2021-04-04,8899,1896971,5076,908525,2924,952740,899,35706,4703,652354,4191,738796,5859,1391150,California
San Diego,2021-04-05,29609,1926580,15385,923910,11678,964418,2546,38252,19400,666842,10196,748992,24684,1415834,California
San Diego,2021-04-06,38577,1965157,20368,944278,12440,976858,5769,44021,22410,681550,16150,765142,30858,1446692,California
San Diego,2021-04-07,35508,2000665,21908,966186,9174,986032,4426,48447,20345,693593,15138,780280,27181,1473873,California
San Diego,2021-04-08,34918,2035583,21275,987461,9652,995684,3991,52438,21262,707834,13635,793915,27876,1501749,California
San Diego,2021-04-09,37925,2073508,22703,1010164,10226,1005910,4996,57434,20712,720096,17148,811063,29410,1531159,California
San Diego,2021-04-10,28506,2102014,11708,1021872,12868,1018778,3930,61364,14632,728001,13862,824925,21767,1552926,California
San Diego,2021-04-11,16132,2118146,10018,1031890,3851,1022629,2263,63627,7250,732284,8879,833804,13162,1566088,California
San Diego,2021-04-12,30525,2148671,12782,1044672,13446,1036075,4297,67924,17035,743786,13475,847279,24977,1591065,California
San Diego,2021-04-13,37040,2185711,17673,1062345,19332,1055407,35,67959,24706,759926,12317,859596,28457,1619522,California
San Diego,2021-04-14,32750,2218461,18763,1081108,13976,1069383,11,67970,17719,768657,15017,874613,23748,1643270,California
San Diego,2021-04-15,38939,2257400,20221,1101329,18716,1088099,2,67972,23632,781642,15282,889895,28267,1671537,California
San Diego,2021-04-16,33213,2290613,18488,1119817,14724,1102823,1,67973,19217,789813,13928,903823,22099,1693636,California
San Diego,2021-04-17,27613,2318226,13477,1133294,14136,1116959,0,67973,12253,790619,15262,919085,16068,1709704,California
San Diego,2021-04-18,14230,2332456,8884,1142178,5343,1122302,3,67976,6671,793343,7550,926635,10274,1719978,California
San Diego,2021-04-19,26305,2358761,13441,1155619,12863,1135165,1,67977,12490,795026,13798,940433,15481,1735459,California
San Diego,2021-04-20,38636,2397397,17476,1173095,21160,1156325,0,67977,19830,801612,18787,959220,25373,1760832,California
San Diego,2021-04-21,34812,2432209,20825,1193920,13987,1170312,0,67977,16890,806537,17893,977113,22818,1783650,California
San Diego,2021-04-22,44267,2476476,22730,1216650,21531,1191843,6,67983,22169,813785,22060,999173,29308,1812958,California
San Diego,2021-04-23,41821,2518297,25829,1242479,15990,1207833,2,67985,15492,813576,26303,1025476,26094,1839052,California
San Diego,2021-04-24,34229,2552526,18720,1261199,15497,1223330,12,67997,15409,817579,18793,1044269,22796,1861848,California
San Diego,2021-04-25,12432,2564958,7657,1268856,4775,1228105,0,67997,5853,819201,6571,1050840,8193,1870041,California
San Diego,2021-04-26,29803,2594761,14556,1283412,15147,1243252,100,68097,10025,818090,19771,1070611,18660,1888701,California
San Diego,2021-04-27,40616,2635377,21951,1305363,18270,1261522,395,68492,17746,822240,22846,1093457,26996,1915697,California
San Diego,2021-04-28,36199,2671576,21073,1326436,14510,1276032,616,69108,16268,826722,19910,1113367,24392,1940089,California
San Diego,2021-04-29,17920,2689496,13144,1339580,4606,1280638,170,69278,6424,829128,11486,1124853,13892,1953981,California
San Francisco,2020-12-15,7,7,7,7,0,0,0,0,7,7,0,0,7,7,California
San Francisco,2020-12-16,229,236,229,236,0,0,0,0,229,236,0,0,229,236,California
San Francisco,2020-12-17,394,630,394,630,0,0,0,0,394,630,0,0,394,630,California
San Francisco,2020-12-18,877,1507,876,1506,1,1,0,0,877,1507,0,0,877,1507,California
San Francisco,2020-12-19,601,2108,601,2107,0,1,0,0,601,2108,0,0,601,2108,California
San Francisco,2020-12-20,483,2591,483,2590,0,1,0,0,483,2591,0,0,483,2591,California
San Francisco,2020-12-21,1161,3752,1161,3751,0,1,0,0,1161,3752,0,0,1161,3752,California
San Francisco,2020-12-22,1400,5152,1366,5117,34,35,0,0,1400,5152,0,0,1400,5152,California
San Francisco,2020-12-23,1335,6487,1045,6162,290,325,0,0,1335,6487,0,0,1335,6487,California
San Francisco,2020-12-24,840,7327,502,6664,338,663,0,0,840,7327,0,0,840,7327,California
San Francisco,2020-12-25,34,7361,29,6693,5,668,0,0,34,7361,0,0,34,7361,California
San Francisco,2020-12-26,245,7606,151,6844,94,762,0,0,245,7606,0,0,245,7606,California
San Francisco,2020-12-27,273,7879,60,6904,213,975,0,0,273,7879,0,0,273,7879,California
San Francisco,2020-12-28,1270,9149,686,7590,584,1559,0,0,1270,9149,0,0,1270,9149,California
San Francisco,2020-12-29,1242,10391,621,8211,621,2180,0,0,1242,10391,0,0,1242,10391,California
San Francisco,2020-12-30,1485,11876,779,8990,706,2886,0,0,1485,11876,0,0,1485,11876,California
San Francisco,2020-12-31,964,12840,411,9401,553,3439,0,0,963,12839,0,0,963,12839,California
San Francisco,2021-01-01,78,12918,66,9467,12,3451,0,0,78,12917,0,0,78,12917,California
San Francisco,2021-01-02,334,13252,302,9769,32,3483,0,0,334,13251,0,0,334,13251,California
San Francisco,2021-01-03,293,13545,101,9870,192,3675,0,0,292,13542,1,1,292,13543,California
San Francisco,2021-01-04,1837,15382,1356,11226,481,4156,0,0,1834,15373,3,4,1834,15377,California
San Francisco,2021-01-05,2234,17616,1416,12642,818,4974,0,0,2199,17539,35,39,2201,17578,California
San Francisco,2021-01-06,1868,19484,1161,13803,707,5681,0,0,1603,18880,263,302,1604,19182,California
San Francisco,2021-01-07,2061,21545,1203,15006,858,6539,0,0,1604,20030,454,756,1604,20786,California
San Francisco,2021-01-08,2330,23875,1630,16636,700,7239,0,0,1494,20693,831,1587,1494,22280,California
San Francisco,2021-01-09,1388,25263,893,17529,495,7734,0,0,884,21075,504,2091,886,23166,California
San Francisco,2021-01-10,918,26181,540,18069,378,8112,0,0,460,21078,457,2548,460,23626,California
San Francisco,2021-01-11,2500,28681,1868,19937,632,8744,0,0,1402,21381,1099,3647,1402,25028,California
San Francisco,2021-01-12,3087,31768,2058,21995,1029,9773,0,0,1894,22084,1193,4840,1896,26924,California
San Francisco,2021-01-13,2822,34590,1601,23596,1221,10994,0,0,1991,23244,831,5671,1991,28915,California
San Francisco,2021-01-14,2437,37027,1097,24693,1340,12334,0,0,1878,24563,559,6230,1878,30793,California
San Francisco,2021-01-15,2738,39765,1145,25838,1593,13927,0,0,2347,26523,389,6619,2349,33142,California
San Francisco,2021-01-16,2251,42016,964,26802,1287,15214,0,0,2086,28445,165,6784,2087,35229,California
San Francisco,2021-01-17,1919,43935,533,27335,1386,16600,0,0,1704,29934,215,6999,1704,36933,California
San Francisco,2021-01-18,1373,45308,588,27923,785,17385,0,0,1110,30784,262,7261,1112,38045,California
San Francisco,2021-01-19,2573,47881,1473,29396,1100,18485,0,0,1827,31865,746,8007,1827,39872,California
San Francisco,2021-01-20,2706,50587,1086,30482,1620,20105,0,0,1957,33077,746,8753,1958,41830,California
San Francisco,2021-01-21,3290,53877,928,31410,2362,22467,0,0,2471,34731,817,9570,2471,44301,California
San Francisco,2021-01-22,3177,57054,635,32045,2542,25009,0,0,2735,37026,440,10010,2735,47036,California
San Francisco,2021-01-23,3088,60142,608,32653,2480,27489,0,0,2722,39384,365,10375,2723,49759,California
San Francisco,2021-01-24,2422,62564,361,33014,2061,29550,0,0,2194,41353,225,10600,2194,51953,California
San Francisco,2021-01-25,4582,67146,1780,34794,2802,32352,0,0,3035,42844,1545,12145,3036,54989,California
San Francisco,2021-01-26,4664,71810,2135,36929,2529,34881,0,0,3073,44331,1588,13733,3075,58064,California
San Francisco,2021-01-27,4423,76233,2072,39001,2351,37232,0,0,3074,46060,1345,15078,3074,61138,California
San Francisco,2021-01-28,3751,79984,1552,40553,2199,39431,0,0,2590,47494,1156,16234,2590,63728,California
San Francisco,2021-01-29,4716,84700,1678,42231,3038,42469,0,0,3449,49683,1260,17494,3449,67177,California
San Francisco,2021-01-30,3770,88470,1838,44069,1932,44401,0,0,3322,52562,447,17941,3326,70503,California
San Francisco,2021-01-31,2351,90821,823,44892,1528,45929,0,0,2199,54611,151,18092,2200,72703,California
San Francisco,2021-02-01,3784,94605,1523,46415,2261,48190,0,0,2883,56594,901,18993,2884,75587,California
San Francisco,2021-02-02,4642,99247,1964,48379,2678,50868,0,0,2880,57718,1756,20749,2880,78467,California
San Francisco,2021-02-03,5050,104297,2367,50746,2683,53551,0,0,3748,60167,1300,22049,3749,82216,California
San Francisco,2021-02-04,5019,109316,2432,53178,2587,56138,0,0,3857,62864,1160,23209,3857,86073,California
San Francisco,2021-02-05,5928,115244,3193,56371,2735,58873,0,0,4587,66114,1338,24547,4588,90661,California
San Francisco,2021-02-06,5468,120712,3649,60020,1819,60692,0,0,4567,69784,899,25446,4569,95230,California
San Francisco,2021-02-07,4325,125037,3174,63194,1151,61843,0,0,3748,72959,576,26022,3751,98981,California
San Francisco,2021-02-08,6693,131730,4609,67803,2084,63927,0,0,5484,77253,1192,27214,5486,104467,California
San Francisco,2021-02-09,5920,137650,3986,71789,1934,65861,0,0,4367,80072,1549,28763,4368,108835,California
San Francisco,2021-02-10,6858,144508,4175,75964,2683,68544,0,0,5091,83407,1759,30522,5094,113929,California
San Francisco,2021-02-11,6700,151208,3973,79937,2727,71271,0,0,4891,86493,1806,32328,4892,118821,California
San Francisco,2021-02-12,5310,156518,2665,82602,2645,73916,0,0,3482,88148,1827,34155,3482,122303,California
San Francisco,2021-02-13,4358,160876,2547,85149,1811,75727,0,0,3035,89862,1323,35478,3037,125340,California
San Francisco,2021-02-14,3414,164290,2242,87391,1172,76899,0,0,2291,91032,1122,36600,2292,127632,California
San Francisco,2021-02-15,2769,167059,1505,88896,1264,78163,0,0,1675,91615,1092,37692,1675,129307,California
San Francisco,2021-02-16,4986,172045,2725,91621,2261,80424,0,0,2954,92550,2025,39717,2960,132267,California
San Francisco,2021-02-17,5395,177440,2678,94299,2717,83141,0,0,2957,93080,2428,42145,2958,135225,California
San Francisco,2021-02-18,5370,182810,2628,96927,2742,85883,0,0,2807,93327,2563,44708,2810,138035,California
San Francisco,2021-02-19,5632,188442,2644,99571,2988,88871,0,0,2930,93563,2696,47404,2932,140967,California
San Francisco,2021-02-20,4520,192962,2180,101751,2340,91211,0,0,1704,92460,2808,50212,1705,142672,California
San Francisco,2021-02-21,2736,195698,1369,103120,1367,92578,0,0,1141,92012,1590,51802,1142,143814,California
San Francisco,2021-02-22,5095,200793,3172,106292,1923,94501,0,0,2562,92050,2526,54328,2564,146378,California
San Francisco,2021-02-23,5447,206240,3081,109373,2366,96867,0,0,2758,92125,2683,57011,2758,149136,California
San Francisco,2021-02-24,8965,215205,5076,114449,3889,100756,0,0,4780,92730,4176,61187,4781,153917,California
San Francisco,2021-02-25,9757,224962,6859,121308,2898,103654,0,0,6304,95586,3450,64637,6306,160223,California
San Francisco,2021-02-26,11906,236868,7727,129035,4179,107833,0,0,7057,97793,4851,69488,7058,167281,California
San Francisco,2021-02-27,8900,245768,5663,134698,3236,111069,1,1,4506,97921,4380,73868,4508,171789,California
San Francisco,2021-02-28,7705,253473,5531,140229,2174,113243,0,1,3826,97871,3877,77745,3827,175616,California
San Francisco,2021-03-01,10685,264158,7175,147404,3508,116751,2,3,5170,97549,5497,83242,5175,180791,California
San Francisco,2021-03-02,8852,273010,5652,153056,3200,119951,0,3,5133,98972,3711,86953,5134,185925,California
San Francisco,2021-03-03,11008,284018,6326,159382,4681,124632,1,4,6015,100009,4982,91935,6019,191944,California
San Francisco,2021-03-04,8633,292651,5429,164811,3204,127836,0,4,4863,101108,3764,95699,4863,196807,California
San Francisco,2021-03-05,8667,301318,5134,169945,3530,131366,3,7,5444,103349,3207,98906,5448,202255,California
San Francisco,2021-03-06,6861,308179,4416,174361,2237,133603,208,215,4211,105103,2662,101568,4416,206671,California
San Francisco,2021-03-07,5123,313302,3975,178336,1091,134694,57,272,2880,105783,2257,103825,2937,209608,California
San Francisco,2021-03-08,7134,320436,5163,183499,1785,136479,186,458,5581,109967,1584,105409,5768,215376,California
San Francisco,2021-03-09,6705,327141,3931,187430,2400,138879,374,832,4578,112780,2134,107543,4947,220323,California
San Francisco,2021-03-10,10388,337529,5875,193305,4013,142892,500,1332,6348,115610,4020,111563,6850,227173,California
San Francisco,2021-03-11,10031,347560,6346,199651,2726,145618,959,2291,6587,119721,3428,114991,7539,234712,California
San Francisco,2021-03-12,10712,358272,6246,205897,3156,148774,1310,3601,5955,122248,4735,119726,7262,241974,California
San Francisco,2021-03-13,6573,364845,3829,209726,1688,150462,1056,4657,4067,124871,2498,122224,5121,247095,California
San Francisco,2021-03-14,7478,372323,4839,214565,2402,152864,237,4894,4037,125716,3429,125653,4274,251369,California
San Francisco,2021-03-15,11904,384227,9081,223646,1889,154753,934,5828,8245,131241,3647,129300,9172,260541,California
San Francisco,2021-03-16,12038,396265,8172,231818,3409,158162,457,6285,8757,137190,3264,132564,9213,269754,California
San Francisco,2021-03-17,13152,409417,8118,239936,4491,162653,543,6828,9504,143613,3620,136184,10043,279797,California
San Francisco,2021-03-18,9945,419362,6729,246665,2594,165247,622,7450,5659,145629,4261,140445,6277,286074,California
San Francisco,2021-03-19,12006,431368,8694,255359,2849,168096,463,7913,6390,146886,5592,146037,6849,292923,California
San Francisco,2021-03-20,8715,440083,6380,261739,1876,169972,459,8372,5199,149059,3487,149524,5660,298583,California
San Francisco,2021-03-21,6442,446525,5894,267633,414,170386,134,8506,3679,150122,2750,152274,3813,302396,California
San Francisco,2021-03-22,9728,456253,6825,274458,2060,172446,843,9349,5127,151507,4580,156854,5965,308361,California
San Francisco,2021-03-23,11130,467383,7355,281813,3128,175574,647,9996,6703,154457,4397,161251,7347,315708,California
San Francisco,2021-03-24,12272,479655,9384,291197,2353,177927,535,10531,6337,155430,5896,167147,6869,322577,California
San Francisco,2021-03-25,11788,491443,8629,299826,2597,180524,562,11093,5900,156066,5822,172969,6458,329035,California
San Francisco,2021-03-26,11832,503275,8187,308013,3415,183939,230,11323,6102,156695,5700,178669,6329,335364,California
San Francisco,2021-03-27,8616,511891,5745,313758,2526,186465,345,11668,3910,156261,4688,183357,4254,339618,California
San Francisco,2021-03-28,6569,518460,5236,318994,1291,187756,42,11710,3163,156080,3383,186740,3202,342820,California
San Francisco,2021-03-29,11363,529823,7867,326861,3313,191069,183,11893,5121,155165,6218,192958,5303,348123,California
San Francisco,2021-03-30,11473,541296,7162,334023,4021,195090,290,12183,6862,157729,4587,197545,7151,355274,California
San Francisco,2021-03-31,12080,553376,8022,342045,3762,198852,296,12479,5548,157066,6501,204046,5838,361112,California
San Francisco,2021-04-01,13709,567085,7278,349323,4793,203645,1638,14117,5969,156958,7711,211757,7603,368715,California
San Francisco,2021-04-02,14608,581693,6440,355763,6359,210004,1809,15926,6892,157959,7697,219454,8698,377413,California
San Francisco,2021-04-03,10378,592071,4779,360542,3814,213818,1785,17711,4817,159009,5549,225003,6599,384012,California
San Francisco,2021-04-04,8981,601052,4749,365291,2581,216399,1651,19362,3609,158910,5359,230362,5260,389272,California
San Francisco,2021-04-05,15892,616944,9736,375027,4282,220681,1874,21236,6358,157629,9511,239873,8230,397502,California
San Francisco,2021-04-06,15938,632882,9436,384463,4446,225127,2056,23292,6268,156298,9650,249523,8319,405821,California
San Francisco,2021-04-07,16735,649617,9957,394420,4556,229683,2222,25514,7048,155887,9668,259191,9257,415078,California
San Francisco,2021-04-08,14075,663692,6694,401114,2995,232678,4386,29900,4629,155465,9419,268610,8997,424075,California
San Francisco,2021-04-09,15683,679375,7586,408700,4770,237448,3327,33227,6687,156496,8968,277578,9999,434074,California
San Francisco,2021-04-10,13121,692496,5657,414357,5844,243292,1620,34847,7132,159274,5966,283544,8744,442818,California
San Francisco,2021-04-11,9957,702453,7451,421808,1337,244629,1169,36016,5195,160885,4750,288294,6361,449179,California
San Francisco,2021-04-12,10547,713000,6863,428671,2558,247187,1126,37142,4873,161229,5652,293946,5996,455175,California
San Francisco,2021-04-13,10670,723670,7257,435928,3401,250588,12,37154,5416,161427,5233,299179,5431,460606,California
San Francisco,2021-04-14,13247,736917,7991,443919,5255,255843,1,37155,6436,161083,6781,305960,6437,467043,California
San Francisco,2021-04-15,13552,750469,9397,453316,4154,259997,1,37156,8000,163563,5525,311485,8005,475048,California
San Francisco,2021-04-16,12874,763343,8675,461991,4155,264152,44,37200,7652,166066,5197,316682,7700,482748,California
San Francisco,2021-04-17,9963,773306,7271,469262,2692,266844,0,37200,7049,170221,2897,319579,7052,489800,California
San Francisco,2021-04-18,6570,779876,5023,474285,1546,268390,1,37201,4080,171832,2472,322051,4083,493883,California
San Francisco,2021-04-19,10796,790672,8101,482386,2690,271080,5,37206,6955,174976,3826,325877,6970,500853,California
San Francisco,2021-04-20,12245,802917,7149,489535,5095,276175,1,37207,8470,179694,3755,329632,8473,509326,California
San Francisco,2021-04-21,10479,813396,7485,497020,2990,279165,4,37211,6383,182015,4070,333702,6391,515717,California
San Francisco,2021-04-22,10335,823731,7673,504693,2661,281826,1,37212,5976,183662,4336,338038,5983,521700,California
San Francisco,2021-04-23,10144,833875,5798,510491,4346,286172,0,37212,6021,185595,4094,342132,6027,527727,California
San Francisco,2021-04-24,7675,841550,5423,515914,2252,288424,0,37212,4637,187218,3021,345153,4644,532371,California
San Francisco,2021-04-25,5026,846576,4333,520247,687,289111,6,37218,2954,188122,2059,347212,2963,535334,California
San Francisco,2021-04-26,7421,853997,5215,525462,2196,291307,10,37228,3648,188040,3752,350964,3670,539004,California
San Francisco,2021-04-27,7730,861727,5163,530625,2442,293749,125,37353,3799,188064,3909,354873,3933,542937,California
San Francisco,2021-04-28,8513,870240,5937,536562,2392,296141,184,37537,4309,188384,4180,359053,4500,547437,California
San Francisco,2021-04-29,5418,875658,2922,539484,2474,298615,22,37559,2716,188438,2686,361739,2740,550177,California
San Joaquin,2020-12-15,12,12,12,12,0,0,0,0,12,12,0,0,12,12,California
San Joaquin,2020-12-16,306,318,306,318,0,0,0,0,306,318,0,0,306,318,California
San Joaquin,2020-12-17,311,629,311,629,0,0,0,0,311,629,0,0,311,629,California
San Joaquin,2020-12-18,521,1150,517,1146,4,4,0,0,521,1150,0,0,521,1150,California
San Joaquin,2020-12-19,188,1338,188,1334,0,4,0,0,188,1338,0,0,188,1338,California
San Joaquin,2020-12-20,113,1451,112,1446,1,5,0,0,113,1451,0,0,113,1451,California
San Joaquin,2020-12-21,489,1940,489,1935,0,5,0,0,489,1940,0,0,489,1940,California
San Joaquin,2020-12-22,966,2906,846,2781,120,125,0,0,965,2905,0,0,965,2905,California
San Joaquin,2020-12-23,972,3878,913,3694,59,184,0,0,970,3875,0,0,970,3875,California
San Joaquin,2020-12-24,214,4092,186,3880,28,212,0,0,213,4088,0,0,213,4088,California
San Joaquin,2020-12-25,14,4106,14,3894,0,212,0,0,14,4102,0,0,14,4102,California
San Joaquin,2020-12-26,101,4207,29,3923,72,284,0,0,101,4203,0,0,101,4203,California
San Joaquin,2020-12-27,40,4247,28,3951,12,296,0,0,40,4243,0,0,40,4243,California
San Joaquin,2020-12-28,621,4868,421,4372,200,496,0,0,621,4864,0,0,621,4864,California
San Joaquin,2020-12-29,796,5664,670,5042,126,622,0,0,796,5660,0,0,796,5660,California
San Joaquin,2020-12-30,1006,6670,714,5756,292,914,0,0,1004,6664,0,0,1004,6664,California
San Joaquin,2020-12-31,452,7122,202,5958,250,1164,0,0,452,7116,0,0,452,7116,California
San Joaquin,2021-01-01,17,7139,10,5968,7,1171,0,0,17,7133,0,0,17,7133,California
San Joaquin,2021-01-02,261,7400,239,6207,22,1193,0,0,261,7394,0,0,261,7394,California
San Joaquin,2021-01-03,37,7437,19,6226,18,1211,0,0,36,7429,1,1,36,7430,California
San Joaquin,2021-01-04,473,7910,337,6563,136,1347,0,0,471,7899,1,2,471,7901,California
San Joaquin,2021-01-05,975,8885,643,7206,332,1679,0,0,807,8574,168,170,843,8744,California
San Joaquin,2021-01-06,1217,10102,704,7910,513,2192,0,0,915,9194,298,468,918,9662,California
San Joaquin,2021-01-07,1066,11168,671,8581,395,2587,0,0,779,9690,284,752,780,10442,California
San Joaquin,2021-01-08,1191,12359,819,9400,372,2959,0,0,708,9920,482,1234,712,11154,California
San Joaquin,2021-01-09,376,12735,300,9700,76,3035,0,0,247,10038,129,1363,247,11401,California
San Joaquin,2021-01-10,222,12957,114,9814,108,3143,0,0,170,10156,52,1415,170,11571,California
San Joaquin,2021-01-11,1519,14476,1315,11129,204,3347,0,0,858,10421,660,2075,925,12496,California
San Joaquin,2021-01-12,1422,15898,1018,12147,404,3751,0,0,654,10381,764,2839,724,13220,California
San Joaquin,2021-01-13,1521,17419,891,13038,630,4381,0,0,950,10766,570,3409,955,14175,California
San Joaquin,2021-01-14,1645,19064,874,13912,771,5152,0,0,1308,11772,317,3726,1323,15498,California
San Joaquin,2021-01-15,1593,20657,618,14530,975,6127,0,0,1379,12960,200,3926,1388,16886,California
San Joaquin,2021-01-16,1139,21796,192,14722,947,7074,0,0,1112,14046,26,3952,1112,17998,California
San Joaquin,2021-01-17,1613,23409,130,14852,1483,8557,0,0,1576,15587,37,3989,1578,19576,California
San Joaquin,2021-01-18,736,24145,237,15089,499,9056,0,0,616,16087,116,4105,616,20192,California
San Joaquin,2021-01-19,1850,25995,886,15975,964,10020,0,0,1170,16587,676,4781,1176,21368,California
San Joaquin,2021-01-20,2070,28065,1275,17250,795,10815,0,0,1425,17377,641,5422,1431,22799,California
San Joaquin,2021-01-21,1956,30021,884,18134,1072,11887,0,0,1564,18561,385,5807,1569,24368,California
San Joaquin,2021-01-22,1956,31977,913,19047,1043,12930,0,0,1813,20239,138,5945,1816,26184,California
San Joaquin,2021-01-23,890,32867,402,19449,488,13418,0,0,607,20567,282,6227,610,26794,California
San Joaquin,2021-01-24,340,33207,132,19581,208,13626,0,0,320,20869,18,6245,320,27114,California
San Joaquin,2021-01-25,1975,35182,1133,20714,842,14468,0,0,1417,21735,555,6800,1421,28535,California
San Joaquin,2021-01-26,2141,37323,1112,21826,1029,15497,0,0,1536,22672,603,7403,1540,30075,California
San Joaquin,2021-01-27,1720,39043,765,22591,955,16452,0,0,1230,23421,487,7890,1236,31311,California
San Joaquin,2021-01-28,2015,41058,757,23348,1258,17710,0,0,1376,24164,636,8526,1379,32690,California
San Joaquin,2021-01-29,2131,43189,1039,24387,1092,18802,0,0,1786,25617,340,8866,1793,34483,California
San Joaquin,2021-01-30,2156,45345,349,24736,1807,20609,0,0,1981,27427,173,9039,1983,36466,California
San Joaquin,2021-01-31,1553,46898,176,24912,1377,21986,0,0,1493,28865,56,9095,1494,37960,California
San Joaquin,2021-02-01,2479,49377,1308,26220,1171,23157,0,0,1751,29892,727,9822,1754,39714,California
San Joaquin,2021-02-02,2582,51959,1166,27386,1416,24573,0,0,1968,31309,555,10377,1972,41686,California
San Joaquin,2021-02-03,3051,55010,1206,28592,1845,26418,0,0,2188,32645,857,11234,2193,43879,California
San Joaquin,2021-02-04,3425,58435,1706,30298,1719,28137,0,0,2622,34473,797,12031,2625,46504,California
San Joaquin,2021-02-05,3205,61640,1853,32151,1352,29489,0,0,2352,35981,847,12878,2355,48859,California
San Joaquin,2021-02-06,1118,62758,784,32935,334,29823,0,0,943,36753,173,13051,945,49804,California
San Joaquin,2021-02-07,610,63368,484,33419,126,29949,0,0,409,36969,194,13245,410,50214,California
San Joaquin,2021-02-08,1771,65139,1031,34450,740,30689,0,0,1442,38106,308,13553,1445,51659,California
San Joaquin,2021-02-09,2089,67228,1133,35583,956,31645,0,0,1560,39208,459,14012,1561,53220,California
San Joaquin,2021-02-10,2553,69781,1250,36833,1303,32948,0,0,1336,39356,1188,15200,1336,54556,California
San Joaquin,2021-02-11,2919,72700,1500,38333,1419,34367,0,0,1711,39893,1179,16379,1716,56272,California
San Joaquin,2021-02-12,2795,75495,1120,39453,1675,36042,0,0,1581,40278,1201,17580,1586,57858,California
San Joaquin,2021-02-13,2108,77603,395,39848,1713,37755,0,0,846,39879,1251,18831,852,58710,California
San Joaquin,2021-02-14,1897,79500,260,40108,1637,39392,0,0,687,39381,1186,20017,688,59398,California
San Joaquin,2021-02-15,1970,81470,832,40940,1138,40530,0,0,1192,39827,750,20767,1196,60594,California
San Joaquin,2021-02-16,3139,84609,1368,42308,1771,42301,0,0,1741,40189,1386,22153,1748,62342,California
San Joaquin,2021-02-17,3257,87866,1261,43569,1996,44297,0,0,1857,40662,1388,23541,1861,64203,California
San Joaquin,2021-02-18,3316,91182,1362,44931,1954,46251,0,0,1895,41169,1395,24936,1902,66105,California
San Joaquin,2021-02-19,4153,95335,2314,47245,1839,48090,0,0,2367,41785,1752,26688,2368,68473,California
San Joaquin,2021-02-20,1533,96868,648,47893,885,48975,0,0,1057,42367,475,27163,1057,69530,California
San Joaquin,2021-02-21,632,97500,477,48370,155,49130,0,0,400,42539,229,27392,401,69931,California
San Joaquin,2021-02-22,3503,101003,2470,50840,1033,50163,0,0,2514,44099,959,28351,2519,72450,California
San Joaquin,2021-02-23,4253,105256,2579,53419,1674,51837,0,0,2621,45116,1608,29959,2625,75075,California
San Joaquin,2021-02-24,5669,110925,3373,56792,2296,54133,0,0,4087,47646,1561,31520,4091,79166,California
San Joaquin,2021-02-25,6269,117194,3874,60666,2395,56528,0,0,4052,49520,2188,33708,4062,83228,California
San Joaquin,2021-02-26,5427,122621,2833,63499,2594,59122,0,0,3734,51595,1667,35375,3742,86970,California
San Joaquin,2021-02-27,5406,128027,1606,65105,3800,62922,0,0,2593,51434,2768,38143,2607,89577,California
San Joaquin,2021-02-28,3034,131061,1086,66191,1948,64870,0,0,1995,52407,1025,39168,1998,91575,California
San Joaquin,2021-03-01,4044,135105,1778,67969,2266,67136,0,0,2285,52957,1744,40912,2294,93869,California
San Joaquin,2021-03-02,4143,139248,1651,69620,2492,69628,0,0,2597,54082,1529,42441,2654,96523,California
San Joaquin,2021-03-03,5725,144973,3397,73017,2326,71954,2,2,4138,56656,1566,44007,4140,100663,California
San Joaquin,2021-03-04,5648,150621,2240,75257,3405,75359,3,5,3694,58414,1944,45951,3702,104365,California
San Joaquin,2021-03-05,4392,155013,1859,77116,2530,77889,3,8,3033,60108,1346,47297,3040,107405,California
San Joaquin,2021-03-06,3272,158285,2157,79273,985,78874,130,138,2694,62359,576,47873,2827,110232,California
San Joaquin,2021-03-07,1201,159486,551,79824,604,79478,46,184,920,63046,264,48137,951,111183,California
San Joaquin,2021-03-08,3063,162549,1244,81068,1695,81173,124,308,2063,64241,991,49128,2186,113369,California
San Joaquin,2021-03-09,3944,166493,1774,82842,2044,83217,126,434,2608,65657,1321,50449,2737,116106,California
San Joaquin,2021-03-10,4615,171108,2451,85293,2026,85243,138,572,3400,67993,1202,51651,3538,119644,California
San Joaquin,2021-03-11,4900,176008,2323,87616,1980,87223,597,1169,2913,69531,1977,53628,3515,123159,California
San Joaquin,2021-03-12,6231,182239,3111,90727,2788,90011,332,1501,4144,71944,2069,55697,4482,127641,California
San Joaquin,2021-03-13,3042,185281,1438,92165,1478,91489,126,1627,2286,73613,749,56446,2418,130059,California
San Joaquin,2021-03-14,2148,187429,666,92831,1180,92669,302,1929,1036,73847,1108,57554,1342,131401,California
San Joaquin,2021-03-15,6030,193459,3471,96302,2156,94825,403,2332,3171,74596,2837,60391,3586,134987,California
San Joaquin,2021-03-16,6773,200232,3848,100150,2670,97495,255,2587,3998,76093,2764,63155,4261,139248,California
San Joaquin,2021-03-17,7721,207953,4627,104777,3024,100519,70,2657,4300,77080,3392,66547,4379,143627,California
San Joaquin,2021-03-18,7592,215545,4458,109235,2628,103147,506,3163,3759,77554,3798,70345,4272,147899,California
San Joaquin,2021-03-19,7868,223413,4611,113846,2715,105862,542,3705,4769,79829,3081,73426,5356,153255,California
San Joaquin,2021-03-20,3651,227064,2110,115956,1298,107160,243,3948,1829,80104,1809,75235,2084,155339,California
San Joaquin,2021-03-21,2093,229157,1487,117443,400,107560,206,4154,1190,80646,897,76132,1439,156778,California
San Joaquin,2021-03-22,3936,233093,2011,119454,1509,109069,416,4570,2338,81817,1588,77720,2759,159537,California
San Joaquin,2021-03-23,5328,238421,2609,122063,2553,111622,166,4736,3701,84078,1611,79331,3872,163409,California
San Joaquin,2021-03-24,6779,245200,4207,126270,2486,114108,86,4822,3019,83453,3738,83069,3113,166522,California
San Joaquin,2021-03-25,5482,250682,3243,129513,2198,116306,41,4863,3273,84584,2190,85259,3321,169843,California
San Joaquin,2021-03-26,6110,256792,2517,132030,3444,119750,149,5012,3229,85120,2861,88120,3397,173240,California
San Joaquin,2021-03-27,4587,261379,2603,134633,1941,121691,43,5055,1808,84225,2761,90881,1866,175106,California
San Joaquin,2021-03-28,2689,264068,1784,136417,880,122571,25,5080,1296,84257,1376,92257,1408,176514,California
San Joaquin,2021-03-29,3974,268042,2138,138555,1814,124385,22,5102,2016,84373,1949,94206,2065,178579,California
San Joaquin,2021-03-30,6123,274165,3121,141676,2930,127315,72,5174,3428,85228,2672,96878,3527,182106,California
San Joaquin,2021-03-31,6523,280688,4108,145784,2356,129671,59,5233,3314,85434,3195,100073,3401,185507,California
San Joaquin,2021-04-01,6270,286958,2926,148710,3264,132935,80,5313,2784,84889,3475,103548,2930,188437,California
San Joaquin,2021-04-02,6256,293214,2849,151559,2918,135853,489,5802,2484,84150,3752,107300,3013,191450,California
San Joaquin,2021-04-03,4099,297313,2311,153870,1462,137315,326,6128,1978,84362,2103,109403,2315,193765,California
San Joaquin,2021-04-04,2247,299560,1335,155205,710,138025,202,6330,1532,85397,708,110111,1743,195508,California
San Joaquin,2021-04-05,4394,303954,2803,158008,1423,139448,168,6498,2609,86412,1778,111889,2793,198301,California
San Joaquin,2021-04-06,6926,310880,4441,162449,2227,141675,258,6756,3288,86350,3619,115508,3557,201858,California
San Joaquin,2021-04-07,8223,319103,4462,166911,2190,143865,1571,8327,3444,86616,4765,120273,5031,206889,California
San Joaquin,2021-04-08,8581,327684,4634,171545,1933,145798,2014,10341,3277,86627,5284,125557,5295,212184,California
San Joaquin,2021-04-09,8567,336251,4054,175599,2969,148767,1544,11885,3064,85772,5483,131040,4628,216812,California
San Joaquin,2021-04-10,5128,341379,1599,177198,1626,150393,1903,13788,1701,85951,3423,134463,3602,220414,California
San Joaquin,2021-04-11,3986,345365,1525,178723,1297,151690,1164,14952,1685,86508,2288,136751,2845,223259,California
San Joaquin,2021-04-12,5745,351110,2254,180977,2040,153730,1451,16403,2213,86662,3516,140267,3670,226929,California
San Joaquin,2021-04-13,7359,358469,4223,185200,3131,156861,5,16408,4514,88359,2829,143096,4526,231455,California
San Joaquin,2021-04-14,7029,365498,3491,188691,3538,160399,0,16408,4133,89622,2878,145974,4141,235596,California
San Joaquin,2021-04-15,7417,372915,4267,192958,3150,163549,0,16408,4038,90319,3347,149321,4044,239640,California
San Joaquin,2021-04-16,6916,379831,3487,196445,3426,166975,3,16411,4002,91445,2890,152211,4016,243656,California
San Joaquin,2021-04-17,4921,384752,2580,199025,2340,169315,1,16412,3449,93448,1464,153675,3467,247123,California
San Joaquin,2021-04-18,2420,387172,1332,200357,1088,170403,0,16412,1293,93635,1113,154788,1300,248423,California
San Joaquin,2021-04-19,4939,392111,2593,202950,2346,172749,0,16412,2594,93916,2323,157111,2604,251027,California
San Joaquin,2021-04-20,6109,398220,3185,206135,2924,175673,0,16412,2891,93622,3196,160307,2902,253929,California
San Joaquin,2021-04-21,5252,403472,2756,208891,2496,178169,0,16412,2876,94171,2333,162640,2882,256811,California
San Joaquin,2021-04-22,5099,408571,2969,211860,2130,180299,0,16412,2932,94970,2140,164780,2939,259750,California
San Joaquin,2021-04-23,5711,414282,2710,214570,3001,183300,0,16412,3623,96523,2075,166855,3628,263378,California
San Joaquin,2021-04-24,4766,419048,3209,217779,1556,184856,1,16413,3018,97815,1732,168587,3024,266402,California
San Joaquin,2021-04-25,2615,421663,2154,219933,461,185317,0,16413,1600,98419,1002,169589,1606,268008,California
San Joaquin,2021-04-26,3334,424997,2105,222038,1228,186545,1,16414,1621,98342,1702,171291,1625,269633,California
San Joaquin,2021-04-27,4037,429034,2336,224374,1652,188197,49,16463,1684,97747,2337,173628,1742,271375,California
San Joaquin,2021-04-28,5011,434045,2914,227288,2023,190220,74,16537,2457,97763,2529,176157,2545,273920,California
San Joaquin,2021-04-29,3119,437164,1853,229141,1256,191476,10,16547,1534,97732,1576,177733,1545,275465,California
San Luis Obispo,2020-12-16,4,4,4,4,0,0,0,0,4,4,0,0,4,4,California
San Luis Obispo,2020-12-17,196,200,196,200,0,0,0,0,196,200,0,0,196,200,California
San Luis Obispo,2020-12-18,224,424,224,424,0,0,0,0,224,424,0,0,224,424,California
San Luis Obispo,2020-12-19,162,586,162,586,0,0,0,0,162,586,0,0,162,586,California
San Luis Obispo,2020-12-20,215,801,215,801,0,0,0,0,215,801,0,0,215,801,California
San Luis Obispo,2020-12-21,548,1349,548,1349,0,0,0,0,548,1349,0,0,548,1349,California
San Luis Obispo,2020-12-22,308,1657,304,1653,4,4,0,0,308,1657,0,0,308,1657,California
San Luis Obispo,2020-12-23,681,2338,367,2020,314,318,0,0,681,2338,0,0,681,2338,California
San Luis Obispo,2020-12-24,194,2532,19,2039,175,493,0,0,194,2532,0,0,194,2532,California
San Luis Obispo,2020-12-25,2,2534,1,2040,1,494,0,0,2,2534,0,0,2,2534,California
San Luis Obispo,2020-12-26,89,2623,12,2052,77,571,0,0,89,2623,0,0,89,2623,California
San Luis Obispo,2020-12-27,76,2699,0,2052,76,647,0,0,76,2699,0,0,76,2699,California
San Luis Obispo,2020-12-28,880,3579,430,2482,450,1097,0,0,880,3579,0,0,880,3579,California
San Luis Obispo,2020-12-29,903,4482,502,2984,401,1498,0,0,903,4482,0,0,903,4482,California
San Luis Obispo,2020-12-30,1172,5654,681,3665,491,1989,0,0,1172,5654,0,0,1172,5654,California
San Luis Obispo,2020-12-31,106,5760,4,3669,102,2091,0,0,106,5760,0,0,106,5760,California
San Luis Obispo,2021-01-01,13,5773,8,3677,5,2096,0,0,13,5773,0,0,13,5773,California
San Luis Obispo,2021-01-02,33,5806,8,3685,25,2121,0,0,33,5806,0,0,33,5806,California
San Luis Obispo,2021-01-03,16,5822,6,3691,10,2131,0,0,16,5822,0,0,16,5822,California
San Luis Obispo,2021-01-04,678,6500,524,4215,154,2285,0,0,678,6500,0,0,678,6500,California
San Luis Obispo,2021-01-05,974,7474,756,4971,218,2503,0,0,972,7470,2,2,972,7472,California
San Luis Obispo,2021-01-06,725,8199,480,5451,245,2748,0,0,717,8180,7,9,717,8189,California
San Luis Obispo,2021-01-07,1126,9325,948,6399,178,2926,0,0,684,8422,442,451,684,8873,California
San Luis Obispo,2021-01-08,881,10206,804,7203,77,3003,0,0,512,8566,368,819,512,9385,California
San Luis Obispo,2021-01-09,204,10410,195,7398,9,3012,0,0,27,8416,177,996,27,9412,California
San Luis Obispo,2021-01-10,12,10422,8,7406,4,3016,0,0,8,8420,4,1000,8,9420,California
San Luis Obispo,2021-01-11,526,10948,475,7881,51,3067,0,0,266,8427,259,1259,266,9686,California
San Luis Obispo,2021-01-12,597,11545,380,8261,217,3284,0,0,319,8468,278,1537,319,10005,California
San Luis Obispo,2021-01-13,884,12429,255,8516,629,3913,0,0,646,8878,236,1773,646,10651,California
San Luis Obispo,2021-01-14,730,13159,244,8760,486,4399,0,0,605,9371,112,1885,605,11256,California
San Luis Obispo,2021-01-15,729,13888,287,9047,442,4841,0,0,554,9755,170,2055,554,11810,California
San Luis Obispo,2021-01-16,99,13987,81,9128,18,4859,0,0,94,9844,5,2060,94,11904,California
San Luis Obispo,2021-01-17,67,14054,61,9189,6,4865,0,0,67,9911,0,2060,67,11971,California
San Luis Obispo,2021-01-18,1372,15426,389,9578,983,5848,0,0,1110,10759,262,2322,1110,13081,California
San Luis Obispo,2021-01-19,1585,17011,417,9995,1168,7016,0,0,1177,11528,408,2730,1177,14258,California
San Luis Obispo,2021-01-20,1884,18895,596,10591,1288,8304,0,0,1293,12233,589,3319,1294,15552,California
San Luis Obispo,2021-01-21,1570,20465,466,11057,1104,9408,0,0,1197,13062,369,3688,1198,16750,California
San Luis Obispo,2021-01-22,1521,21986,508,11565,1013,10421,0,0,1206,13955,313,4001,1206,17956,California
San Luis Obispo,2021-01-23,312,22298,294,11859,18,10439,0,0,296,14235,16,4017,296,18252,California
San Luis Obispo,2021-01-24,245,22543,237,12096,8,10447,0,0,239,14468,6,4023,239,18491,California
San Luis Obispo,2021-01-25,2074,24617,606,12702,1468,11915,0,0,1244,14882,830,4853,1244,19735,California
San Luis Obispo,2021-01-26,2001,26618,703,13405,1298,13213,0,0,1135,15151,866,5719,1135,20870,California
San Luis Obispo,2021-01-27,1611,28229,284,13689,1327,14540,0,0,1152,15844,459,6178,1152,22022,California
San Luis Obispo,2021-01-28,1484,29713,342,14031,1142,15682,0,0,1224,16809,259,6437,1224,23246,California
San Luis Obispo,2021-01-29,1734,31447,681,14712,1053,16735,0,0,1450,17975,284,6721,1450,24696,California
San Luis Obispo,2021-01-30,37,31484,18,14730,19,16754,0,0,26,17991,10,6731,26,24722,California
San Luis Obispo,2021-01-31,26,31510,20,14750,6,16760,0,0,23,18011,3,6734,23,24745,California
San Luis Obispo,2021-02-01,1667,33177,704,15454,963,17723,0,0,1396,19137,270,7004,1396,26141,California
San Luis Obispo,2021-02-02,1894,35071,676,16130,1218,18941,0,0,1520,20283,374,7378,1520,27661,California
San Luis Obispo,2021-02-03,1702,36773,728,16858,974,19915,0,0,1289,21159,413,7791,1289,28950,California
San Luis Obispo,2021-02-04,1657,38430,800,17658,857,20772,0,0,1090,21682,567,8358,1090,30040,California
San Luis Obispo,2021-02-05,1603,40033,716,18374,887,21659,0,0,1059,22197,545,8903,1060,31100,California
San Luis Obispo,2021-02-06,159,40192,92,18466,67,21726,0,0,93,22224,66,8969,93,31193,California
San Luis Obispo,2021-02-07,144,40336,99,18565,45,21771,0,0,74,22229,70,9039,75,31268,California
San Luis Obispo,2021-02-08,854,41190,468,19033,386,22157,0,0,496,22368,357,9396,496,31764,California
San Luis Obispo,2021-02-09,1123,42313,448,19481,675,22832,0,0,541,22340,576,9972,548,32312,California
San Luis Obispo,2021-02-10,1427,43740,486,19967,941,23773,0,0,521,21961,903,10875,524,32836,California
San Luis Obispo,2021-02-11,1330,45070,844,20811,486,24259,0,0,655,21944,672,11547,655,33491,California
San Luis Obispo,2021-02-12,787,45857,363,21174,424,24683,0,0,417,21991,370,11917,417,33908,California
San Luis Obispo,2021-02-13,391,46248,125,21299,266,24949,0,0,284,22169,106,12023,284,34192,California
San Luis Obispo,2021-02-14,317,46565,41,21340,276,25225,0,0,281,22415,36,12059,282,34474,California
San Luis Obispo,2021-02-15,724,47289,137,21477,587,25812,0,0,467,22628,254,12313,467,34941,California
San Luis Obispo,2021-02-16,2962,50251,1194,22671,1768,27580,0,0,1359,22390,1597,13910,1359,36300,California
San Luis Obispo,2021-02-17,2774,53025,1237,23908,1537,29117,0,0,1029,21683,1736,15646,1029,37329,California
San Luis Obispo,2021-02-18,2812,55837,1446,25354,1366,30483,0,0,1123,21126,1681,17327,1124,38453,California
San Luis Obispo,2021-02-19,1452,57289,1332,26686,120,30603,0,0,1129,21933,322,17649,1129,39582,California
San Luis Obispo,2021-02-20,250,57539,80,26766,170,30773,0,0,214,22111,36,17685,214,39796,California
San Luis Obispo,2021-02-21,48,57587,44,26810,4,30777,0,0,29,22121,19,17704,29,39825,California
San Luis Obispo,2021-02-22,2402,59989,1857,28667,545,31322,0,0,1460,22640,942,18646,1461,41286,California
San Luis Obispo,2021-02-23,1854,61843,1739,30406,115,31437,0,0,1363,23514,490,19136,1364,42650,California
San Luis Obispo,2021-02-24,2644,64487,1301,31707,1343,32780,0,0,836,22544,1806,20942,836,43486,California
San Luis Obispo,2021-02-25,2130,66617,1243,32950,887,33667,0,0,1206,22834,917,21859,1207,44693,California
San Luis Obispo,2021-02-26,2643,69260,1148,34098,1495,35162,0,0,1324,22846,1312,23171,1324,46017,California
San Luis Obispo,2021-02-27,566,69826,340,34438,226,35388,0,0,520,23320,46,23217,520,46537,California
San Luis Obispo,2021-02-28,198,70024,73,34511,125,35513,0,0,163,23452,31,23248,163,46700,California
San Luis Obispo,2021-03-01,2954,72978,1841,36352,1112,36625,1,1,2033,24565,922,24170,2035,48735,California
San Luis Obispo,2021-03-02,2984,75962,1885,38237,1099,37724,0,1,1840,25266,1140,25310,1841,50576,California
San Luis Obispo,2021-03-03,2272,78234,331,38568,1941,39665,0,1,826,24653,1440,26750,827,51403,California
San Luis Obispo,2021-03-04,2175,80409,1147,39715,1028,40693,0,1,1166,24814,1007,27757,1168,52571,California
San Luis Obispo,2021-03-05,2292,82701,1016,40731,1206,41899,70,71,1288,25183,989,28746,1358,53929,California
San Luis Obispo,2021-03-06,832,83533,309,41040,416,42315,107,178,612,25676,220,28966,713,54642,California
San Luis Obispo,2021-03-07,199,83732,32,41072,83,42398,84,262,70,25703,128,29094,155,54797,California
San Luis Obispo,2021-03-08,2726,86458,753,41825,1659,44057,314,576,1543,26379,1180,30274,1856,56653,California
San Luis Obispo,2021-03-09,2914,89372,955,42780,1723,45780,236,812,1512,26729,1399,31673,1749,58402,California
San Luis Obispo,2021-03-10,3179,92551,1238,44018,1671,47451,270,1082,1815,27454,1360,33033,2085,60487,California
San Luis Obispo,2021-03-11,3095,95646,1272,45290,1521,48972,302,1384,1701,28071,1385,34418,2002,62489,California
San Luis Obispo,2021-03-12,3191,98837,1282,46572,1571,50543,338,1722,1583,28395,1600,36018,1924,64413,California
San Luis Obispo,2021-03-13,791,99628,260,46832,422,50965,109,1831,429,28571,361,36379,537,64950,California
San Luis Obispo,2021-03-14,513,100141,53,46885,349,51314,111,1942,134,28438,378,36757,245,65195,California
San Luis Obispo,2021-03-15,3048,103189,1096,47981,1854,53168,98,2040,1529,28549,1516,38273,1627,66822,California
San Luis Obispo,2021-03-16,2840,106029,1509,49490,1231,54399,100,2140,1445,28704,1389,39662,1544,68366,California
San Luis Obispo,2021-03-17,3420,109449,1448,50938,1711,56110,261,2401,1976,29505,1435,41097,2236,70602,California
San Luis Obispo,2021-03-18,2787,112236,1445,52383,1149,57259,193,2594,1337,29589,1446,42543,1530,72132,California
San Luis Obispo,2021-03-19,2583,114819,1562,53945,700,57959,321,2915,962,29258,1616,44159,1285,73417,California
San Luis Obispo,2021-03-20,831,115650,496,54441,299,58258,36,2951,384,29231,447,44606,420,73837,California
San Luis Obispo,2021-03-21,186,115836,45,54486,138,58396,3,2954,157,29362,29,44635,160,73997,California
San Luis Obispo,2021-03-22,2683,118519,1169,55655,1466,59862,48,3002,1864,30459,815,45450,1912,75909,California
San Luis Obispo,2021-03-23,3354,121873,2209,57864,1127,60989,18,3020,2262,31651,1088,46538,2280,78189,California
San Luis Obispo,2021-03-24,3480,125353,2129,59993,1281,62270,70,3090,2614,33473,861,47399,2683,80872,California
San Luis Obispo,2021-03-25,3657,129010,2285,62278,1360,63630,12,3102,2634,35098,1020,48419,2645,83517,California
San Luis Obispo,2021-03-26,3133,132143,1757,64035,956,64586,420,3522,1753,35896,1375,49794,2173,85690,California
San Luis Obispo,2021-03-27,992,133135,507,64542,391,64977,94,3616,449,35898,541,50335,543,86233,California
San Luis Obispo,2021-03-28,443,133578,151,64693,236,65213,56,3672,242,35995,201,50536,298,86531,California
San Luis Obispo,2021-03-29,2570,136148,1271,65964,1166,66379,133,3805,1652,36874,906,51442,1785,88316,California
San Luis Obispo,2021-03-30,3491,139639,1905,67869,1444,67823,142,3947,2341,38209,1146,52588,2481,90797,California
San Luis Obispo,2021-03-31,3819,143458,2452,70321,1220,69043,147,4094,2456,39458,1354,53942,2603,93400,California
San Luis Obispo,2021-04-01,3794,147252,2414,72735,1286,70329,94,4188,2681,41129,1104,55046,2775,96175,California
San Luis Obispo,2021-04-02,1744,148996,686,73421,747,71076,311,4499,947,41589,796,55842,1256,97431,California
San Luis Obispo,2021-04-03,1087,150083,552,73973,408,71484,127,4626,472,41578,610,56452,599,98030,California
San Luis Obispo,2021-04-04,378,150461,130,74103,208,71692,40,4666,232,41704,146,56598,272,98302,California
San Luis Obispo,2021-04-05,3595,154056,1943,76046,1542,73234,110,4776,2040,42300,1552,58150,2148,100450,California
San Luis Obispo,2021-04-06,4009,158065,2140,78186,1560,74794,309,5085,1951,42509,2051,60201,2260,102710,California
San Luis Obispo,2021-04-07,4250,162315,2333,80519,1577,76371,340,5425,2461,43534,1774,61975,2799,105509,California
San Luis Obispo,2021-04-08,3989,166304,2187,82706,1413,77784,389,5814,2166,44273,1816,63791,2555,108064,California
San Luis Obispo,2021-04-09,3592,169896,1705,84411,1145,78929,742,6556,1515,44458,2068,65859,2253,110317,California
San Luis Obispo,2021-04-10,1570,171466,559,84970,349,79278,662,7218,482,44513,1087,66946,1142,111459,California
San Luis Obispo,2021-04-11,311,171777,63,85033,185,79463,63,7281,124,44515,185,67131,187,111646,California
San Luis Obispo,2021-04-12,3360,175137,1693,86726,1504,80967,163,7444,1406,44130,1954,69085,1569,113215,California
San Luis Obispo,2021-04-13,3628,178765,2091,88817,1536,82503,1,7445,1963,44432,1663,70748,1965,115180,California
San Luis Obispo,2021-04-14,2841,181606,1676,90493,1162,83665,3,7448,1659,44922,1171,71919,1661,116841,California
San Luis Obispo,2021-04-15,3643,185249,2361,92854,1281,84946,1,7449,1941,45179,1685,73604,1942,118783,California
San Luis Obispo,2021-04-16,3598,188847,2186,95040,1409,86355,3,7452,1793,45173,1801,75405,1795,120578,California
San Luis Obispo,2021-04-17,1097,189944,432,95472,663,87018,2,7454,717,45513,379,75784,719,121297,California
San Luis Obispo,2021-04-18,318,190262,96,95568,221,87239,1,7455,109,45416,207,75991,110,121407,California
San Luis Obispo,2021-04-19,3067,193329,1284,96852,1745,88984,38,7493,1131,44651,1934,77925,1169,122576,California
San Luis Obispo,2021-04-20,3546,196875,1928,98780,1618,90602,0,7493,1372,43861,2162,80087,1372,123948,California
San Luis Obispo,2021-04-21,3888,200763,1782,100562,2106,92708,0,7493,1626,43240,2247,82334,1626,125574,California
San Luis Obispo,2021-04-22,4541,205304,2040,102602,2501,95209,0,7493,1497,41711,3028,85362,1499,127073,California
San Luis Obispo,2021-04-23,1468,206772,850,103452,614,95823,4,7497,703,41666,759,86121,714,127787,California
San Luis Obispo,2021-04-24,1072,207844,444,103896,614,96437,14,7511,494,41600,574,86695,508,128295,California
San Luis Obispo,2021-04-25,344,208188,162,104058,182,96619,0,7511,113,41483,230,86925,113,128408,California
San Luis Obispo,2021-04-26,889,209077,294,104352,586,97205,9,7520,334,41280,545,87470,342,128750,California
San Luis Obispo,2021-04-27,3497,212574,1805,106157,1635,98840,57,7577,1314,40473,2178,89648,1371,130121,California
San Luis Obispo,2021-04-28,3263,215837,1837,107994,1371,100211,55,7632,1139,39558,2109,91757,1194,131315,California
San Luis Obispo,2021-04-29,2008,217845,1126,109120,867,101078,15,7647,553,38680,1446,93203,568,131883,California
San Mateo,2020-12-15,26,26,26,26,0,0,0,0,26,26,0,0,26,26,California
San Mateo,2020-12-16,110,136,110,136,0,0,0,0,110,136,0,0,110,136,California
San Mateo,2020-12-17,163,299,163,299,0,0,0,0,163,299,0,0,163,299,California
San Mateo,2020-12-18,741,1040,739,1038,2,2,0,0,741,1040,0,0,741,1040,California
San Mateo,2020-12-19,511,1551,511,1549,0,2,0,0,511,1551,0,0,511,1551,California
San Mateo,2020-12-20,509,2060,508,2057,1,3,0,0,509,2060,0,0,509,2060,California
San Mateo,2020-12-21,1155,3215,1155,3212,0,3,0,0,1155,3215,0,0,1155,3215,California
San Mateo,2020-12-22,1517,4732,1510,4722,7,10,0,0,1517,4732,0,0,1517,4732,California
San Mateo,2020-12-23,1572,6304,1385,6107,187,197,0,0,1572,6304,0,0,1572,6304,California
San Mateo,2020-12-24,867,7171,609,6716,258,455,0,0,867,7171,0,0,867,7171,California
San Mateo,2020-12-25,114,7285,110,6826,4,459,0,0,114,7285,0,0,114,7285,California
San Mateo,2020-12-26,561,7846,418,7244,143,602,0,0,561,7846,0,0,561,7846,California
San Mateo,2020-12-27,307,8153,176,7420,131,733,0,0,307,8153,0,0,307,8153,California
San Mateo,2020-12-28,1049,9202,703,8123,346,1079,0,0,1049,9202,0,0,1049,9202,California
San Mateo,2020-12-29,1130,10332,705,8828,425,1504,0,0,1130,10332,0,0,1130,10332,California
San Mateo,2020-12-30,1263,11595,760,9588,503,2007,0,0,1263,11595,0,0,1263,11595,California
San Mateo,2020-12-31,717,12312,232,9820,485,2492,0,0,716,12310,1,1,716,12311,California
San Mateo,2021-01-01,47,12359,37,9857,10,2502,0,0,47,12357,0,1,47,12358,California
San Mateo,2021-01-02,397,12756,268,10125,129,2631,0,0,397,12754,0,1,397,12755,California
San Mateo,2021-01-03,282,13038,207,10332,75,2706,0,0,279,13030,3,4,279,13034,California
San Mateo,2021-01-04,1053,14091,680,11012,373,3079,0,0,1053,14083,0,4,1053,14087,California
San Mateo,2021-01-05,1200,15291,705,11717,495,3574,0,0,1171,15226,29,33,1172,15259,California
San Mateo,2021-01-06,1447,16738,950,12667,497,4071,0,0,1266,16314,179,212,1267,16526,California
San Mateo,2021-01-07,1453,18191,807,13474,646,4717,0,0,1164,17197,282,494,1165,17691,California
San Mateo,2021-01-08,1840,20031,1191,14665,649,5366,0,0,1141,17647,692,1186,1142,18833,California
San Mateo,2021-01-09,1180,21211,776,15441,404,5770,0,0,723,17913,457,1643,723,19556,California
San Mateo,2021-01-10,702,21913,573,16014,129,5899,0,0,266,17743,436,2079,266,19822,California
San Mateo,2021-01-11,2594,24507,1485,17499,1109,7008,0,0,1528,18206,1067,3146,1530,21352,California
San Mateo,2021-01-12,3279,27786,1771,19270,1508,8516,0,0,2097,19126,1180,4326,2100,23452,California
San Mateo,2021-01-13,3477,31263,1750,21020,1727,10243,0,0,2444,20540,1033,5359,2447,25899,California
San Mateo,2021-01-14,3776,35039,1583,22603,2193,12436,0,0,3092,22953,684,6043,3097,28996,California
San Mateo,2021-01-15,4330,39369,1710,24313,2620,15056,0,0,3802,26231,526,6569,3804,32800,California
San Mateo,2021-01-16,3084,42453,776,25089,2308,17364,0,0,2765,28677,319,6888,2765,35565,California
San Mateo,2021-01-17,1311,43764,309,25398,1002,18366,0,0,1102,29570,209,7097,1102,36667,California
San Mateo,2021-01-18,1365,45129,533,25931,832,19198,0,0,990,30192,372,7469,994,37661,California
San Mateo,2021-01-19,2794,47923,1784,27715,1010,20208,0,0,2002,31405,789,8258,2002,39663,California
San Mateo,2021-01-20,2658,50581,1403,29118,1255,21463,0,0,1813,32377,842,9100,1814,41477,California
San Mateo,2021-01-21,2828,53409,1280,30398,1548,23011,0,0,2247,34047,580,9680,2250,43727,California
San Mateo,2021-01-22,2786,56195,1129,31527,1657,24668,0,0,2487,36238,297,9977,2488,46215,California
San Mateo,2021-01-23,2882,59077,1688,33215,1194,25862,0,0,2520,38397,362,10339,2521,48736,California
San Mateo,2021-01-24,1519,60596,374,33589,1145,27007,0,0,1210,39299,308,10647,1210,49946,California
San Mateo,2021-01-25,4429,65025,3146,36735,1283,28290,0,0,3534,41943,893,11540,3537,53483,California
San Mateo,2021-01-26,4298,69323,2983,39718,1315,29605,0,0,3394,44434,903,12443,3394,56877,California
San Mateo,2021-01-27,2779,72102,1463,41181,1316,30921,0,0,1785,45233,987,13430,1786,58663,California
San Mateo,2021-01-28,2796,74898,1349,42530,1447,32368,0,0,1948,46348,833,14263,1948,60611,California
San Mateo,2021-01-29,2976,77874,1335,43865,1641,34009,0,0,2144,47666,829,15092,2147,62758,California
San Mateo,2021-01-30,3375,81249,1476,45341,1899,35908,0,0,2918,50129,456,15548,2919,65677,California
San Mateo,2021-01-31,1681,82930,897,46238,784,36692,0,0,1518,51486,161,15709,1518,67195,California
San Mateo,2021-02-01,2924,85854,1345,47583,1579,38271,0,0,2216,52999,704,16413,2217,69412,California
San Mateo,2021-02-02,3172,89026,1728,49311,1444,39715,0,0,2157,54144,1012,17425,2157,71569,California
San Mateo,2021-02-03,4878,93904,1946,51257,2932,42647,0,0,3825,56920,1050,18475,3826,75395,California
San Mateo,2021-02-04,6285,100189,2586,53843,3699,46346,0,0,4927,60498,1352,19827,4930,80325,California
San Mateo,2021-02-05,6795,106984,2554,56397,4241,50587,0,0,4968,63656,1810,21637,4968,85293,California
San Mateo,2021-02-06,3282,110266,1917,58314,1365,51952,0,0,2618,65613,663,22300,2620,87913,California
San Mateo,2021-02-07,1897,112163,1343,59657,554,52506,0,0,1710,67136,187,22487,1710,89623,California
San Mateo,2021-02-08,5276,117439,2244,61901,3032,55538,0,0,3103,68130,2109,24596,3103,92726,California
San Mateo,2021-02-09,6182,123621,3220,65121,2962,58500,0,0,3338,68628,2840,27436,3338,96064,California
San Mateo,2021-02-10,6499,130120,3273,68394,3226,61726,0,0,3544,69226,2946,30382,3544,99608,California
San Mateo,2021-02-11,7051,137171,3580,71974,3471,65197,0,0,3813,69813,3229,33611,3816,103424,California
San Mateo,2021-02-12,6614,143785,2949,74923,3665,68862,0,0,4703,72610,1908,35519,4705,108129,California
San Mateo,2021-02-13,6088,149873,3991,78914,2097,70959,0,0,2637,71800,3447,38966,2637,110766,California
San Mateo,2021-02-14,4630,154503,3016,81930,1614,72573,0,0,1980,71135,2646,41612,1981,112747,California
San Mateo,2021-02-15,3165,157668,1457,83387,1708,74281,0,0,1788,71551,1373,42985,1789,114536,California
San Mateo,2021-02-16,7148,164816,1874,85261,5274,79555,0,0,5284,74974,1863,44848,5286,119822,California
San Mateo,2021-02-17,7055,171871,1934,87195,5121,84676,0,0,5068,78062,1982,46830,5070,124892,California
San Mateo,2021-02-18,6692,178563,4624,91819,2068,86744,0,0,4448,80272,2240,49070,4450,129342,California
San Mateo,2021-02-19,7809,186372,5609,97428,2200,88944,0,0,5820,84109,1983,51053,5820,135162,California
San Mateo,2021-02-20,3732,190104,2417,99845,1315,90259,0,0,2307,84998,1418,52471,2307,137469,California
San Mateo,2021-02-21,2304,192408,1463,101308,841,91100,0,0,1259,85216,1041,53512,1259,138728,California
San Mateo,2021-02-22,4418,196826,3195,104503,1223,92323,0,0,2784,86372,1628,55140,2784,141512,California
San Mateo,2021-02-23,4285,201111,3041,107544,1244,93567,0,0,2480,87053,1799,56939,2480,143992,California
San Mateo,2021-02-24,7265,208376,3247,110791,4018,97585,0,0,4844,89482,2416,59355,4845,148837,California
San Mateo,2021-02-25,9081,217457,4008,114799,5073,102658,0,0,6015,92446,3051,62406,6015,154852,California
San Mateo,2021-02-26,9758,227215,3712,118511,6046,108704,0,0,6838,96381,2907,65313,6842,161694,California
San Mateo,2021-02-27,6680,233895,3412,121923,3267,111971,1,1,3630,96972,3045,68358,3636,165330,California
San Mateo,2021-02-28,4123,238018,2505,124428,1618,113589,0,1,2554,97963,1564,69922,2555,167885,California
San Mateo,2021-03-01,5629,243647,3520,127948,2109,115698,0,1,2785,97914,2834,72756,2785,170670,California
San Mateo,2021-03-02,5780,249427,3975,131923,1804,117502,1,2,3329,98802,2443,75199,3331,174001,California
San Mateo,2021-03-03,8323,257750,3889,135812,4433,121935,1,3,3598,97687,4714,79913,3599,177600,California
San Mateo,2021-03-04,8397,266147,3929,139741,4466,126401,2,5,3797,96905,4583,84496,3801,181401,California
San Mateo,2021-03-05,9075,275222,5975,145716,3097,129498,3,8,6411,100679,2644,87140,6418,187819,California
San Mateo,2021-03-06,7837,283059,5428,151144,2233,131731,176,184,5729,104484,2099,89239,5904,193723,California
San Mateo,2021-03-07,3465,286524,2312,153456,1086,132817,67,251,2004,105098,1457,90696,2071,195794,California
San Mateo,2021-03-08,4426,290950,2469,155925,1740,134557,217,468,3207,107312,1211,91907,3425,199219,California
San Mateo,2021-03-09,4543,295493,2118,158043,2152,136709,273,741,3000,109048,1536,93443,3272,202491,California
San Mateo,2021-03-10,6913,302406,2640,160683,3988,140697,285,1026,4564,111560,2336,95779,4848,207339,California
San Mateo,2021-03-11,9115,311521,5722,166405,3002,143699,391,1417,3704,110271,5383,101162,4094,211433,California
San Mateo,2021-03-12,10485,322006,6603,173008,3507,147206,375,1792,3493,107162,6978,108140,3869,215302,California
San Mateo,2021-03-13,8098,330104,3415,176423,3058,150264,1625,3417,3911,108518,4176,112316,5532,220834,California
San Mateo,2021-03-14,4932,335036,3300,179723,1525,151789,107,3524,2902,109504,2023,114339,3009,223843,California
San Mateo,2021-03-15,7121,342157,4573,184296,2372,154161,176,3700,3765,110095,3350,117689,3941,227784,California
San Mateo,2021-03-16,11903,354060,4354,188650,7426,161587,123,3823,4854,108040,7034,124723,4979,232763,California
San Mateo,2021-03-17,10784,364844,4357,193007,6303,167890,124,3947,4888,107183,5873,130596,5016,237779,California
San Mateo,2021-03-18,7227,372071,4028,197035,3016,170906,183,4130,4305,108751,2918,133514,4486,242265,California
San Mateo,2021-03-19,7358,379429,4718,201753,1973,172879,667,4797,3609,109288,3739,137253,4276,246541,California
San Mateo,2021-03-20,8275,387704,6424,208177,1517,174396,334,5131,5404,112170,2856,140109,5738,252279,California
San Mateo,2021-03-21,4145,391849,3121,211298,793,175189,231,5362,2343,112949,1792,141901,2571,254850,California
San Mateo,2021-03-22,5214,397063,3540,214838,1257,176446,417,5779,2861,113886,2342,144243,3279,258129,California
San Mateo,2021-03-23,9762,406825,4436,219274,5130,181576,196,5975,4650,113648,5083,149326,4845,262974,California
San Mateo,2021-03-24,9424,416249,5428,224702,3856,185432,140,6115,4102,112628,5259,154585,4239,267213,California
San Mateo,2021-03-25,9998,426247,4867,229569,4863,190295,268,6383,4413,111827,5485,160070,4684,271897,California
San Mateo,2021-03-26,11130,437377,7653,237222,3312,193607,165,6548,4451,109801,6643,166713,4617,276514,California
San Mateo,2021-03-27,10423,447800,7958,245180,2361,195968,104,6652,4694,108885,5711,172424,4795,281309,California
San Mateo,2021-03-28,4213,452013,2700,247880,1402,197370,111,6763,2105,109003,2099,174523,2217,283526,California
San Mateo,2021-03-29,6005,458018,3742,251622,2011,199381,252,7015,2850,108967,3138,177661,3102,286628,California
San Mateo,2021-03-30,7053,465071,3996,255618,2904,202285,153,7168,4458,110997,2581,180242,4611,291239,California
San Mateo,2021-03-31,7190,472261,4544,260162,2508,204793,138,7306,4055,112070,3120,183362,4193,295432,California
San Mateo,2021-04-01,10381,482642,5091,265253,4112,208905,1178,8484,5574,114048,4773,188135,6751,302183,California
San Mateo,2021-04-02,10593,493235,5055,270308,3980,212885,1558,10042,5546,116122,5030,193165,7104,309287,California
San Mateo,2021-04-03,9625,502860,5465,275773,2430,215315,1730,11772,4848,117928,4773,197938,6579,315866,California
San Mateo,2021-04-04,5379,508239,2593,278366,1540,216855,1246,13018,1704,117212,3666,201604,2950,318816,California
San Mateo,2021-04-05,8922,517161,4745,283111,2443,219298,1734,14752,3849,117731,5063,206667,5582,324398,California
San Mateo,2021-04-06,13066,530227,8180,291291,3036,222334,1850,16602,7462,121459,5592,212259,9320,333718,California
San Mateo,2021-04-07,11299,541526,5236,296527,4393,226727,1670,18272,4794,121432,6485,218744,6458,340176,California
San Mateo,2021-04-08,9992,551518,4994,301521,2440,229167,2558,20830,4434,122872,5545,224289,6985,347161,California
San Mateo,2021-04-09,11197,562715,5428,306949,3297,232464,2472,23302,5028,124212,6156,230445,7496,354657,California
San Mateo,2021-04-10,11096,573811,5642,312591,4038,236502,1416,24718,4600,123751,6474,236919,6013,360670,California
San Mateo,2021-04-11,6594,580405,3267,315858,880,237382,2447,27165,2326,124257,4262,241181,4768,365438,California
San Mateo,2021-04-12,7285,587690,4459,320317,1871,239253,955,28120,3540,125023,3730,244911,4496,369934,California
San Mateo,2021-04-13,8092,595782,5056,325373,3027,242280,9,28129,4284,125516,3802,248713,4295,374229,California
San Mateo,2021-04-14,8323,604105,5413,330786,2908,245188,2,28131,4305,125821,4008,252721,4313,378542,California
San Mateo,2021-04-15,10926,615031,7265,338051,3660,248848,1,28132,7169,129260,3733,256454,7172,385714,California
San Mateo,2021-04-16,9923,624954,6858,344909,3049,251897,16,28148,6319,132011,3590,260044,6341,392055,California
San Mateo,2021-04-17,9588,634542,6403,351312,3182,255079,3,28151,6080,134598,3501,263545,6088,398143,California
San Mateo,2021-04-18,5386,639928,2579,353891,2807,257886,0,28151,3652,136531,1725,265270,3658,401801,California
San Mateo,2021-04-19,8304,648232,5398,359289,2906,260792,0,28151,5391,139024,2905,268175,5398,407199,California
San Mateo,2021-04-20,10184,658416,5646,364935,4538,265330,0,28151,6548,141961,3621,271796,6558,413757,California
San Mateo,2021-04-21,8892,667308,6007,370942,2885,268215,0,28151,5499,144085,3382,275178,5506,419263,California
San Mateo,2021-04-22,9085,676393,6202,377144,2882,271097,1,28152,5197,145427,3861,279039,5203,424466,California
San Mateo,2021-04-23,9296,685689,6086,383230,3210,274307,0,28152,5184,146537,4089,283128,5199,429665,California
San Mateo,2021-04-24,11147,696836,7988,391218,3159,277466,0,28152,6029,147473,5101,288229,6037,435702,California
San Mateo,2021-04-25,5481,702317,3848,395066,1632,279098,1,28153,3895,149802,1576,289805,3905,439607,California
San Mateo,2021-04-26,5923,708240,4340,399406,1576,280674,7,28160,3435,150772,2483,292288,3453,443060,California
San Mateo,2021-04-27,10399,718639,7396,406802,2900,283574,103,28263,4111,148722,6268,298556,4218,447278,California
San Mateo,2021-04-28,6883,725522,3856,410658,2839,286413,188,28451,3618,149274,3257,301813,3809,451087,California
San Mateo,2021-04-29,4619,730141,1958,412616,2642,289055,19,28470,1989,148669,2620,304433,2015,453102,California
Santa Barbara,2020-12-15,2,2,2,2,0,0,0,0,2,2,0,0,2,2,California
Santa Barbara,2020-12-16,2,4,2,4,0,0,0,0,2,4,0,0,2,4,California
Santa Barbara,2020-12-17,53,57,53,57,0,0,0,0,53,57,0,0,53,57,California
Santa Barbara,2020-12-18,378,435,377,434,1,1,0,0,378,435,0,0,378,435,California
Santa Barbara,2020-12-19,325,760,325,759,0,1,0,0,325,760,0,0,325,760,California
Santa Barbara,2020-12-20,235,995,235,994,0,1,0,0,235,995,0,0,235,995,California
Santa Barbara,2020-12-21,651,1646,649,1643,2,3,0,0,651,1646,0,0,651,1646,California
Santa Barbara,2020-12-22,243,1889,241,1884,2,5,0,0,243,1889,0,0,243,1889,California
Santa Barbara,2020-12-23,320,2209,202,2086,118,123,0,0,320,2209,0,0,320,2209,California
Santa Barbara,2020-12-24,88,2297,40,2126,48,171,0,0,88,2297,0,0,88,2297,California
Santa Barbara,2020-12-26,326,2623,66,2192,260,431,0,0,326,2623,0,0,326,2623,California
Santa Barbara,2020-12-27,62,2685,1,2193,61,492,0,0,62,2685,0,0,62,2685,California
Santa Barbara,2020-12-28,356,3041,223,2416,133,625,0,0,356,3041,0,0,356,3041,California
Santa Barbara,2020-12-29,554,3595,360,2776,194,819,0,0,554,3595,0,0,554,3595,California
Santa Barbara,2020-12-30,587,4182,405,3181,182,1001,0,0,587,4182,0,0,587,4182,California
Santa Barbara,2020-12-31,240,4422,114,3295,126,1127,0,0,240,4422,0,0,240,4422,California
Santa Barbara,2021-01-01,110,4532,108,3403,2,1129,0,0,110,4532,0,0,110,4532,California
Santa Barbara,2021-01-02,587,5119,223,3626,364,1493,0,0,587,5119,0,0,587,5119,California
Santa Barbara,2021-01-03,23,5142,15,3641,8,1501,0,0,23,5142,0,0,23,5142,California
Santa Barbara,2021-01-04,309,5451,246,3887,63,1564,0,0,308,5450,0,0,308,5450,California
Santa Barbara,2021-01-05,751,6202,378,4265,373,1937,0,0,724,6147,27,27,724,6174,California
Santa Barbara,2021-01-06,655,6857,276,4541,379,2316,0,0,596,6685,58,85,596,6770,California
Santa Barbara,2021-01-07,1032,7889,710,5251,322,2638,0,0,527,6711,501,586,527,7297,California
Santa Barbara,2021-01-08,1201,9090,840,6091,361,2999,0,0,708,6926,493,1079,708,8005,California
Santa Barbara,2021-01-09,566,9656,293,6384,273,3272,0,0,320,7000,246,1325,320,8325,California
Santa Barbara,2021-01-10,62,9718,50,6434,12,3284,0,0,46,7030,16,1341,46,8371,California
Santa Barbara,2021-01-11,837,10555,668,7102,169,3453,0,0,614,7422,222,1563,614,8985,California
Santa Barbara,2021-01-12,1426,11981,634,7736,792,4245,0,0,1270,8536,156,1719,1270,10255,California
Santa Barbara,2021-01-13,1227,13208,280,8016,947,5192,0,0,1101,9511,126,1845,1101,11356,California
Santa Barbara,2021-01-14,1250,14458,134,8150,1116,6308,0,0,1196,10655,53,1898,1197,12553,California
Santa Barbara,2021-01-15,1801,16259,419,8569,1382,7690,0,0,1720,12295,80,1978,1720,14273,California
Santa Barbara,2021-01-16,1272,17531,202,8771,1070,8760,0,0,1233,13490,38,2016,1233,15506,California
Santa Barbara,2021-01-17,123,17654,20,8791,103,8863,0,0,120,13607,3,2019,120,15626,California
Santa Barbara,2021-01-18,1151,18805,417,9208,734,9597,0,0,966,14388,185,2204,966,16592,California
Santa Barbara,2021-01-19,1638,20443,569,9777,1069,10666,0,0,1360,15471,277,2481,1360,17952,California
Santa Barbara,2021-01-20,2013,22456,462,10239,1551,12217,0,0,1710,16879,302,2783,1710,19662,California
Santa Barbara,2021-01-21,3087,25543,1818,12057,1269,13486,0,0,2929,19651,158,2941,2930,22592,California
Santa Barbara,2021-01-22,3013,28556,1862,13919,1151,14637,0,0,2856,22353,154,3095,2856,25448,California
Santa Barbara,2021-01-23,1734,30290,1106,15025,628,15265,0,0,1224,23068,509,3604,1224,26672,California
Santa Barbara,2021-01-24,844,31134,752,15777,92,15357,0,0,835,23894,9,3613,835,27507,California
Santa Barbara,2021-01-25,1242,32376,500,16277,742,16099,0,0,1002,24656,240,3853,1002,28509,California
Santa Barbara,2021-01-26,2047,34423,467,16744,1580,17679,0,0,1660,25931,385,4238,1660,30169,California
Santa Barbara,2021-01-27,1163,35586,400,17144,763,18442,0,0,903,26576,259,4497,904,31073,California
Santa Barbara,2021-01-28,893,36479,297,17441,596,19038,0,0,679,27044,211,4708,679,31752,California
Santa Barbara,2021-01-29,1334,37813,539,17980,795,19833,0,0,981,27677,350,5058,983,32735,California
Santa Barbara,2021-01-30,1890,39703,1418,19398,472,20305,0,0,1486,28762,401,5459,1486,34221,California
Santa Barbara,2021-01-31,1454,41157,1216,20614,238,20543,0,0,1415,30138,39,5498,1415,35636,California
Santa Barbara,2021-02-01,939,42096,517,21131,422,20965,0,0,552,30303,387,5885,552,36188,California
Santa Barbara,2021-02-02,1821,43917,699,21830,1122,22087,0,0,1046,30576,773,6658,1046,37234,California
Santa Barbara,2021-02-03,1941,45858,1078,22908,863,22950,0,0,1499,31643,432,7090,1499,38733,California
Santa Barbara,2021-02-04,2774,48632,1862,24770,912,23862,0,0,2479,33832,290,7380,2479,41212,California
Santa Barbara,2021-02-05,2905,51537,2060,26830,845,24707,0,0,2262,35452,642,8022,2262,43474,California
Santa Barbara,2021-02-06,1207,52744,339,27169,868,25575,0,0,796,35837,411,8433,796,44270,California
Santa Barbara,2021-02-07,300,53044,262,27431,38,25613,0,0,265,36068,34,8467,265,44535,California
Santa Barbara,2021-02-08,955,53999,311,27742,644,26257,0,0,669,36451,286,8753,669,45204,California
Santa Barbara,2021-02-09,2438,56437,313,28055,2125,28382,0,0,1120,36262,1309,10062,1120,46324,California
Santa Barbara,2021-02-10,2762,59199,1498,29553,1264,29646,0,0,803,35115,1950,12012,803,47127,California
Santa Barbara,2021-02-11,4181,63380,2804,32357,1377,31023,0,0,623,32187,3551,15563,623,47750,California
Santa Barbara,2021-02-12,3308,66688,948,33305,2360,33383,0,0,772,30428,2531,18094,772,48522,California
Santa Barbara,2021-02-13,1235,67923,341,33646,894,34277,0,0,561,30318,671,18765,561,49083,California
Santa Barbara,2021-02-14,331,68254,34,33680,297,34574,0,0,285,30557,46,18811,285,49368,California
Santa Barbara,2021-02-15,964,69218,337,34017,627,35201,0,0,491,30580,468,19279,491,49859,California
Santa Barbara,2021-02-16,2109,71327,397,34414,1712,36913,0,0,716,29907,1389,20668,716,50575,California
Santa Barbara,2021-02-17,1434,72761,320,34734,1114,38027,0,0,521,29517,911,21579,521,51096,California
Santa Barbara,2021-02-18,3252,76013,2647,37381,605,38632,0,0,1519,29337,1699,23278,1519,52615,California
Santa Barbara,2021-02-19,3595,79608,2642,40023,953,39585,0,0,2329,30403,1263,24541,2329,54944,California
Santa Barbara,2021-02-20,2220,81828,1434,41457,786,40371,0,0,1668,31528,543,25084,1668,56612,California
Santa Barbara,2021-02-21,125,81953,97,41554,28,40399,0,0,58,31519,67,25151,58,56670,California
Santa Barbara,2021-02-22,934,82887,244,41798,690,41089,0,0,260,31111,668,25819,260,56930,California
Santa Barbara,2021-02-23,3182,86069,1044,42842,2138,43227,0,0,419,28769,2761,28580,419,57349,California
Santa Barbara,2021-02-24,3196,89265,1087,43929,2109,45336,0,0,721,27025,2465,31045,721,58070,California
Santa Barbara,2021-02-25,3450,92715,1917,45846,1533,46869,0,0,984,25551,2459,33504,985,59055,California
Santa Barbara,2021-02-26,3663,96378,2174,48020,1489,48358,0,0,1979,25853,1677,35181,1979,61034,California
Santa Barbara,2021-02-27,1526,97904,561,48581,965,49323,0,0,846,26027,674,35855,848,61882,California
Santa Barbara,2021-02-28,1084,98988,221,48802,863,50186,0,0,892,26733,187,36042,893,62775,California
Santa Barbara,2021-03-01,1628,100616,463,49265,1165,51351,0,0,1081,27279,536,36578,1082,63857,California
Santa Barbara,2021-03-02,2616,103232,413,49678,2203,53554,0,0,2120,28916,484,37062,2121,65978,California
Santa Barbara,2021-03-03,4625,107857,2099,51777,2525,56079,1,1,4031,32367,584,37646,4035,70013,California
Santa Barbara,2021-03-04,3413,111270,2280,54057,1133,57212,0,1,2861,34684,544,38190,2861,72874,California
Santa Barbara,2021-03-05,3806,115076,2157,56214,1590,58802,59,60,3082,37107,718,38908,3141,76015,California
Santa Barbara,2021-03-06,2434,117510,725,56939,1489,60291,220,280,1667,38230,763,39671,1886,77901,California
Santa Barbara,2021-03-07,559,118069,122,57061,308,60599,129,409,381,38564,177,39848,511,78412,California
Santa Barbara,2021-03-08,1572,119641,376,57437,854,61453,342,751,792,38924,774,40622,1134,79546,California
Santa Barbara,2021-03-09,2767,122408,324,57761,1673,63126,770,1521,718,38362,2046,42668,1484,81030,California
Santa Barbara,2021-03-10,2750,125158,544,58305,1159,64285,1047,2568,1033,38731,1711,44379,2080,83110,California
Santa Barbara,2021-03-11,5571,130729,3029,61334,1430,65715,1112,3680,2281,38841,3278,47657,3388,86498,California
Santa Barbara,2021-03-12,3656,134385,2092,63426,1135,66850,429,4109,2172,39963,1476,49133,2598,89096,California
Santa Barbara,2021-03-13,3470,137855,1923,65349,1338,68188,209,4318,2693,42090,776,49909,2903,91999,California
Santa Barbara,2021-03-14,776,138631,367,65716,352,68540,57,4375,458,42287,318,50227,515,92514,California
Santa Barbara,2021-03-15,2103,140734,694,66410,1118,69658,291,4666,1267,43010,833,51060,1556,94070,California
Santa Barbara,2021-03-16,3724,144458,1170,67580,2213,71871,341,5007,2741,45112,980,52040,3082,97152,California
Santa Barbara,2021-03-17,3294,147752,969,68549,1920,73791,405,5412,2304,46831,988,53028,2707,99859,California
Santa Barbara,2021-03-18,5118,152870,2797,71346,2121,75912,200,5612,3898,49721,1208,54236,4098,103957,California
Santa Barbara,2021-03-19,4436,157306,2763,74109,1341,77253,332,5944,3048,51716,1384,55620,3379,107336,California
Santa Barbara,2021-03-20,2160,159466,827,74936,1322,78575,11,5955,1326,52220,832,56452,1336,108672,California
Santa Barbara,2021-03-21,1162,160628,382,75318,751,79326,29,5984,838,52764,323,56775,867,109539,California
Santa Barbara,2021-03-22,2775,163403,1912,77230,819,80145,44,6028,2223,54486,545,57320,2267,111806,California
Santa Barbara,2021-03-23,4469,167872,2248,79478,2125,82270,96,6124,3709,57541,750,58070,3805,115611,California
Santa Barbara,2021-03-24,5384,173256,3155,82633,1496,83766,733,6857,2956,58820,2409,60479,3688,119299,California
Santa Barbara,2021-03-25,5541,178797,3275,85908,2079,85845,187,7044,2772,59025,2754,63233,2959,122258,California
Santa Barbara,2021-03-26,5075,183872,3217,89125,1560,87405,298,7342,2236,58736,2823,66056,2534,124792,California
Santa Barbara,2021-03-27,2924,186796,1221,90346,1660,89065,43,7385,1593,59044,1326,67382,1634,126426,California
Santa Barbara,2021-03-28,2768,189564,1646,91992,1094,90159,28,7413,1885,60080,878,68260,1914,128340,California
Santa Barbara,2021-03-29,4040,193604,2086,94078,1885,92044,69,7482,3232,62579,802,69062,3301,131641,California
Santa Barbara,2021-03-30,6785,200389,3506,97584,3131,95175,148,7630,4561,65077,2209,71271,4707,136348,California
Santa Barbara,2021-03-31,8632,209021,5510,103094,3057,98232,65,7695,5056,66638,3560,74831,5121,141469,California
Santa Barbara,2021-04-01,6900,215921,5085,108179,1557,99789,258,7953,4056,68119,2831,77662,4312,145781,California
Santa Barbara,2021-04-02,6586,222507,4518,112697,1476,101265,592,8545,3376,68883,3203,80865,3967,149748,California
Santa Barbara,2021-04-03,3778,226285,2097,114794,1613,102878,68,8613,2490,70156,1284,82149,2557,152305,California
Santa Barbara,2021-04-04,896,227181,444,115238,412,103290,40,8653,498,70298,396,82545,538,152843,California
Santa Barbara,2021-04-05,3442,230623,2270,117508,915,104205,257,8910,2153,71425,1283,83828,2410,155253,California
Santa Barbara,2021-04-06,5436,236059,2804,120312,2098,106303,534,9444,3323,73181,2099,85927,3855,159108,California
Santa Barbara,2021-04-07,5975,242034,3276,123588,2159,108462,540,9984,4070,75895,1894,87821,4608,163716,California
Santa Barbara,2021-04-08,7373,249407,5023,128611,637,109099,1713,11697,3406,77047,3965,91786,5117,168833,California
Santa Barbara,2021-04-09,7281,256688,4860,133471,1076,110175,1345,13042,3296,77706,3978,95764,4637,173470,California
Santa Barbara,2021-04-10,6635,263323,4596,138067,1423,111598,616,13658,4515,80720,2116,97880,5130,178600,California
Santa Barbara,2021-04-11,2653,265976,1941,140008,414,112012,298,13956,1834,82034,814,98694,2128,180728,California
Santa Barbara,2021-04-12,4442,270418,2864,142872,1024,113036,554,14510,1938,82026,2498,101192,2490,183218,California
Santa Barbara,2021-04-13,6294,276712,4136,147008,2152,115188,6,14516,2609,80957,3683,104875,2614,185832,California
Santa Barbara,2021-04-14,6736,283448,4413,151421,2321,117509,2,14518,4222,82675,2505,107380,4223,190055,California
Santa Barbara,2021-04-15,6936,290384,4091,155512,2844,120353,1,14519,3844,83441,3080,110460,3846,193901,California
Santa Barbara,2021-04-16,6372,296756,3746,159258,2615,122968,11,14530,4393,85880,1964,112424,4403,198304,California
Santa Barbara,2021-04-17,5307,302063,3867,163125,1440,124408,0,14530,4103,88787,1196,113620,4103,202407,California
Santa Barbara,2021-04-18,2121,304184,1472,164597,649,125057,0,14530,370,87411,1747,115367,371,202778,California
Santa Barbara,2021-04-19,3198,307382,2217,166814,976,126033,5,14535,1002,86226,2193,117560,1008,203786,California
Santa Barbara,2021-04-20,5870,313252,3948,170762,1921,127954,1,14536,1660,83688,4198,121758,1660,205446,California
Santa Barbara,2021-04-21,5475,318727,3638,174400,1837,129791,0,14536,1750,81725,3713,125471,1750,207196,California
Santa Barbara,2021-04-22,4970,323697,2449,176849,2520,132311,1,14537,1463,79696,3494,128965,1465,208661,California
Santa Barbara,2021-04-23,5526,329223,3873,180722,1653,133964,0,14537,1952,78084,3564,132529,1952,210613,California
Santa Barbara,2021-04-24,4417,333640,2876,183598,1536,135500,5,14542,1666,77011,2744,135273,1671,212284,California
Santa Barbara,2021-04-25,1832,335472,1186,184784,646,136146,0,14542,500,76187,1324,136597,500,212784,California
Santa Barbara,2021-04-26,2851,338323,1775,186559,1056,137202,20,14562,430,74222,2415,139012,450,213234,California
Santa Barbara,2021-04-27,3554,341877,1980,188539,1487,138689,87,14649,1071,72904,2475,141487,1157,214391,California
Santa Barbara,2021-04-28,4628,346505,2726,191265,1787,140476,115,14764,1297,70997,3320,144807,1413,215804,California
Santa Barbara,2021-04-29,2171,348676,1619,192884,505,140981,47,14811,794,70471,1368,146175,842,216646,California
Santa Clara,2020-12-15,65,65,65,65,0,0,0,0,65,65,0,0,65,65,California
Santa Clara,2020-12-16,136,201,136,201,0,0,0,0,136,201,0,0,136,201,California
Santa Clara,2020-12-17,391,592,391,592,0,0,0,0,391,592,0,0,391,592,California
Santa Clara,2020-12-18,1673,2265,1673,2265,0,0,0,0,1673,2265,0,0,1673,2265,California
Santa Clara,2020-12-19,2077,4342,2077,4342,0,0,0,0,2076,4341,0,0,2076,4341,California
Santa Clara,2020-12-20,1897,6239,1891,6233,6,6,0,0,1894,6235,0,0,1894,6235,California
Santa Clara,2020-12-21,2670,8909,2670,8903,0,6,0,0,2668,8903,0,0,2668,8903,California
Santa Clara,2020-12-22,3122,12031,3113,12016,9,15,0,0,3119,12022,0,0,3119,12022,California
Santa Clara,2020-12-23,3257,15288,3072,15088,185,200,0,0,3255,15277,0,0,3255,15277,California
Santa Clara,2020-12-24,1897,17185,1711,16799,186,386,0,0,1891,17167,1,1,1891,17168,California
Santa Clara,2020-12-25,343,17528,342,17141,1,387,0,0,343,17510,0,1,343,17511,California
Santa Clara,2020-12-26,1263,18791,1031,18172,232,619,0,0,1262,18772,0,1,1262,18773,California
Santa Clara,2020-12-27,647,19438,507,18679,140,759,0,0,647,19419,0,1,647,19420,California
Santa Clara,2020-12-28,2330,21768,1728,20407,602,1361,0,0,2330,21749,0,1,2330,21750,California
Santa Clara,2020-12-29,2327,24095,1467,21874,860,2221,0,0,2325,24074,0,1,2325,24075,California
Santa Clara,2020-12-30,2991,27086,1900,23774,1091,3312,0,0,2989,27061,2,3,2989,27064,California
Santa Clara,2020-12-31,1210,28296,386,24160,824,4136,0,0,1209,28269,1,4,1209,28273,California
Santa Clara,2021-01-01,140,28436,9,24169,131,4267,0,0,139,28407,1,5,139,28412,California
Santa Clara,2021-01-02,1081,29517,812,24981,269,4536,0,0,1081,29488,0,5,1081,29493,California
Santa Clara,2021-01-03,583,30100,368,25349,215,4751,0,0,578,30063,3,8,578,30071,California
Santa Clara,2021-01-04,2468,32568,1669,27018,799,5550,0,0,2465,32528,0,8,2465,32536,California
Santa Clara,2021-01-05,3063,35631,2007,29025,1056,6606,0,0,2875,35222,187,195,2881,35417,California
Santa Clara,2021-01-06,3323,38954,1957,30982,1366,7972,0,0,2749,37402,570,765,2750,38167,California
Santa Clara,2021-01-07,4214,43168,2556,33538,1658,9630,0,0,3146,39495,1058,1823,3151,41318,California
Santa Clara,2021-01-08,5840,49008,3817,37355,2023,11653,0,0,3788,41235,2048,3871,3788,45106,California
Santa Clara,2021-01-09,2971,51979,1863,39218,1108,12761,0,0,1687,41641,1284,5155,1690,46796,California
Santa Clara,2021-01-10,1956,53935,1512,40730,444,13205,0,0,743,41172,1212,6367,743,47539,California
Santa Clara,2021-01-11,5937,59872,3737,44467,2200,15405,0,0,3375,41991,2561,8928,3380,50919,California
Santa Clara,2021-01-12,6800,66672,3399,47866,3401,18806,0,0,4557,44307,2242,11170,4558,55477,California
Santa Clara,2021-01-13,7363,74035,3043,50909,4320,23126,0,0,5197,47341,2164,13334,5198,60675,California
Santa Clara,2021-01-14,8223,82258,2789,53698,5434,28560,0,0,6485,52095,1733,15067,6487,67162,California
Santa Clara,2021-01-15,9450,91708,2681,56379,6769,35329,0,0,8135,58923,1312,16379,8140,75302,California
Santa Clara,2021-01-16,4298,96006,1225,57604,3073,38402,0,0,3466,61561,828,17207,3466,78768,California
Santa Clara,2021-01-17,3215,99221,603,58207,2612,41014,0,0,2718,63782,497,17704,2718,81486,California
Santa Clara,2021-01-18,5086,104307,1150,59357,3936,44950,0,0,4534,67765,552,18256,4535,86021,California
Santa Clara,2021-01-19,8467,112774,2664,62021,5803,50753,0,0,6793,72890,1671,19927,6796,92817,California
Santa Clara,2021-01-20,7996,120770,4024,66045,3972,54725,0,0,6455,77809,1536,21463,6455,99272,California
Santa Clara,2021-01-21,8553,129323,3647,69692,4906,59631,0,0,7399,84058,1152,22615,7401,106673,California
Santa Clara,2021-01-22,8582,137905,3202,72894,5380,65011,0,0,8019,91518,562,23177,8022,114695,California
Santa Clara,2021-01-23,3781,141686,1688,74582,2093,67104,0,0,2823,93384,958,24135,2824,117519,California
Santa Clara,2021-01-24,2824,144510,1421,76003,1403,68507,0,0,2338,95239,483,24618,2338,119857,California
Santa Clara,2021-01-25,8371,152881,3784,79787,4587,73094,0,0,6308,99496,2055,26673,6312,126169,California
Santa Clara,2021-01-26,8232,161113,3763,83550,4469,77563,0,0,6118,103512,2104,28777,6120,132289,California
Santa Clara,2021-01-27,8708,169821,3824,87374,4884,82447,0,0,6787,108400,1900,30677,6788,139077,California
Santa Clara,2021-01-28,9450,179271,3791,91165,5659,88106,0,0,7496,113966,1934,32611,7500,146577,California
Santa Clara,2021-01-29,9502,188773,3938,95103,5564,93670,0,0,7334,119142,2159,34770,7335,153912,California
Santa Clara,2021-01-30,4177,192950,2069,97172,2108,95778,0,0,2972,120917,1198,35968,2973,156885,California
Santa Clara,2021-01-31,2172,195122,1303,98475,869,96647,0,0,1581,121910,588,36556,1581,158466,California
Santa Clara,2021-02-01,7828,202950,3483,101958,4345,100992,0,0,6142,126374,1679,38235,6143,164609,California
Santa Clara,2021-02-02,8517,211467,2872,104830,5645,106637,0,0,6523,130912,1988,40223,6526,171135,California
Santa Clara,2021-02-03,9192,220659,3481,108311,5711,112348,0,0,6917,135566,2269,42492,6923,178058,California
Santa Clara,2021-02-04,10881,231540,4114,112425,6767,119115,0,0,8602,141902,2269,44761,8605,186663,California
Santa Clara,2021-02-05,11902,243442,4343,116768,7559,126674,0,0,8445,146906,3442,48203,8446,195109,California
Santa Clara,2021-02-06,5180,248622,2816,119584,2364,129038,0,0,4018,149768,1158,49361,4020,199129,California
Santa Clara,2021-02-07,3472,252094,2347,121931,1125,130163,0,0,3019,152336,452,49813,3020,202149,California
Santa Clara,2021-02-08,10004,262098,3478,125409,6526,136689,0,0,7289,156925,2701,52514,7290,209439,California
Santa Clara,2021-02-09,11146,273244,3811,129220,7335,144024,0,0,7669,161130,3467,55981,7672,217111,California
Santa Clara,2021-02-10,12618,285862,4894,134114,7724,151748,0,0,6896,162319,5709,61690,6898,224009,California
Santa Clara,2021-02-11,13475,299337,4710,138824,8765,160513,0,0,7681,164221,5780,67470,7682,231691,California
Santa Clara,2021-02-12,14532,313869,4483,143307,10049,170562,0,0,7011,163733,7501,74971,7013,238704,California
Santa Clara,2021-02-13,6061,319930,1449,144756,4612,175174,0,0,2209,162098,3846,78817,2211,240915,California
Santa Clara,2021-02-14,4613,324543,1140,145896,3473,178647,0,0,1468,160424,3144,81961,1470,242385,California
Santa Clara,2021-02-15,6246,330789,2796,148692,3450,182097,0,0,2702,159588,3538,85499,2702,245087,California
Santa Clara,2021-02-16,13753,344542,3994,152686,9759,191856,0,0,6922,159696,6814,92313,6922,252009,California
Santa Clara,2021-02-17,14059,358601,5487,158173,8572,200428,0,0,7044,159748,6997,99310,7049,259058,California
Santa Clara,2021-02-18,14173,372774,8350,166523,5823,206251,0,0,7225,160070,6906,106216,7228,266286,California
Santa Clara,2021-02-19,14789,387563,9514,176037,5275,211526,0,0,8604,162509,6169,112385,8608,274894,California
Santa Clara,2021-02-20,6808,394371,5095,181132,1713,213239,0,0,3672,163054,3127,115512,3672,278566,California
Santa Clara,2021-02-21,3242,397613,2426,183558,816,214055,0,0,1164,162150,2070,117582,1166,279732,California
Santa Clara,2021-02-22,10152,407765,6081,189639,4071,218126,0,0,4736,161481,5406,122988,4737,284469,California
Santa Clara,2021-02-23,11860,419625,7696,197335,4164,222290,0,0,6731,163100,5116,128104,6735,291204,California
Santa Clara,2021-02-24,14120,433745,9091,206426,5029,227319,0,0,8741,166478,5363,133467,8741,299945,California
Santa Clara,2021-02-25,14583,448328,9230,215656,5353,232672,0,0,7871,167663,6691,140158,7876,307821,California
Santa Clara,2021-02-26,14550,462878,8434,224090,6116,238788,0,0,7997,169136,6527,146685,8000,315821,California
Santa Clara,2021-02-27,8054,470932,5494,229584,2559,241347,1,1,4454,170008,3590,150275,4462,320283,California
Santa Clara,2021-02-28,4713,475645,3067,232651,1646,242993,0,1,2203,169710,2501,152776,2203,322486,California
Santa Clara,2021-03-01,14060,489705,7970,240621,6087,249080,3,4,8701,173074,5340,158116,8704,331190,California
Santa Clara,2021-03-02,15842,505547,9382,250003,6460,255540,0,4,10103,177462,5716,163832,10104,341294,California
Santa Clara,2021-03-03,18410,523957,9035,259038,9374,264914,1,5,11442,181980,6931,170763,11449,352743,California
Santa Clara,2021-03-04,16359,540316,8915,267953,7441,272355,3,8,9536,184774,6747,177510,9541,362284,California
Santa Clara,2021-03-05,16442,556758,9127,277080,7190,279545,125,133,9119,186718,7304,184814,9248,371532,California
Santa Clara,2021-03-06,9350,566108,6266,283346,2649,282194,435,568,7045,191906,2292,187106,7480,379012,California
Santa Clara,2021-03-07,6717,572825,4408,287754,2078,284272,231,799,5351,196129,1358,188464,5581,384593,California
Santa Clara,2021-03-08,12830,585655,6678,294432,5590,289862,562,1361,8219,200316,4595,193059,8782,393375,California
Santa Clara,2021-03-09,14900,600555,6214,300646,7359,297221,1327,2688,6592,199943,8290,201349,7917,401292,California
Santa Clara,2021-03-10,14987,615542,6469,307115,6415,303636,2103,4791,6105,199274,8857,210206,8188,409480,California
Santa Clara,2021-03-11,16978,632520,7731,314846,7744,311380,1503,6294,6033,195880,10918,221124,7524,417004,California
Santa Clara,2021-03-12,17616,650136,9060,323906,6988,318368,1568,7862,5944,191745,11633,232757,7498,424502,California
Santa Clara,2021-03-13,10689,660825,6186,330092,3016,321384,1487,9349,4786,192122,5880,238637,6257,430759,California
Santa Clara,2021-03-14,6474,667299,3349,333441,1824,323208,1301,10650,3196,193348,3263,241900,4489,435248,California
Santa Clara,2021-03-15,12739,680038,6515,339956,5956,329164,268,10918,5965,192829,6753,248653,6234,441482,California
Santa Clara,2021-03-16,18117,698155,10245,350201,7665,336829,207,11125,8782,192509,9307,257960,8987,450469,California
Santa Clara,2021-03-17,19799,717954,11213,361414,8418,345247,168,11293,10224,193368,9528,267488,10387,460856,California
Santa Clara,2021-03-18,18968,736922,8867,370281,8941,354188,1160,12453,9032,193673,9883,277371,10188,471044,California
Santa Clara,2021-03-19,19141,756063,9840,380121,8304,362492,997,13450,9939,195455,9146,286517,10928,481972,California
Santa Clara,2021-03-20,11455,767518,6289,386410,4339,366831,827,14277,6736,198323,4691,291208,7559,489531,California
Santa Clara,2021-03-21,8245,775763,3725,390135,3121,369952,1399,15676,5532,202541,2703,293911,6921,496452,California
Santa Clara,2021-03-22,16233,791996,9050,399185,6840,376792,343,16019,9278,205230,6932,300843,9621,506073,California
Santa Clara,2021-03-23,19132,811128,12172,411357,6448,383240,512,16531,11223,209101,7864,308707,11735,517808,California
Santa Clara,2021-03-24,22487,833615,14488,425845,7590,390830,409,16940,14603,216273,7842,316549,15014,532822,California
Santa Clara,2021-03-25,22807,856422,13054,438899,8769,399599,984,17924,14726,223953,8019,324568,15699,548521,California
Santa Clara,2021-03-26,21794,878216,13886,452785,7525,407124,383,18307,13479,229531,8279,332847,13857,562378,California
Santa Clara,2021-03-27,15584,893800,10374,463159,4447,411571,763,19070,8398,231543,7145,339992,9157,571535,California
Santa Clara,2021-03-28,11979,905779,8288,471447,2978,414549,713,19783,6480,233256,5475,345467,7188,578723,California
Santa Clara,2021-03-29,20496,926275,12580,484027,7191,421740,725,20508,11162,235842,9296,354763,11882,590605,California
Santa Clara,2021-03-30,25477,951752,15175,499202,8369,430109,1933,22441,16304,244933,9140,363903,18231,608836,California
Santa Clara,2021-03-31,20280,972032,11770,510972,7386,437495,1124,23565,12534,250870,7712,371615,13649,622485,California
Santa Clara,2021-04-01,31403,1003435,19639,530611,8775,446270,2989,26554,19843,262190,11502,383117,22822,645307,California
Santa Clara,2021-04-02,24854,1028289,14195,544806,8548,454818,2111,28665,16218,271906,8606,391723,18322,663629,California
Santa Clara,2021-04-03,15086,1043375,9157,553963,3446,458264,2483,31148,8369,276054,6698,398421,10846,674475,California
Santa Clara,2021-04-04,7562,1050937,4002,557965,2406,460670,1154,32302,3928,277511,3625,402046,5082,679557,California
Santa Clara,2021-04-05,21503,1072440,14338,572303,4711,465381,2454,34756,14009,286502,7469,409515,16460,696017,California
Santa Clara,2021-04-06,29098,1101538,15982,588285,7708,473089,5408,40164,17417,297677,11640,421155,22815,718832,California
Santa Clara,2021-04-07,30435,1131973,15694,603979,8320,481409,6421,46585,18566,310829,11817,432972,24969,743801,California
Santa Clara,2021-04-08,29055,1161028,16057,620036,5921,487330,7077,53662,16006,320914,12979,445951,23064,766865,California
Santa Clara,2021-04-09,27495,1188523,13583,633619,6751,494081,7161,60823,13988,328586,13455,459406,21127,787992,California
Santa Clara,2021-04-10,21135,1209658,12213,645832,3733,497814,5189,66012,11297,335242,9805,469211,16461,804453,California
Santa Clara,2021-04-11,15875,1225533,9490,655322,2629,500443,3756,69768,8204,339555,7639,476850,11952,816405,California
Santa Clara,2021-04-12,26639,1252172,18750,674072,5485,505928,2404,72172,18171,351711,8417,485267,20573,836978,California
Santa Clara,2021-04-13,33782,1285954,26726,700798,7030,512958,26,72198,26168,370390,7538,492805,26217,863195,California
Santa Clara,2021-04-14,36297,1322251,27550,728348,8744,521702,3,72201,25815,385811,10424,503229,25845,889040,California
Santa Clara,2021-04-15,43026,1365277,33906,762254,9120,530822,0,72201,33352,409611,9576,512805,33376,922416,California
Santa Clara,2021-04-16,37743,1403020,26130,788384,11611,542433,2,72203,27312,426584,10364,523169,27337,949753,California
Santa Clara,2021-04-17,21490,1424510,14941,803325,6548,548981,1,72204,14969,435088,6481,529650,14985,964738,California
Santa Clara,2021-04-18,16301,1440811,10572,813897,5729,554710,0,72204,10211,439252,6057,535707,10221,974959,California
Santa Clara,2021-04-19,28505,1469316,20584,834481,7920,562630,1,72205,17108,445058,11331,547038,17137,992096,California
Santa Clara,2021-04-20,36329,1505645,21948,856429,14381,577011,0,72205,22177,453215,14049,561087,22206,1014302,California
Santa Clara,2021-04-21,36418,1542063,21002,877431,15415,592426,1,72206,24065,465040,12273,573360,24098,1038400,California
Santa Clara,2021-04-22,36811,1578874,24443,901874,12367,604793,1,72207,17362,463107,19354,592714,17421,1055821,California
Santa Clara,2021-04-23,31534,1610408,19112,920986,12422,617215,0,72207,14723,461166,16709,609423,14768,1070589,California
Santa Clara,2021-04-24,20314,1630722,14688,935674,5625,622840,1,72208,11309,463563,8939,618362,11336,1081925,California
Santa Clara,2021-04-25,12963,1643685,9230,944904,3726,626566,7,72215,8064,466800,4855,623217,8092,1090017,California
Santa Clara,2021-04-26,21218,1664903,16128,961032,5035,631601,55,72270,8235,462215,12893,636110,8308,1098325,California
Santa Clara,2021-04-27,17344,1682247,11054,972086,6007,637608,283,72553,7252,459751,10017,646127,7553,1105878,California
Santa Clara,2021-04-28,14165,1696412,9089,981175,4647,642255,429,72982,5255,456595,8856,654983,5700,1111578,California
Santa Clara,2021-04-29,7693,1704105,5319,986494,2316,644571,58,73040,2571,454135,5103,660086,2643,1114221,California
Santa Cruz,2020-12-15,2,2,2,2,0,0,0,0,2,2,0,0,2,2,California
Santa Cruz,2020-12-16,58,60,58,60,0,0,0,0,58,60,0,0,58,60,California
Santa Cruz,2020-12-17,389,449,389,449,0,0,0,0,389,449,0,0,389,449,California
Santa Cruz,2020-12-18,464,913,464,913,0,0,0,0,464,913,0,0,464,913,California
Santa Cruz,2020-12-19,179,1092,178,1091,1,1,0,0,179,1092,0,0,179,1092,California
Santa Cruz,2020-12-20,95,1187,95,1186,0,1,0,0,95,1187,0,0,95,1187,California
Santa Cruz,2020-12-21,435,1622,435,1621,0,1,0,0,435,1622,0,0,435,1622,California
Santa Cruz,2020-12-22,424,2046,423,2044,1,2,0,0,424,2046,0,0,424,2046,California
Santa Cruz,2020-12-23,372,2418,329,2373,43,45,0,0,372,2418,0,0,372,2418,California
Santa Cruz,2020-12-24,125,2543,49,2422,76,121,0,0,125,2543,0,0,125,2543,California
Santa Cruz,2020-12-25,11,2554,11,2433,0,121,0,0,11,2554,0,0,11,2554,California
Santa Cruz,2020-12-26,64,2618,45,2478,19,140,0,0,64,2618,0,0,64,2618,California
Santa Cruz,2020-12-27,32,2650,27,2505,5,145,0,0,32,2650,0,0,32,2650,California
Santa Cruz,2020-12-28,485,3135,108,2613,377,522,0,0,485,3135,0,0,485,3135,California
Santa Cruz,2020-12-29,799,3934,370,2983,429,951,0,0,799,3934,0,0,799,3934,California
Santa Cruz,2020-12-30,356,4290,164,3147,192,1143,0,0,356,4290,0,0,356,4290,California
Santa Cruz,2020-12-31,313,4603,11,3158,302,1445,0,0,313,4603,0,0,313,4603,California
Santa Cruz,2021-01-01,33,4636,1,3159,32,1477,0,0,33,4636,0,0,33,4636,California
Santa Cruz,2021-01-02,71,4707,57,3216,14,1491,0,0,71,4707,0,0,71,4707,California
Santa Cruz,2021-01-03,15,4722,7,3223,8,1499,0,0,15,4722,0,0,15,4722,California
Santa Cruz,2021-01-04,281,5003,123,3346,158,1657,0,0,279,5001,0,0,279,5001,California
Santa Cruz,2021-01-05,566,5569,428,3774,138,1795,0,0,264,4963,302,302,264,5265,California
Santa Cruz,2021-01-06,803,6372,670,4444,133,1928,0,0,464,5089,338,640,464,5729,California
Santa Cruz,2021-01-07,539,6911,212,4656,327,2255,0,0,386,5323,153,793,387,6116,California
Santa Cruz,2021-01-08,935,7846,562,5218,373,2628,0,0,487,5363,448,1241,488,6604,California
Santa Cruz,2021-01-09,464,8310,123,5341,341,2969,0,0,410,5719,54,1295,410,7014,California
Santa Cruz,2021-01-10,80,8390,70,5411,10,2979,0,0,21,5681,59,1354,21,7035,California
Santa Cruz,2021-01-11,724,9114,590,6001,134,3113,0,0,191,5340,533,1887,192,7227,California
Santa Cruz,2021-01-12,736,9850,532,6533,204,3317,0,0,493,5590,243,2130,493,7720,California
Santa Cruz,2021-01-13,525,10375,228,6761,297,3614,0,0,441,5950,81,2211,441,8161,California
Santa Cruz,2021-01-14,555,10930,101,6862,454,4068,0,0,489,6373,66,2277,489,8650,California
Santa Cruz,2021-01-15,1458,12388,77,6939,1381,5449,0,0,1393,7704,64,2341,1395,10045,California
Santa Cruz,2021-01-16,427,12815,54,6993,373,5822,0,0,408,8093,19,2360,408,10453,California
Santa Cruz,2021-01-17,297,13112,41,7034,256,6078,0,0,272,8340,25,2385,272,10725,California
Santa Cruz,2021-01-18,1016,14128,106,7140,910,6988,0,0,954,9232,62,2447,954,11679,California
Santa Cruz,2021-01-19,1622,15750,524,7664,1098,8086,0,0,1269,10151,351,2798,1270,12949,California
Santa Cruz,2021-01-20,1235,16985,183,7847,1052,9138,0,0,1038,10995,194,2992,1038,13987,California
Santa Cruz,2021-01-21,1711,18696,200,8047,1511,10649,0,0,1603,12492,108,3100,1605,15592,California
Santa Cruz,2021-01-22,1797,20493,532,8579,1265,11914,0,0,1695,14089,99,3199,1696,17288,California
Santa Cruz,2021-01-23,402,20895,147,8726,255,12169,0,0,342,14372,59,3258,342,17630,California
Santa Cruz,2021-01-24,116,21011,21,8747,95,12264,0,0,98,14452,18,3276,98,17728,California
Santa Cruz,2021-01-25,1063,22074,361,9108,702,12966,0,0,552,14493,511,3787,552,18280,California
Santa Cruz,2021-01-26,1695,23769,248,9356,1447,14413,0,0,1183,15164,512,4299,1183,19463,California
Santa Cruz,2021-01-27,1653,25422,449,9805,1204,15617,0,0,1269,16051,382,4681,1269,20732,California
Santa Cruz,2021-01-28,1749,27171,292,10097,1457,17074,0,0,1472,17247,277,4958,1473,22205,California
Santa Cruz,2021-01-29,1735,28906,490,10587,1245,18319,0,0,1605,18723,129,5087,1605,23810,California
Santa Cruz,2021-01-30,1060,29966,309,10896,751,19070,0,0,926,19515,134,5221,926,24736,California
Santa Cruz,2021-01-31,222,30188,113,11009,109,19179,0,0,208,19709,14,5235,208,24944,California
Santa Cruz,2021-02-01,1232,31420,759,11768,473,19652,0,0,825,20127,407,5642,825,25769,California
Santa Cruz,2021-02-02,1011,32431,128,11896,883,20535,0,0,856,20829,154,5796,856,26625,California
Santa Cruz,2021-02-03,2237,34668,960,12856,1277,21812,0,0,1922,22440,311,6107,1922,28547,California
Santa Cruz,2021-02-04,1854,36522,773,13629,1081,22893,0,0,1518,23623,335,6442,1518,30065,California
Santa Cruz,2021-02-05,3170,39692,792,14421,2378,25271,0,0,2849,26152,320,6762,2849,32914,California
Santa Cruz,2021-02-06,2588,42280,164,14585,2424,27695,0,0,2241,28046,347,7109,2241,35155,California
Santa Cruz,2021-02-07,909,43189,122,14707,787,28482,0,0,891,28919,18,7127,891,36046,California
Santa Cruz,2021-02-08,717,43906,203,14910,514,28996,0,0,516,29235,200,7327,516,36562,California
Santa Cruz,2021-02-09,2376,46282,1057,15967,1319,30315,0,0,2109,31081,263,7590,2109,38671,California
Santa Cruz,2021-02-10,2203,48485,580,16547,1623,31938,0,0,1503,31894,691,8281,1504,40175,California
Santa Cruz,2021-02-11,1857,50342,317,16864,1540,33478,0,0,1330,32699,525,8806,1330,41505,California
Santa Cruz,2021-02-12,3225,53567,422,17286,2803,36281,0,0,1817,33118,1400,10206,1819,43324,California
Santa Cruz,2021-02-13,1712,55279,124,17410,1588,37869,0,0,1298,34002,414,10620,1298,44622,California
Santa Cruz,2021-02-14,1409,56688,70,17480,1339,39208,0,0,1145,34883,264,10884,1145,45767,California
Santa Cruz,2021-02-15,1583,58271,280,17760,1303,40511,0,0,566,34433,1017,11901,567,46334,California
Santa Cruz,2021-02-16,1697,59968,207,17967,1490,42001,0,0,538,33834,1137,13038,538,46872,California
Santa Cruz,2021-02-17,2922,62890,976,18943,1946,43947,0,0,1221,33370,1688,14726,1224,48096,California
Santa Cruz,2021-02-18,2882,65772,638,19581,2244,46191,0,0,1231,32954,1647,16373,1231,49327,California
Santa Cruz,2021-02-19,3264,69036,1145,20726,2119,48310,0,0,2007,33706,1255,17628,2007,51334,California
Santa Cruz,2021-02-20,2386,71422,1498,22224,888,49198,0,0,1893,35106,493,18121,1893,53227,California
Santa Cruz,2021-02-21,829,72251,362,22586,467,49665,0,0,703,35685,124,18245,703,53930,California
Santa Cruz,2021-02-22,1258,73509,967,23553,291,49956,0,0,535,35499,721,18966,535,54465,California
Santa Cruz,2021-02-23,2100,75609,939,24492,1161,51117,0,0,711,34822,1388,20354,711,55176,California
Santa Cruz,2021-02-24,3185,78794,1663,26155,1522,52639,0,0,1207,34055,1974,22328,1207,56383,California
Santa Cruz,2021-02-25,3241,82035,1431,27586,1810,54449,0,0,1782,34386,1452,23780,1783,58166,California
Santa Cruz,2021-02-26,2725,84760,764,28350,1961,56410,0,0,1551,34769,1170,24950,1553,59719,California
Santa Cruz,2021-02-27,2634,87394,930,29280,1704,58114,0,0,1835,35806,798,25748,1835,61554,California
Santa Cruz,2021-02-28,1300,88694,361,29641,939,59053,0,0,1086,36681,211,25959,1086,62640,California
Santa Cruz,2021-03-01,1828,90522,1255,30896,573,59626,0,0,689,36234,1136,27095,689,63329,California
Santa Cruz,2021-03-02,1533,92055,361,31257,1172,60798,0,0,856,36418,675,27770,859,64188,California
Santa Cruz,2021-03-03,2360,94415,623,31880,1737,62535,0,0,1289,36639,1068,28838,1289,65477,California
Santa Cruz,2021-03-04,3015,97430,1412,33292,1602,64137,1,1,2030,37697,974,29812,2032,67509,California
Santa Cruz,2021-03-05,2613,100043,487,33779,2108,66245,18,19,1134,37373,1476,31288,1152,68661,California
Santa Cruz,2021-03-06,3871,103914,1347,35126,2419,68664,105,124,2159,37923,1712,33000,2262,70923,California
Santa Cruz,2021-03-07,1347,105261,129,35255,1144,69808,74,198,556,37763,790,33790,630,71553,California
Santa Cruz,2021-03-08,1083,106344,219,35474,735,70543,129,327,651,38112,431,34221,780,72333,California
Santa Cruz,2021-03-09,1776,108120,244,35718,1385,71928,147,474,702,37889,1072,35293,849,73182,California
Santa Cruz,2021-03-10,3863,111983,2090,37808,1623,73551,150,624,1997,38174,1864,37157,2149,75331,California
Santa Cruz,2021-03-11,2803,114786,1220,39028,1409,74960,174,798,1547,38642,1255,38412,1723,77054,California
Santa Cruz,2021-03-12,2759,117545,892,39920,1575,76535,292,1090,910,37997,1846,40258,1201,78255,California
Santa Cruz,2021-03-13,2311,119856,1334,41254,933,77468,44,1134,1179,38091,1130,41388,1224,79479,California
Santa Cruz,2021-03-14,905,120761,217,41471,674,78142,14,1148,441,38083,462,41850,454,79933,California
Santa Cruz,2021-03-15,1356,122117,484,41955,836,78978,36,1184,583,37933,770,42620,620,80553,California
Santa Cruz,2021-03-16,2318,124435,1088,43043,1188,80166,42,1226,1341,38341,974,43594,1382,81935,California
Santa Cruz,2021-03-17,3867,128302,2231,45274,1626,81792,10,1236,2521,39533,1342,44936,2534,84469,California
Santa Cruz,2021-03-18,3869,132171,2093,47367,1656,83448,120,1356,2071,39929,1795,46731,2191,86660,California
Santa Cruz,2021-03-19,3280,135451,1322,48689,1733,85181,225,1581,1654,40187,1621,48352,1879,88539,California
Santa Cruz,2021-03-20,2169,137620,1614,50303,518,85699,37,1618,1096,40250,1070,49422,1133,89672,California
Santa Cruz,2021-03-21,826,138446,439,50742,265,85964,122,1740,443,40435,381,49803,566,90238,California
Santa Cruz,2021-03-22,1378,139824,851,51593,505,86469,22,1762,946,40975,429,50232,969,91207,California
Santa Cruz,2021-03-23,2567,142391,1442,53035,1075,87544,50,1812,1712,41884,853,51085,1762,92969,California
Santa Cruz,2021-03-24,3026,145417,2034,55069,971,88515,21,1833,1996,42875,1025,52110,2016,94985,California
Santa Cruz,2021-03-25,2648,148065,1330,56399,1283,89798,35,1868,1357,42983,1284,53394,1392,96377,California
Santa Cruz,2021-03-26,3039,151104,1835,58234,1177,90975,27,1895,2055,44088,977,54371,2082,98459,California
Santa Cruz,2021-03-27,3237,154341,2011,60245,1201,92176,25,1920,1528,43942,1700,56071,1554,100013,California
Santa Cruz,2021-03-28,932,155273,572,60817,346,92522,14,1934,495,44018,433,56504,509,100522,California
Santa Cruz,2021-03-29,1978,157251,884,61701,1026,93548,68,2002,1279,44669,696,57200,1347,101869,California
Santa Cruz,2021-03-30,2728,159979,820,62521,1745,95293,163,2165,1756,45617,970,58170,1918,103787,California
Santa Cruz,2021-03-31,4079,164058,2729,65250,1302,96595,48,2213,2097,45784,1978,60148,2145,105932,California
Santa Cruz,2021-04-01,4026,168084,2154,67404,1765,98360,107,2320,2028,45926,1993,62141,2135,108067,California
Santa Cruz,2021-04-02,3146,171230,1426,68830,1538,99898,182,2502,1739,46445,1402,63543,1921,109988,California
Santa Cruz,2021-04-03,2260,173490,1232,70062,893,100791,135,2637,888,46098,1369,64912,1022,111010,California
Santa Cruz,2021-04-04,936,174426,491,70553,390,101181,55,2692,550,46317,386,65298,605,111615,California
Santa Cruz,2021-04-05,2260,176686,795,71348,1294,102475,171,2863,1390,47009,869,66167,1561,113176,California
Santa Cruz,2021-04-06,3381,180067,1655,73003,1343,103818,383,3246,1971,47960,1400,67567,2351,115527,California
Santa Cruz,2021-04-07,4153,184220,1638,74641,2152,105970,363,3609,1864,47901,2285,69852,2226,117753,California
Santa Cruz,2021-04-08,4270,188490,2351,76992,1403,107373,516,4125,2511,49176,1750,71602,3025,120778,California
Santa Cruz,2021-04-09,3566,192056,1508,78500,1658,109031,400,4525,1961,49938,1600,73202,2362,123140,California
Santa Cruz,2021-04-10,2257,194313,1090,79590,916,109947,251,4776,1066,50067,1187,74389,1316,124456,California
Santa Cruz,2021-04-11,995,195308,520,80110,383,110330,92,4868,480,50124,515,74904,572,125028,California
Santa Cruz,2021-04-12,2292,197600,826,80936,1039,111369,427,5295,1097,50467,1180,76084,1523,126551,California
Santa Cruz,2021-04-13,2889,200489,1453,82389,1434,112803,2,5297,1625,50835,1259,77343,1627,128178,California
Santa Cruz,2021-04-14,4635,205124,2256,84645,2379,115182,0,5297,2377,50965,2249,79592,2379,130557,California
Santa Cruz,2021-04-15,4867,209991,3058,87703,1809,116991,0,5297,3139,52387,1717,81309,3139,133696,California
Santa Cruz,2021-04-16,4427,214418,2544,90247,1881,118872,2,5299,2471,52913,1948,83257,2474,136170,California
Santa Cruz,2021-04-17,2266,216684,895,91142,1371,120243,0,5299,1506,53661,758,84015,1506,137676,California
Santa Cruz,2021-04-18,1072,217756,514,91656,558,120801,0,5299,598,53787,472,84487,598,138274,California
Santa Cruz,2021-04-19,2438,220194,1528,93184,909,121710,1,5300,1504,54360,931,85418,1504,139778,California
Santa Cruz,2021-04-20,3132,223326,1704,94888,1428,123138,0,5300,1782,54803,1340,86758,1783,141561,California
Santa Cruz,2021-04-21,4268,227594,2895,97783,1373,124511,0,5300,2404,55358,1849,88607,2404,143965,California
Santa Cruz,2021-04-22,4339,231933,2924,100707,1415,125926,0,5300,2440,55909,1889,90496,2440,146405,California
Santa Cruz,2021-04-23,3079,235012,1745,102452,1333,127259,1,5301,1387,55613,1684,92180,1388,147793,California
Santa Cruz,2021-04-24,2230,237242,1084,103536,1143,128402,3,5304,692,54780,1528,93708,695,148488,California
Santa Cruz,2021-04-25,1092,238334,698,104234,382,128784,12,5316,448,54603,636,94344,459,148947,California
Santa Cruz,2021-04-26,1765,240099,903,105137,847,129631,15,5331,659,54182,1097,95441,676,149623,California
Santa Cruz,2021-04-27,2699,242798,809,105946,1843,131474,47,5378,1356,54247,1340,96781,1405,151028,California
Santa Cruz,2021-04-28,3260,246058,1805,107751,1381,132855,74,5452,1691,54451,1559,98340,1763,152791,California
Santa Cruz,2021-04-29,2220,248278,1569,109320,640,133495,11,5463,610,53470,1603,99943,622,153413,California
Shasta,2020-12-16,131,131,131,131,0,0,0,0,131,131,0,0,131,131,California
Shasta,2020-12-17,417,548,417,548,0,0,0,0,417,548,0,0,417,548,California
Shasta,2020-12-18,166,714,166,714,0,0,0,0,166,714,0,0,166,714,California
Shasta,2020-12-19,1,715,1,715,0,0,0,0,1,715,0,0,1,715,California
Shasta,2020-12-21,79,794,79,794,0,0,0,0,79,794,0,0,79,794,California
Shasta,2020-12-22,191,985,186,980,5,5,0,0,191,985,0,0,191,985,California
Shasta,2020-12-23,173,1158,169,1149,4,9,0,0,173,1158,0,0,173,1158,California
Shasta,2020-12-24,18,1176,18,1167,0,9,0,0,18,1176,0,0,18,1176,California
Shasta,2020-12-26,4,1180,1,1168,3,12,0,0,4,1180,0,0,4,1180,California
Shasta,2020-12-27,1,1181,0,1168,1,13,0,0,1,1181,0,0,1,1181,California
Shasta,2020-12-28,40,1221,31,1199,9,22,0,0,40,1221,0,0,40,1221,California
Shasta,2020-12-29,186,1407,185,1384,1,23,0,0,186,1407,0,0,186,1407,California
Shasta,2020-12-30,178,1585,168,1552,10,33,0,0,178,1585,0,0,178,1585,California
Shasta,2020-12-31,83,1668,2,1554,81,114,0,0,83,1668,0,0,83,1668,California
Shasta,2021-01-02,2,1670,0,1554,2,116,0,0,2,1670,0,0,2,1670,California
Shasta,2021-01-03,1,1671,1,1555,0,116,0,0,1,1671,0,0,1,1671,California
Shasta,2021-01-04,371,2042,305,1860,66,182,0,0,372,2043,0,0,372,2043,California
Shasta,2021-01-05,335,2377,314,2174,21,203,0,0,254,2216,81,81,254,2297,California
Shasta,2021-01-06,466,2843,395,2569,71,274,0,0,204,2159,261,342,204,2501,California
Shasta,2021-01-07,124,2967,36,2605,88,362,0,0,103,2241,21,363,103,2604,California
Shasta,2021-01-08,525,3492,448,3053,77,439,0,0,317,2350,208,571,317,2921,California
Shasta,2021-01-09,72,3564,63,3116,9,448,0,0,70,2418,2,573,70,2991,California
Shasta,2021-01-10,5,3569,0,3116,5,453,0,0,4,2422,1,574,5,2996,California
Shasta,2021-01-11,407,3976,184,3300,223,676,0,0,372,2759,35,609,372,3368,California
Shasta,2021-01-12,484,4460,327,3627,157,833,0,0,310,2895,174,783,310,3678,California
Shasta,2021-01-13,599,5059,267,3894,332,1165,0,0,430,3156,169,952,430,4108,California
Shasta,2021-01-14,499,5558,51,3945,448,1613,0,0,481,3619,18,970,481,4589,California
Shasta,2021-01-15,691,6249,136,4081,555,2168,0,0,689,4306,2,972,689,5278,California
Shasta,2021-01-16,898,7147,54,4135,844,3012,0,0,895,5198,3,975,895,6173,California
Shasta,2021-01-17,27,7174,6,4141,21,3033,0,0,23,5217,4,979,23,6196,California
Shasta,2021-01-18,599,7773,129,4270,470,3503,0,0,591,5800,8,987,591,6787,California
Shasta,2021-01-19,1058,8831,398,4668,660,4163,0,0,910,6562,148,1135,910,7697,California
Shasta,2021-01-20,677,9508,409,5077,268,4431,0,0,493,6876,179,1314,493,8190,California
Shasta,2021-01-21,630,10138,277,5354,353,4784,0,0,607,7460,23,1337,607,8797,California
Shasta,2021-01-22,445,10583,171,5525,274,5058,0,0,439,7893,6,1343,439,9236,California
Shasta,2021-01-23,68,10651,5,5530,63,5121,0,0,67,7959,1,1344,67,9303,California
Shasta,2021-01-24,25,10676,2,5532,23,5144,0,0,24,7982,1,1345,24,9327,California
Shasta,2021-01-25,749,11425,490,6022,259,5403,0,0,464,8162,284,1629,464,9791,California
Shasta,2021-01-26,710,12135,333,6355,377,5780,0,0,476,8406,232,1861,476,10267,California
Shasta,2021-01-27,459,12594,179,6534,280,6060,0,0,410,8767,49,1910,410,10677,California
Shasta,2021-01-28,886,13480,576,7110,310,6370,0,0,664,9209,222,2132,664,11341,California
Shasta,2021-01-29,831,14311,330,7440,501,6871,0,0,641,9661,190,2322,642,11983,California
Shasta,2021-01-30,616,14927,14,7454,602,7473,0,0,607,10259,9,2331,607,12590,California
Shasta,2021-01-31,28,14955,4,7458,24,7497,0,0,26,10283,2,2333,26,12616,California
Shasta,2021-02-01,530,15485,148,7606,382,7879,0,0,386,10525,144,2477,386,13002,California
Shasta,2021-02-02,982,16467,494,8100,488,8367,0,0,890,11325,90,2567,890,13892,California
Shasta,2021-02-03,718,17185,210,8310,508,8875,0,0,484,11575,234,2801,484,14376,California
Shasta,2021-02-04,1083,18268,664,8974,419,9294,0,0,890,12273,192,2993,890,15266,California
Shasta,2021-02-05,1240,19508,164,9138,1076,10370,0,0,1033,13100,206,3199,1033,16299,California
Shasta,2021-02-06,1742,21250,41,9179,1701,12071,0,0,1719,14796,23,3222,1719,18018,California
Shasta,2021-02-07,26,21276,3,9182,23,12094,0,0,24,14818,2,3224,24,18042,California
Shasta,2021-02-08,597,21873,167,9349,430,12524,0,0,306,14833,291,3515,306,18348,California
Shasta,2021-02-09,1122,22995,652,10001,470,12994,0,0,730,15171,392,3907,730,19078,California
Shasta,2021-02-10,1116,24111,781,10782,335,13329,0,0,594,15243,523,4430,595,19673,California
Shasta,2021-02-11,886,24997,186,10968,700,14029,0,0,364,15090,517,4947,364,20037,California
Shasta,2021-02-12,1724,26721,1143,12111,581,14610,0,0,1175,15716,549,5496,1175,21212,California
Shasta,2021-02-13,1383,28104,367,12478,1016,15626,0,0,570,15473,814,6310,571,21783,California
Shasta,2021-02-14,150,28254,4,12482,146,15772,0,0,126,15575,24,6334,126,21909,California
Shasta,2021-02-15,380,28634,90,12572,290,16062,0,0,211,15617,169,6503,211,22120,California
Shasta,2021-02-16,1189,29823,515,13087,674,16736,0,0,420,15269,768,7271,420,22540,California
Shasta,2021-02-17,1033,30856,438,13525,595,17331,0,0,413,15062,620,7891,413,22953,California
Shasta,2021-02-18,924,31780,443,13968,481,17812,0,0,437,15012,487,8378,437,23390,California
Shasta,2021-02-19,1329,33109,936,14904,393,18205,0,0,862,15407,467,8845,862,24252,California
Shasta,2021-02-20,802,33911,89,14993,713,18918,0,0,303,15211,499,9344,303,24555,California
Shasta,2021-02-21,31,33942,2,14995,29,18947,0,0,9,15198,22,9366,9,24564,California
Shasta,2021-02-22,426,34368,74,15069,352,19299,0,0,177,15127,248,9614,177,24741,California
Shasta,2021-02-23,907,35275,467,15536,440,19739,0,0,322,14864,585,10199,322,25063,California
Shasta,2021-02-24,886,36161,504,16040,382,20121,0,0,270,14519,615,10814,270,25333,California
Shasta,2021-02-25,516,36677,160,16200,356,20477,0,0,162,14328,353,11167,162,25495,California
Shasta,2021-02-26,791,37468,94,16294,697,21174,0,0,331,14201,458,11625,331,25826,California
Shasta,2021-02-27,829,38297,27,16321,802,21976,0,0,188,13750,639,12264,188,26014,California
Shasta,2021-02-28,176,38473,4,16325,172,22148,0,0,126,13826,50,12314,126,26140,California
Shasta,2021-03-01,584,39057,59,16384,525,22673,0,0,295,13833,288,12602,295,26435,California
Shasta,2021-03-02,1016,40073,465,16849,551,23224,0,0,331,13481,683,13285,331,26766,California
Shasta,2021-03-03,665,40738,167,17016,498,23722,0,0,243,13302,422,13707,243,27009,California
Shasta,2021-03-04,2296,43034,1687,18703,609,24331,0,0,1263,13534,1032,14739,1264,28273,California
Shasta,2021-03-05,1541,44575,162,18865,1350,25681,29,29,794,13609,748,15487,823,29096,California
Shasta,2021-03-06,2741,47316,386,19251,2308,27989,47,76,858,12633,1881,17368,905,30001,California
Shasta,2021-03-07,91,47407,3,19254,56,28045,32,108,37,12648,54,17422,69,30070,California
Shasta,2021-03-08,568,47975,46,19300,383,28428,139,247,155,12531,411,17833,294,30364,California
Shasta,2021-03-09,707,48682,48,19348,481,28909,178,425,328,12657,379,18212,505,30869,California
Shasta,2021-03-10,800,49482,256,19604,342,29251,202,627,135,12329,664,18876,336,31205,California
Shasta,2021-03-11,1176,50658,173,19777,731,29982,272,899,659,12744,516,19392,931,32136,California
Shasta,2021-03-12,1530,52188,835,20612,446,30428,249,1148,397,12256,1132,20524,644,32780,California
Shasta,2021-03-13,757,52945,425,21037,232,30660,100,1248,474,12547,282,20806,573,33353,California
Shasta,2021-03-14,1019,53964,8,21045,989,31649,22,1270,881,13313,138,20944,904,34257,California
Shasta,2021-03-15,498,54462,35,21080,363,32012,100,1370,210,13334,288,21232,309,34566,California
Shasta,2021-03-16,1132,55594,147,21227,918,32930,67,1437,849,13967,283,21515,916,35482,California
Shasta,2021-03-17,734,56328,191,21418,485,33415,58,1495,395,14087,333,21848,453,35935,California
Shasta,2021-03-18,1191,57519,236,21654,851,34266,104,1599,811,14626,376,22224,915,36850,California
Shasta,2021-03-19,641,58160,196,21850,390,34656,55,1654,409,14859,231,22455,464,37314,California
Shasta,2021-03-20,748,58908,490,22340,244,34900,14,1668,600,15325,148,22603,614,37928,California
Shasta,2021-03-21,312,59220,297,22637,4,34904,11,1679,286,15597,25,22628,297,38225,California
Shasta,2021-03-22,347,59567,37,22674,274,35178,36,1715,199,15685,147,22775,235,38460,California
Shasta,2021-03-23,818,60385,160,22834,600,35778,58,1773,626,16182,187,22962,684,39144,California
Shasta,2021-03-24,607,60992,156,22990,414,36192,37,1810,366,16345,240,23202,403,39547,California
Shasta,2021-03-25,874,61866,194,23184,663,36855,17,1827,636,16763,235,23437,653,40200,California
Shasta,2021-03-26,1835,63701,1402,24586,403,37258,30,1857,1478,17915,357,23794,1509,41709,California
Shasta,2021-03-27,1595,65296,405,24991,318,37576,872,2729,575,18341,1018,24812,1444,43153,California
Shasta,2021-03-28,405,65701,299,25290,96,37672,10,2739,302,18552,101,24913,312,43465,California
Shasta,2021-03-29,419,66120,41,25331,366,38038,12,2751,165,18476,253,25166,177,43642,California
Shasta,2021-03-30,653,66773,185,25516,461,38499,7,2758,440,18713,210,25376,447,44089,California
Shasta,2021-03-31,617,67390,205,25721,407,38906,5,2763,381,18868,231,25607,386,44475,California
Shasta,2021-04-01,892,68282,244,25965,636,39542,12,2775,576,19141,315,25922,588,45063,California
Shasta,2021-04-02,750,69032,201,26166,497,40039,52,2827,411,19267,337,26259,463,45526,California
Shasta,2021-04-03,513,69545,361,26527,133,40172,19,2846,389,19551,124,26383,408,45934,California
Shasta,2021-04-04,291,69836,177,26704,94,40266,20,2866,217,19714,74,26457,237,46171,California
Shasta,2021-04-05,441,70277,67,26771,311,40577,63,2929,255,19846,186,26643,318,46489,California
Shasta,2021-04-06,851,71128,172,26943,504,41081,175,3104,399,19970,449,27092,573,47062,California
Shasta,2021-04-07,651,71779,213,27156,275,41356,163,3267,256,19997,391,27483,418,47480,California
Shasta,2021-04-08,1136,72915,259,27415,723,42079,154,3421,229,19474,905,28388,382,47862,California
Shasta,2021-04-09,2578,75493,2060,29475,309,42388,209,3630,2015,21138,558,28946,2222,50084,California
Shasta,2021-04-10,876,76369,593,30068,155,42543,128,3758,265,20919,611,29557,392,50476,California
Shasta,2021-04-11,1250,77619,395,30463,835,43378,20,3778,143,19979,1103,30660,163,50639,California
Shasta,2021-04-12,335,77954,8,30471,267,43645,60,3838,97,19898,237,30897,156,50795,California
Shasta,2021-04-13,1053,79007,164,30635,887,44532,2,3840,297,19442,754,31651,298,51093,California
Shasta,2021-04-14,602,79609,143,30778,457,44989,2,3842,225,19293,376,32027,227,51320,California
Shasta,2021-04-15,1064,80673,259,31037,805,45794,0,3842,307,18844,756,32783,307,51627,California
Shasta,2021-04-16,2329,83002,1835,32872,494,46288,0,3842,948,18412,1380,34163,948,52575,California
Shasta,2021-04-17,642,83644,410,33282,232,46520,0,3842,196,18162,446,34609,196,52771,California
Shasta,2021-04-18,266,83910,241,33523,25,46545,0,3842,33,17964,231,34840,33,52804,California
Shasta,2021-04-19,382,84292,30,33553,352,46897,0,3842,164,17910,218,35058,164,52968,California
Shasta,2021-04-20,1013,85305,256,33809,757,47654,0,3842,386,17670,626,35684,386,53354,California
Shasta,2021-04-21,604,85909,220,34029,384,48038,0,3842,306,17679,297,35981,306,53660,California
Shasta,2021-04-22,956,86865,279,34308,677,48715,0,3842,302,17329,652,36633,302,53962,California
Shasta,2021-04-23,657,87522,262,34570,395,49110,0,3842,329,17331,327,36960,329,54291,California
Shasta,2021-04-24,596,88118,360,34930,236,49346,0,3842,107,16949,489,37449,107,54398,California
Shasta,2021-04-25,213,88331,183,35113,29,49375,1,3843,38,16813,175,37624,39,54437,California
Shasta,2021-04-26,465,88796,50,35163,410,49785,5,3848,331,17016,132,37756,335,54772,California
Shasta,2021-04-27,509,89305,169,35332,304,50089,36,3884,291,17126,215,37971,325,55097,California
Shasta,2021-04-28,488,89793,128,35460,327,50416,33,3917,205,17080,283,38254,237,55334,California
Shasta,2021-04-29,514,90307,86,35546,426,50842,2,3919,111,16790,403,38657,113,55447,California
Sierra,2020-12-18,1,1,1,1,0,0,0,0,1,1,0,0,1,1,California
Sierra,2020-12-21,2,3,2,3,0,0,0,0,2,3,0,0,2,3,California
Sierra,2020-12-22,12,15,12,15,0,0,0,0,12,15,0,0,12,15,California
Sierra,2020-12-23,4,19,4,19,0,0,0,0,4,19,0,0,4,19,California
Sierra,2020-12-28,1,20,0,19,1,1,0,0,1,20,0,0,1,20,California
Sierra,2020-12-29,49,69,7,26,42,43,0,0,49,69,0,0,49,69,California
Sierra,2020-12-30,2,71,0,26,2,45,0,0,2,71,0,0,2,71,California
Sierra,2020-12-31,13,84,0,26,13,58,0,0,13,84,0,0,13,84,California
Sierra,2021-01-01,1,85,1,27,0,58,0,0,1,85,0,0,1,85,California
Sierra,2021-01-05,64,149,2,29,62,120,0,0,64,149,0,0,64,149,California
Sierra,2021-01-06,1,150,1,30,0,120,0,0,1,150,0,0,1,150,California
Sierra,2021-01-07,21,171,1,31,20,140,0,0,20,169,1,1,20,170,California
Sierra,2021-01-08,1,172,1,32,0,140,0,0,1,170,0,1,1,171,California
Sierra,2021-01-11,3,175,3,35,0,140,0,0,0,167,3,4,0,171,California
Sierra,2021-01-12,40,215,12,47,28,168,0,0,28,183,12,16,28,199,California
Sierra,2021-01-13,4,219,3,50,1,169,0,0,1,181,3,19,1,200,California
Sierra,2021-01-14,35,254,2,52,33,202,0,0,35,216,0,19,35,235,California
Sierra,2021-01-15,3,257,1,53,2,204,0,0,3,219,0,19,3,238,California
Sierra,2021-01-18,2,259,0,53,2,206,0,0,2,221,0,19,2,240,California
Sierra,2021-01-19,32,291,0,53,32,238,0,0,32,253,0,19,32,272,California
Sierra,2021-01-20,1,292,1,54,0,238,0,0,1,254,0,19,1,273,California
Sierra,2021-01-21,53,345,0,54,53,291,0,0,53,307,0,19,53,326,California
Sierra,2021-01-22,2,347,0,54,2,293,0,0,2,309,0,19,2,328,California
Sierra,2021-01-23,2,349,0,54,2,295,0,0,2,311,0,19,2,330,California
Sierra,2021-01-26,62,411,0,54,62,357,0,0,24,297,38,57,24,354,California
Sierra,2021-01-27,4,415,4,58,0,357,0,0,0,293,4,61,0,354,California
Sierra,2021-01-28,53,468,0,58,53,410,0,0,43,326,10,71,43,397,California
Sierra,2021-01-29,2,470,0,58,2,412,0,0,2,328,0,71,2,399,California
Sierra,2021-01-30,3,473,3,61,0,412,0,0,2,329,1,72,2,401,California
Sierra,2021-02-01,1,474,0,61,1,413,0,0,0,328,1,73,0,401,California
Sierra,2021-02-02,58,532,1,62,57,470,0,0,19,308,39,112,19,420,California
Sierra,2021-02-03,6,538,5,67,1,471,0,0,5,312,1,113,5,425,California
Sierra,2021-02-04,105,643,6,73,99,570,0,0,56,319,49,162,56,481,California
Sierra,2021-02-05,6,649,4,77,2,572,0,0,5,323,1,163,5,486,California
Sierra,2021-02-09,51,700,0,77,51,623,0,0,48,368,3,166,48,534,California
Sierra,2021-02-10,5,705,2,79,3,626,0,0,4,371,1,167,4,538,California
Sierra,2021-02-11,196,901,1,80,195,821,0,0,134,443,62,229,134,672,California
Sierra,2021-02-12,21,922,0,80,21,842,0,0,20,462,1,230,20,692,California
Sierra,2021-02-13,1,923,1,81,0,842,0,0,1,463,0,230,1,693,California
Sierra,2021-02-15,2,925,2,83,0,842,0,0,0,461,2,232,0,693,California
Sierra,2021-02-16,43,968,0,83,43,885,0,0,10,438,33,265,10,703,California
Sierra,2021-02-17,4,972,0,83,4,889,0,0,1,436,3,268,1,704,California
Sierra,2021-02-18,141,1113,0,83,141,1030,0,0,91,477,50,318,91,795,California
Sierra,2021-02-19,2,1115,1,84,1,1031,0,0,1,477,1,319,1,796,California
Sierra,2021-02-20,2,1117,2,86,0,1031,0,0,0,475,2,321,0,796,California
Sierra,2021-02-22,1,1118,1,87,0,1031,0,0,1,476,0,321,1,797,California
Sierra,2021-02-23,4,1122,0,87,4,1035,0,0,4,480,0,321,4,801,California
Sierra,2021-02-24,4,1126,3,90,1,1036,0,0,3,482,1,322,3,804,California
Sierra,2021-02-25,125,1251,2,92,123,1159,0,0,58,474,66,388,58,862,California
Sierra,2021-02-26,11,1262,6,98,5,1164,0,0,4,471,7,395,4,866,California
Sierra,2021-02-27,2,1264,2,100,0,1164,0,0,0,469,2,397,0,866,California
Sierra,2021-03-01,2,1266,2,102,0,1164,0,0,0,467,2,399,0,866,California
Sierra,2021-03-02,56,1322,0,102,56,1220,0,0,38,487,18,417,38,904,California
Sierra,2021-03-03,2,1324,2,104,0,1220,0,0,1,487,1,418,1,905,California
Sierra,2021-03-04,108,1432,0,104,108,1328,0,0,58,495,50,468,58,963,California
Sierra,2021-03-05,13,1445,1,105,12,1340,0,0,11,504,2,470,11,974,California
Sierra,2021-03-07,1,1446,1,106,0,1340,0,0,0,503,1,471,0,974,California
Sierra,2021-03-08,2,1448,2,108,0,1340,0,0,2,505,0,471,2,976,California
Sierra,2021-03-09,56,1504,0,108,56,1396,0,0,12,473,44,515,12,988,California
Sierra,2021-03-10,6,1510,0,108,6,1402,0,0,4,475,2,517,4,992,California
Sierra,2021-03-11,175,1685,0,108,175,1577,0,0,43,387,131,648,43,1035,California
Sierra,2021-03-12,20,1705,1,109,19,1596,0,0,0,367,20,668,0,1035,California
Sierra,2021-03-13,28,1733,0,109,28,1624,0,0,28,395,0,668,28,1063,California
Sierra,2021-03-14,1,1734,0,109,0,1624,1,1,0,395,1,669,1,1064,California
Sierra,2021-03-15,1,1735,1,110,0,1624,0,1,0,394,1,670,0,1064,California
Sierra,2021-03-16,36,1771,0,110,35,1659,1,2,23,405,13,683,24,1088,California
Sierra,2021-03-17,4,1775,3,113,1,1660,0,2,1,403,3,686,1,1089,California
Sierra,2021-03-18,158,1933,0,113,158,1818,0,2,65,375,93,779,65,1154,California
Sierra,2021-03-19,4,1937,2,115,2,1820,0,2,1,373,3,782,1,1155,California
Sierra,2021-03-20,1,1938,0,115,1,1821,0,2,1,374,0,782,1,1156,California
Sierra,2021-03-23,22,1960,0,115,22,1843,0,2,13,378,9,791,13,1169,California
Sierra,2021-03-24,3,1963,1,116,2,1845,0,2,1,377,2,793,1,1170,California
Sierra,2021-03-25,100,2063,1,117,99,1944,0,2,51,379,49,842,51,1221,California
Sierra,2021-03-26,12,2075,1,118,11,1955,0,2,9,385,3,845,9,1230,California
Sierra,2021-03-27,2,2077,1,119,1,1956,0,2,0,383,2,847,0,1230,California
Sierra,2021-03-29,1,2078,1,120,0,1956,0,2,0,382,1,848,0,1230,California
Sierra,2021-03-30,55,2133,1,121,54,2010,0,2,22,371,33,881,22,1252,California
Sierra,2021-03-31,8,2141,0,121,8,2018,0,2,8,379,0,881,8,1260,California
Sierra,2021-04-01,60,2201,2,123,58,2076,0,2,6,331,54,935,6,1266,California
Sierra,2021-04-02,3,2204,2,125,1,2077,0,2,2,332,1,936,2,1268,California
Sierra,2021-04-05,1,2205,1,126,0,2077,0,2,1,333,0,936,1,1269,California
Sierra,2021-04-06,10,2215,0,126,10,2087,0,2,0,323,10,946,0,1269,California
Sierra,2021-04-07,15,2230,3,129,6,2093,6,8,3,321,11,957,9,1278,California
Sierra,2021-04-08,53,2283,2,131,51,2144,0,8,16,300,37,994,16,1294,California
Sierra,2021-04-09,2,2285,2,133,0,2144,0,8,1,300,1,995,1,1295,California
Sierra,2021-04-10,27,2312,0,133,27,2171,0,8,0,273,27,1022,0,1295,California
Sierra,2021-04-13,46,2358,0,133,46,2217,0,8,5,237,41,1063,5,1300,California
Sierra,2021-04-14,2,2360,1,134,1,2218,0,8,2,239,0,1063,2,1302,California
Sierra,2021-04-15,49,2409,1,135,48,2266,0,8,2,194,47,1110,2,1304,California
Sierra,2021-04-16,1,2410,0,135,1,2267,0,8,1,195,0,1110,1,1305,California
Sierra,2021-04-17,2,2412,1,136,1,2268,0,8,1,195,1,1111,1,1306,California
Sierra,2021-04-19,1,2413,1,137,0,2268,0,8,0,194,1,1112,0,1306,California
Sierra,2021-04-20,34,2447,1,138,33,2301,0,8,7,174,27,1139,7,1313,California
Sierra,2021-04-21,2,2449,1,139,1,2302,0,8,1,174,1,1140,1,1314,California
Sierra,2021-04-22,66,2515,2,141,64,2366,0,8,5,119,60,1200,5,1319,California
Sierra,2021-04-23,13,2528,0,141,13,2379,0,8,5,116,8,1208,5,1324,California
Sierra,2021-04-24,4,2532,0,141,4,2383,0,8,4,120,0,1208,4,1328,California
Sierra,2021-04-27,28,2560,1,142,27,2410,0,8,5,102,23,1231,5,1333,California
Sierra,2021-04-28,8,2568,1,143,7,2417,0,8,1,97,6,1237,1,1334,California
Sierra,2021-04-29,19,2587,1,144,18,2435,0,8,14,106,5,1242,14,1348,California
Siskiyou,2020-12-16,2,2,2,2,0,0,0,0,2,2,0,0,2,2,California
Siskiyou,2020-12-17,4,6,4,6,0,0,0,0,4,6,0,0,4,6,California
Siskiyou,2020-12-18,2,8,2,8,0,0,0,0,2,8,0,0,2,8,California
Siskiyou,2020-12-19,4,12,4,12,0,0,0,0,4,12,0,0,4,12,California
Siskiyou,2020-12-20,1,13,1,13,0,0,0,0,1,13,0,0,1,13,California
Siskiyou,2020-12-21,132,145,132,145,0,0,0,0,132,145,0,0,132,145,California
Siskiyou,2020-12-22,159,304,159,304,0,0,0,0,159,304,0,0,159,304,California
Siskiyou,2020-12-23,142,446,142,446,0,0,0,0,142,446,0,0,142,446,California
Siskiyou,2020-12-24,5,451,5,451,0,0,0,0,5,451,0,0,5,451,California
Siskiyou,2020-12-26,2,453,0,451,2,2,0,0,2,453,0,0,2,453,California
Siskiyou,2020-12-27,2,455,0,451,2,4,0,0,2,455,0,0,2,455,California
Siskiyou,2020-12-28,3,458,1,452,2,6,0,0,3,458,0,0,3,458,California
Siskiyou,2020-12-29,6,464,2,454,4,10,0,0,6,464,0,0,6,464,California
Siskiyou,2020-12-30,98,562,3,457,95,105,0,0,98,562,0,0,98,562,California
Siskiyou,2020-12-31,12,574,0,457,12,117,0,0,12,574,0,0,12,574,California
Siskiyou,2021-01-02,1,575,1,458,0,117,0,0,1,575,0,0,1,575,California
Siskiyou,2021-01-03,1,576,0,458,1,118,0,0,1,576,0,0,1,576,California
Siskiyou,2021-01-04,130,706,3,461,127,245,0,0,130,706,0,0,130,706,California
Siskiyou,2021-01-05,117,823,4,465,113,358,0,0,116,821,1,1,116,822,California
Siskiyou,2021-01-06,59,882,6,471,53,411,0,0,55,872,4,5,55,877,California
Siskiyou,2021-01-07,178,1060,4,475,174,585,0,0,177,1048,1,6,177,1054,California
Siskiyou,2021-01-08,41,1101,3,478,38,623,0,0,39,1085,2,8,39,1093,California
Siskiyou,2021-01-09,2,1103,2,480,0,623,0,0,0,1083,2,10,0,1093,California
Siskiyou,2021-01-11,226,1329,65,545,161,784,0,0,163,1183,63,73,163,1256,California
Siskiyou,2021-01-12,322,1651,274,819,48,832,0,0,88,1038,234,307,89,1345,California
Siskiyou,2021-01-13,157,1808,137,956,20,852,0,0,23,927,134,441,23,1368,California
Siskiyou,2021-01-14,26,1834,1,957,25,877,0,0,25,951,1,442,25,1393,California
Siskiyou,2021-01-15,35,1869,3,960,32,909,0,0,35,986,0,442,35,1428,California
Siskiyou,2021-01-16,7,1876,2,962,5,914,0,0,7,993,0,442,7,1435,California
Siskiyou,2021-01-17,1,1877,1,963,0,914,0,0,0,992,1,443,0,1435,California
Siskiyou,2021-01-18,76,1953,4,967,72,986,0,0,74,1064,2,445,74,1509,California
Siskiyou,2021-01-19,21,1974,1,968,20,1006,0,0,20,1083,1,446,20,1529,California
Siskiyou,2021-01-20,47,2021,35,1003,12,1018,0,0,43,1122,4,450,43,1572,California
Siskiyou,2021-01-21,42,2063,1,1004,41,1059,0,0,42,1164,0,450,42,1614,California
Siskiyou,2021-01-22,1328,3391,1176,2180,152,1211,0,0,1328,2492,0,450,1328,2942,California
Siskiyou,2021-01-23,5,3396,1,2181,4,1215,0,0,2,2491,3,453,2,2944,California
Siskiyou,2021-01-25,182,3578,8,2189,174,1389,0,0,178,2665,4,457,178,3122,California
Siskiyou,2021-01-26,148,3726,3,2192,145,1534,0,0,140,2797,8,465,140,3262,California
Siskiyou,2021-01-27,181,3907,1,2193,180,1714,0,0,126,2868,55,520,126,3388,California
Siskiyou,2021-01-28,232,4139,118,2311,114,1828,0,0,226,3088,6,526,226,3614,California
Siskiyou,2021-01-29,248,4387,2,2313,246,2074,0,0,246,3332,2,528,246,3860,California
Siskiyou,2021-01-30,3,4390,2,2315,1,2075,0,0,3,3335,0,528,3,3863,California
Siskiyou,2021-02-01,195,4585,3,2318,192,2267,0,0,105,3350,90,618,105,3968,California
Siskiyou,2021-02-02,289,4874,45,2363,244,2511,0,0,147,3355,142,760,147,4115,California
Siskiyou,2021-02-03,314,5188,1,2364,313,2824,0,0,264,3569,50,810,264,4379,California
Siskiyou,2021-02-04,321,5509,7,2371,314,3138,0,0,200,3648,121,931,200,4579,California
Siskiyou,2021-02-05,513,6022,4,2375,509,3647,0,0,348,3831,165,1096,348,4927,California
Siskiyou,2021-02-06,15,6037,0,2375,15,3662,0,0,15,3846,0,1096,15,4942,California
Siskiyou,2021-02-07,3,6040,2,2377,1,3663,0,0,3,3849,0,1096,3,4945,California
Siskiyou,2021-02-08,221,6261,5,2382,216,3879,0,0,216,4060,5,1101,216,5161,California
Siskiyou,2021-02-09,196,6457,4,2386,192,4071,0,0,163,4190,33,1134,163,5324,California
Siskiyou,2021-02-10,370,6827,40,2426,330,4401,0,0,317,4455,52,1186,317,5641,California
Siskiyou,2021-02-11,190,7017,1,2427,189,4590,0,0,174,4613,16,1202,174,5815,California
Siskiyou,2021-02-12,1691,8708,1199,3626,492,5082,0,0,501,3924,1190,2392,501,6316,California
Siskiyou,2021-02-13,36,8744,2,3628,34,5116,0,0,32,3952,4,2396,32,6348,California
Siskiyou,2021-02-14,5,8749,1,3629,4,5120,0,0,5,3957,0,2396,5,6353,California
Siskiyou,2021-02-15,107,8856,10,3639,97,5217,0,0,105,4060,2,2398,105,6458,California
Siskiyou,2021-02-16,114,8970,2,3641,112,5329,0,0,99,4144,15,2413,99,6557,California
Siskiyou,2021-02-17,185,9155,15,3656,170,5499,0,0,171,4301,14,2427,171,6728,California
Siskiyou,2021-02-18,221,9376,89,3745,132,5631,0,0,98,4276,123,2550,98,6826,California
Siskiyou,2021-02-19,70,9446,33,3778,37,5668,0,0,34,4274,36,2586,34,6860,California
Siskiyou,2021-02-20,21,9467,3,3781,18,5686,0,0,17,4287,4,2590,17,6877,California
Siskiyou,2021-02-21,1,9468,1,3782,0,5686,0,0,1,4288,0,2590,1,6878,California
Siskiyou,2021-02-22,124,9592,1,3783,123,5809,0,0,18,4200,106,2696,18,6896,California
Siskiyou,2021-02-23,196,9788,15,3798,181,5990,0,0,52,4108,144,2840,52,6948,California
Siskiyou,2021-02-24,147,9935,4,3802,143,6133,0,0,35,4031,112,2952,35,6983,California
Siskiyou,2021-02-25,300,10235,24,3826,276,6409,0,0,154,4039,146,3098,154,7137,California
Siskiyou,2021-02-26,668,10903,9,3835,659,7068,0,0,366,4103,302,3400,366,7503,California
Siskiyou,2021-02-27,33,10936,5,3840,28,7096,0,0,28,4126,5,3405,28,7531,California
Siskiyou,2021-02-28,5,10941,4,3844,1,7097,0,0,4,4129,1,3406,4,7535,California
Siskiyou,2021-03-01,280,11221,6,3850,274,7371,0,0,50,3949,230,3636,50,7585,California
Siskiyou,2021-03-02,190,11411,1,3851,189,7560,0,0,70,3899,120,3756,70,7655,California
Siskiyou,2021-03-03,343,11754,7,3858,336,7896,0,0,153,3862,190,3946,153,7808,California
Siskiyou,2021-03-04,782,12536,610,4468,172,8068,0,0,626,4332,156,4102,626,8434,California
Siskiyou,2021-03-05,325,12861,6,4474,308,8376,11,11,104,4229,218,4320,115,8549,California
Siskiyou,2021-03-06,43,12904,3,4477,33,8409,7,18,28,4249,15,4335,35,8584,California
Siskiyou,2021-03-07,12,12916,4,4481,0,8409,8,26,3,4251,9,4344,11,8595,California
Siskiyou,2021-03-08,361,13277,31,4512,295,8704,35,61,59,4043,302,4646,94,8689,California
Siskiyou,2021-03-09,161,13438,0,4512,108,8812,53,114,55,4045,106,4752,108,8797,California
Siskiyou,2021-03-10,220,13658,7,4519,183,8995,30,144,31,3917,189,4941,61,8858,California
Siskiyou,2021-03-11,469,14127,203,4722,219,9214,47,191,270,4036,198,5139,317,9175,California
Siskiyou,2021-03-12,646,14773,141,4863,466,9680,39,230,184,3799,460,5599,223,9398,California
Siskiyou,2021-03-13,428,15201,381,5244,24,9704,23,253,382,4158,46,5645,405,9803,California
Siskiyou,2021-03-14,20,15221,1,5245,3,9707,16,269,2,4158,18,5663,18,9821,California
Siskiyou,2021-03-15,453,15674,257,5502,176,9883,20,289,321,4367,132,5795,341,10162,California
Siskiyou,2021-03-16,255,15929,32,5534,206,10089,17,306,140,4410,114,5909,157,10319,California
Siskiyou,2021-03-17,202,16131,9,5543,185,10274,8,314,34,4284,168,6077,42,10361,California
Siskiyou,2021-03-18,926,17057,788,6331,126,10400,12,326,810,4990,116,6193,822,11183,California
Siskiyou,2021-03-19,66,17123,9,6340,44,10444,13,339,20,4977,46,6239,33,11216,California
Siskiyou,2021-03-20,30,17153,7,6347,18,10462,5,344,6,4964,24,6263,11,11227,California
Siskiyou,2021-03-21,10,17163,4,6351,1,10463,5,349,4,4967,6,6269,9,11236,California
Siskiyou,2021-03-22,207,17370,21,6372,164,10627,22,371,144,5073,60,6329,166,11402,California
Siskiyou,2021-03-23,195,17565,19,6391,166,10793,10,381,141,5170,54,6383,151,11553,California
Siskiyou,2021-03-24,141,17706,48,6439,93,10886,0,381,116,5261,25,6408,116,11669,California
Siskiyou,2021-03-25,569,18275,318,6757,248,11134,3,384,398,5491,171,6579,401,12070,California
Siskiyou,2021-03-26,304,18579,35,6792,269,11403,0,384,104,5397,198,6777,104,12174,California
Siskiyou,2021-03-27,37,18616,4,6796,28,11431,5,389,9,5383,28,6805,14,12188,California
Siskiyou,2021-03-28,8,18624,7,6803,1,11432,0,389,5,5385,3,6808,5,12193,California
Siskiyou,2021-03-29,98,18722,11,6814,85,11517,2,391,47,5384,50,6858,49,12242,California
Siskiyou,2021-03-30,99,18821,4,6818,94,11611,1,392,39,5364,60,6918,40,12282,California
Siskiyou,2021-03-31,190,19011,21,6839,166,11777,3,395,50,5279,139,7057,54,12336,California
Siskiyou,2021-04-01,823,19834,667,7506,156,11933,0,395,217,4890,606,7663,217,12553,California
Siskiyou,2021-04-02,344,20178,197,7703,143,12076,4,399,64,4680,278,7941,68,12621,California
Siskiyou,2021-04-03,26,20204,5,7708,14,12090,7,406,5,4671,21,7962,12,12633,California
Siskiyou,2021-04-04,2,20206,2,7710,0,12090,0,406,1,4671,1,7963,1,12634,California
Siskiyou,2021-04-05,436,20642,330,8040,79,12169,27,433,24,4311,411,8374,51,12685,California
Siskiyou,2021-04-06,214,20856,32,8072,129,12298,53,486,122,4394,91,8465,174,12859,California
Siskiyou,2021-04-07,115,20971,11,8083,62,12360,42,528,65,4451,50,8515,107,12966,California
Siskiyou,2021-04-08,346,21317,183,8266,122,12482,41,569,60,4266,286,8801,101,13067,California
Siskiyou,2021-04-09,547,21864,380,8646,130,12612,37,606,84,3926,462,9263,122,13189,California
Siskiyou,2021-04-10,46,21910,6,8652,3,12615,37,643,7,3931,39,9302,44,13233,California
Siskiyou,2021-04-11,8,21918,5,8657,1,12616,2,645,2,3929,6,9308,4,13237,California
Siskiyou,2021-04-12,129,22047,25,8682,103,12719,1,646,49,3899,80,9388,50,13287,California
Siskiyou,2021-04-13,204,22251,36,8718,167,12886,1,647,78,3852,126,9514,79,13366,California
Siskiyou,2021-04-14,158,22409,66,8784,92,12978,0,647,86,3868,70,9584,86,13452,California
Siskiyou,2021-04-15,1116,23525,956,9740,160,13138,0,647,436,3624,680,10264,436,13888,California
Siskiyou,2021-04-16,288,23813,198,9938,90,13228,0,647,257,3851,30,10294,257,14145,California
Siskiyou,2021-04-17,12,23825,9,9947,3,13231,0,647,8,3855,4,10298,8,14153,California
Siskiyou,2021-04-18,5,23830,3,9950,2,13233,0,647,2,3854,3,10301,2,14155,California
Siskiyou,2021-04-19,125,23955,22,9972,103,13336,0,647,43,3815,82,10383,43,14198,California
Siskiyou,2021-04-20,236,24191,4,9976,232,13568,0,647,93,3765,143,10526,93,14291,California
Siskiyou,2021-04-21,96,24287,12,9988,84,13652,0,647,26,3721,70,10596,26,14317,California
Siskiyou,2021-04-22,414,24701,302,10290,112,13764,0,647,50,3407,364,10960,50,14367,California
Siskiyou,2021-04-23,158,24859,13,10303,145,13909,0,647,136,3522,21,10981,136,14503,California
Siskiyou,2021-04-24,27,24886,4,10307,23,13932,0,647,19,3533,8,10989,19,14522,California
Siskiyou,2021-04-25,2,24888,0,10307,2,13934,0,647,2,3535,0,10989,2,14524,California
Siskiyou,2021-04-26,100,24988,7,10314,88,14022,5,652,25,3490,75,11064,30,14554,California
Siskiyou,2021-04-27,102,25090,3,10317,97,14119,2,654,83,3559,16,11080,85,14639,California
Siskiyou,2021-04-28,111,25201,9,10326,94,14213,8,662,54,3564,57,11137,62,14701,California
Siskiyou,2021-04-29,81,25282,13,10339,68,14281,0,662,20,3523,61,11198,20,14721,California
Solano,2020-12-15,4,4,4,4,0,0,0,0,4,4,0,0,4,4,California
Solano,2020-12-16,71,75,71,75,0,0,0,0,71,75,0,0,71,75,California
Solano,2020-12-17,153,228,153,228,0,0,0,0,153,228,0,0,153,228,California
Solano,2020-12-18,445,673,444,672,1,1,0,0,445,673,0,0,445,673,California
Solano,2020-12-19,516,1189,516,1188,0,1,0,0,516,1189,0,0,516,1189,California
Solano,2020-12-20,355,1544,353,1541,2,3,0,0,355,1544,0,0,355,1544,California
Solano,2020-12-21,573,2117,571,2112,2,5,0,0,573,2117,0,0,573,2117,California
Solano,2020-12-22,663,2780,630,2742,33,38,0,0,663,2780,0,0,663,2780,California
Solano,2020-12-23,860,3640,773,3515,87,125,0,0,859,3639,0,0,859,3639,California
Solano,2020-12-24,421,4061,170,3685,251,376,0,0,421,4060,0,0,421,4060,California
Solano,2020-12-25,10,4071,2,3687,8,384,0,0,10,4070,0,0,10,4070,California
Solano,2020-12-26,175,4246,48,3735,127,511,0,0,175,4245,0,0,175,4245,California
Solano,2020-12-27,104,4350,29,3764,75,586,0,0,104,4349,0,0,104,4349,California
Solano,2020-12-28,864,5214,421,4185,443,1029,0,0,864,5213,0,0,864,5213,California
Solano,2020-12-29,893,6107,374,4559,519,1548,0,0,893,6106,0,0,893,6106,California
Solano,2020-12-30,1211,7318,599,5158,612,2160,0,0,1211,7317,0,0,1211,7317,California
Solano,2020-12-31,537,7855,136,5294,401,2561,0,0,537,7854,0,0,537,7854,California
Solano,2021-01-01,14,7869,13,5307,1,2562,0,0,14,7868,0,0,14,7868,California
Solano,2021-01-02,212,8081,164,5471,48,2610,0,0,212,8080,0,0,212,8080,California
Solano,2021-01-03,57,8138,40,5511,17,2627,0,0,52,8132,0,0,52,8132,California
Solano,2021-01-04,450,8588,245,5756,205,2832,0,0,440,8569,3,3,440,8572,California
Solano,2021-01-05,712,9300,377,6133,335,3167,0,0,558,8978,149,152,558,9130,California
Solano,2021-01-06,837,10137,436,6569,401,3568,0,0,575,9293,260,412,575,9705,California
Solano,2021-01-07,1060,11197,682,7251,378,3946,0,0,604,9444,454,866,605,10310,California
Solano,2021-01-08,1134,12331,777,8028,357,4303,0,0,541,9412,575,1441,543,10853,California
Solano,2021-01-09,885,13216,763,8791,122,4425,0,0,428,9386,454,1895,428,11281,California
Solano,2021-01-10,254,13470,194,8985,60,4485,0,0,153,9438,101,1996,153,11434,California
Solano,2021-01-11,1328,14798,1117,10102,211,4696,0,0,812,9734,516,2512,812,12246,California
Solano,2021-01-12,1566,16364,1168,11270,398,5094,0,0,1015,10200,550,3062,1016,13262,California
Solano,2021-01-13,1464,17828,1004,12274,460,5554,0,0,1204,11146,258,3320,1204,14466,California
Solano,2021-01-14,1868,19696,798,13072,1070,6624,0,0,1554,12386,314,3634,1554,16020,California
Solano,2021-01-15,1689,21385,1057,14129,632,7256,0,0,1391,13479,298,3932,1391,17411,California
Solano,2021-01-16,1290,22675,903,15032,387,7643,0,0,1115,14419,175,4107,1115,18526,California
Solano,2021-01-17,1043,23718,760,15792,283,7926,0,0,1025,15426,18,4125,1025,19551,California
Solano,2021-01-18,1406,25124,856,16648,550,8476,0,0,1288,16598,118,4243,1290,20841,California
Solano,2021-01-19,1645,26769,1336,17984,309,8785,0,0,1373,17700,271,4514,1373,22214,California
Solano,2021-01-20,2031,28800,1420,19404,611,9396,0,0,1546,18764,482,4996,1546,23760,California
Solano,2021-01-21,3158,31958,1000,20404,2158,11554,0,0,2814,21235,344,5340,2815,26575,California
Solano,2021-01-22,1753,33711,843,21247,910,12464,0,0,1563,22608,190,5530,1563,28138,California
Solano,2021-01-23,733,34444,239,21486,494,12958,0,0,530,22935,204,5734,531,28669,California
Solano,2021-01-24,401,34845,60,21546,341,13299,0,0,335,23204,66,5800,335,29004,California
Solano,2021-01-25,1640,36485,622,22168,1018,14317,0,0,1089,23743,551,6351,1090,30094,California
Solano,2021-01-26,1774,38259,737,22905,1037,15354,0,0,1142,24255,631,6982,1143,31237,California
Solano,2021-01-27,1770,40029,725,23630,1045,16399,0,0,1176,24850,581,7563,1176,32413,California
Solano,2021-01-28,1903,41932,703,24333,1200,17599,0,0,1312,25573,590,8153,1313,33726,California
Solano,2021-01-29,1698,43630,783,25116,915,18514,0,0,1345,26567,351,8504,1345,35071,California
Solano,2021-01-30,710,44340,220,25336,490,19004,0,0,549,26955,161,8665,549,35620,California
Solano,2021-01-31,486,44826,394,25730,92,19096,0,0,231,26932,255,8920,232,35852,California
Solano,2021-02-01,1507,46333,987,26717,520,19616,0,0,766,26960,738,9658,766,36618,California
Solano,2021-02-02,3342,49675,1112,27829,2230,21846,0,0,2535,28692,803,10461,2535,39153,California
Solano,2021-02-03,2254,51929,1302,29131,952,22798,0,0,1169,28780,1081,11542,1169,40322,California
Solano,2021-02-04,1770,53699,908,30039,862,23660,0,0,1052,29119,713,12255,1052,41374,California
Solano,2021-02-05,3074,56773,1407,31446,1667,25327,0,0,2077,30208,988,13243,2077,43451,California
Solano,2021-02-06,3044,59817,1169,32615,1875,27202,0,0,2229,31626,811,14054,2229,45680,California
Solano,2021-02-07,849,60666,785,33400,64,27266,0,0,232,31241,617,14671,232,45912,California
Solano,2021-02-08,1715,62381,1233,34633,482,27748,0,0,683,30894,1030,15701,683,46595,California
Solano,2021-02-09,1913,64294,1479,36112,434,28182,0,0,688,30358,1224,16925,688,47283,California
Solano,2021-02-10,2260,66554,1499,37611,761,28943,0,0,831,29760,1429,18354,831,48114,California
Solano,2021-02-11,2454,69008,1446,39057,1008,29951,0,0,1172,29660,1272,19626,1172,49286,California
Solano,2021-02-12,4150,73158,1599,40656,2551,32502,0,0,2836,31189,1307,20933,2836,52122,California
Solano,2021-02-13,2819,75977,245,40901,2574,35076,0,0,2431,33235,385,21318,2431,54553,California
Solano,2021-02-14,691,76668,201,41102,490,35566,0,0,411,33369,278,21596,412,54965,California
Solano,2021-02-15,1294,77962,324,41426,970,36536,0,0,670,33416,623,22219,670,55635,California
Solano,2021-02-16,2495,80457,1327,42753,1168,37704,0,0,1646,34214,848,23067,1646,57281,California
Solano,2021-02-17,2922,83379,1433,44186,1489,39193,0,0,1940,35176,979,24046,1941,59222,California
Solano,2021-02-18,2741,86120,844,45030,1897,41090,0,0,821,34085,1913,25959,822,60044,California
Solano,2021-02-19,2354,88474,1405,46435,949,42039,0,0,1142,34021,1208,27167,1144,61188,California
Solano,2021-02-20,2548,91022,381,46816,2167,44206,0,0,2077,35626,472,27639,2077,63265,California
Solano,2021-02-21,2140,93162,1860,48676,280,44486,0,0,1857,37204,279,27918,1857,65122,California
Solano,2021-02-22,1709,94871,1040,49716,669,45155,0,0,905,37307,803,28721,906,66028,California
Solano,2021-02-23,2822,97693,1086,50802,1736,46891,0,0,1921,38330,898,29619,1921,67949,California
Solano,2021-02-24,2462,100155,1233,52035,1229,48120,0,0,1384,38638,1076,30695,1384,69333,California
Solano,2021-02-25,2375,102530,1431,53466,944,49064,0,0,1297,38863,1072,31767,1297,70630,California
Solano,2021-02-26,2950,105480,1808,55274,1142,50206,0,0,1642,39203,1302,33069,1642,72272,California
Solano,2021-02-27,3642,109122,1373,56647,2268,52474,1,1,2951,41472,683,33752,2952,75224,California
Solano,2021-02-28,1355,110477,1039,57686,316,52790,0,1,1079,42278,273,34025,1079,76303,California
Solano,2021-03-01,2418,112895,1049,58735,1368,54158,1,2,1816,43497,598,34623,1817,78120,California
Solano,2021-03-02,2139,115034,1362,60097,777,54935,0,2,1268,43894,871,35494,1268,79388,California
Solano,2021-03-03,2202,117236,1251,61348,951,55886,0,2,1370,44441,824,36318,1371,80759,California
Solano,2021-03-04,4335,121571,3399,64747,934,56820,2,4,3152,46422,1176,37494,3157,83916,California
Solano,2021-03-05,4885,126456,1663,66410,3218,60038,4,8,3945,49441,930,38424,3949,87865,California
Solano,2021-03-06,3832,130288,826,67236,2967,63005,39,47,2643,50943,1180,39604,2682,90547,California
Solano,2021-03-07,3533,133821,735,67971,2788,65793,10,57,1949,51329,1574,41178,1960,92507,California
Solano,2021-03-08,2105,135926,1314,69285,521,66314,270,327,1593,52682,508,41686,1861,94368,California
Solano,2021-03-09,3128,139054,1508,70793,1568,67882,52,379,2269,54141,859,42545,2318,96686,California
Solano,2021-03-10,2365,141419,1716,72509,563,68445,86,465,1251,54365,1110,43655,1334,98020,California
Solano,2021-03-11,5977,147396,1724,74233,3999,72444,254,719,4934,58511,1042,44697,5188,103208,California
Solano,2021-03-12,5951,153347,1559,75792,4219,76663,173,892,3178,59093,2769,47466,3351,106559,California
Solano,2021-03-13,4571,157918,804,76596,3683,80346,84,976,2241,59097,2323,49789,2327,108886,California
Solano,2021-03-14,3987,161905,3111,79707,423,80769,453,1429,1652,58869,2330,52119,2102,110988,California
Solano,2021-03-15,3999,165904,2443,82150,1239,82008,317,1746,2514,60222,1478,53597,2831,113819,California
Solano,2021-03-16,3052,168956,1322,83472,1495,83503,235,1981,1558,60525,1489,55086,1792,115611,California
Solano,2021-03-17,6241,175197,1662,85134,4488,87991,91,2072,4828,64034,1410,56496,4919,120530,California
Solano,2021-03-18,5152,180349,1817,86951,3299,91290,36,2108,3804,66533,1340,57836,3839,124369,California
Solano,2021-03-19,3049,183398,2136,89087,840,92130,73,2181,1639,66842,1404,59240,1713,126082,California
Solano,2021-03-20,5492,188890,1666,90753,3772,95902,54,2235,2823,67059,2660,61900,2877,128959,California
Solano,2021-03-21,1664,190554,1563,92316,77,95979,24,2259,851,67121,811,62711,873,129832,California
Solano,2021-03-22,2642,193196,2018,94334,574,96553,50,2309,1668,67867,968,63679,1714,131546,California
Solano,2021-03-23,3438,196634,1608,95942,1787,98340,43,2352,1439,67353,1995,65674,1481,133027,California
Solano,2021-03-24,2804,199438,1757,97699,1013,99353,34,2386,1365,67319,1433,67107,1399,134426,California
Solano,2021-03-25,4818,204256,3948,101647,835,100188,35,2421,2268,67077,2546,69653,2304,136730,California
Solano,2021-03-26,3204,207460,2080,103727,1088,101276,36,2457,1739,67395,1457,71110,1775,138505,California
Solano,2021-03-27,4181,211641,1146,104873,2999,104275,36,2493,1801,66858,2374,73484,1837,140342,California
Solano,2021-03-28,1411,213052,1103,105976,290,104565,18,2511,566,66602,841,74325,585,140927,California
Solano,2021-03-29,3458,216510,2027,108003,1414,105979,17,2528,1599,66368,1850,76175,1616,142543,California
Solano,2021-03-30,2981,219491,2007,110010,884,106863,90,2618,1895,67269,1084,77259,1985,144528,California
Solano,2021-03-31,3106,222597,2111,112121,836,107699,159,2777,1841,68003,1262,78521,1996,146524,California
Solano,2021-04-01,5487,228084,2076,114197,3267,110966,144,2921,3480,69633,1995,80516,3625,150149,California
Solano,2021-04-02,6463,234547,2205,116402,4092,115058,166,3087,2481,68312,3967,84483,2646,152795,California
Solano,2021-04-03,1516,236063,956,117358,407,115465,153,3240,552,68055,962,85445,705,153500,California
Solano,2021-04-04,776,236839,286,117644,189,115654,301,3541,238,68060,534,85979,539,154039,California
Solano,2021-04-05,2950,239789,2009,119653,735,116389,206,3747,1506,68329,1442,87421,1711,155750,California
Solano,2021-04-06,5721,245510,1617,121270,3614,120003,490,4237,1556,66214,4160,91581,2045,157795,California
Solano,2021-04-07,5508,251018,4188,125458,927,120930,393,4630,3123,67354,2375,93956,3515,161310,California
Solano,2021-04-08,6375,257393,1760,127218,3760,124690,855,5485,1786,65425,4564,98520,2635,163945,California
Solano,2021-04-09,6133,263526,1637,128855,3727,128417,769,6254,1503,63084,4612,103132,2271,166216,California
Solano,2021-04-10,1701,265227,944,129799,445,128862,312,6566,785,63266,915,104047,1097,167313,California
Solano,2021-04-11,1202,266429,741,130540,334,129196,127,6693,617,63428,582,104629,744,168057,California
Solano,2021-04-12,3242,269671,1666,132206,1217,130413,359,7052,1340,63228,1897,106526,1697,169754,California
Solano,2021-04-13,2517,272188,1086,133292,1430,131843,1,7053,1315,63346,1198,107724,1316,171070,California
Solano,2021-04-14,6349,278537,1925,135217,4424,136267,0,7053,1880,60770,4456,112180,1880,172950,California
Solano,2021-04-15,5380,283917,2117,137334,3263,139530,0,7053,1627,58655,3742,115922,1627,174577,California
Solano,2021-04-16,3640,287557,2551,139885,1087,140617,2,7055,2273,59570,1360,117282,2275,176852,California
Solano,2021-04-17,3226,290783,1057,140942,2169,142786,0,7055,1131,58614,2088,119370,1132,177984,California
Solano,2021-04-18,993,291776,599,141541,394,143180,0,7055,528,58678,464,119834,528,178512,California
Solano,2021-04-19,2049,293825,1154,142695,895,144075,0,7055,1138,58912,906,120740,1140,179652,California
Solano,2021-04-20,2981,296806,1816,144511,1165,145240,0,7055,1670,59274,1308,122048,1670,181322,California
Solano,2021-04-21,3460,300266,2295,146806,1165,146405,0,7055,1740,59299,1715,123763,1740,183062,California
Solano,2021-04-22,2877,303143,1434,148240,1443,147848,0,7055,1764,59953,1110,124873,1764,184826,California
Solano,2021-04-23,3981,307124,1951,150191,2030,149878,0,7055,2438,60855,1537,126410,2439,187265,California
Solano,2021-04-24,3095,310219,2163,152354,930,150808,2,7057,2266,62304,819,127229,2268,189533,California
Solano,2021-04-25,1429,311648,1115,153469,314,151122,0,7057,1131,63144,291,127520,1131,190664,California
Solano,2021-04-26,2250,313898,1428,154897,818,151940,4,7061,1259,63426,981,128501,1263,191927,California
Solano,2021-04-27,2246,316144,1194,156091,1029,152969,23,7084,1246,63702,994,129495,1270,193197,California
Solano,2021-04-28,3667,319811,2781,158872,849,153818,37,7121,2430,64940,1229,130724,2467,195664,California
Solano,2021-04-29,1834,321645,769,159641,1054,154872,11,7132,733,64589,1095,131819,744,196408,California
Sonoma,2020-12-15,4,4,4,4,0,0,0,0,4,4,0,0,4,4,California
Sonoma,2020-12-16,27,31,27,31,0,0,0,0,27,31,0,0,27,31,California
Sonoma,2020-12-17,103,134,103,134,0,0,0,0,103,134,0,0,103,134,California
Sonoma,2020-12-18,421,555,421,555,0,0,0,0,421,555,0,0,421,555,California
Sonoma,2020-12-19,111,666,110,665,1,1,0,0,111,666,0,0,111,666,California
Sonoma,2020-12-20,174,840,174,839,0,1,0,0,174,840,0,0,174,840,California
Sonoma,2020-12-21,910,1750,908,1747,2,3,0,0,909,1749,0,0,909,1749,California
Sonoma,2020-12-22,1354,3104,1262,3009,92,95,0,0,1354,3103,0,0,1354,3103,California
Sonoma,2020-12-23,1605,4709,1229,4238,376,471,0,0,1606,4709,0,0,1606,4709,California
Sonoma,2020-12-24,305,5014,101,4339,204,675,0,0,305,5014,0,0,305,5014,California
Sonoma,2020-12-25,8,5022,2,4341,6,681,0,0,8,5022,0,0,8,5022,California
Sonoma,2020-12-26,267,5289,256,4597,11,692,0,0,267,5289,0,0,267,5289,California
Sonoma,2020-12-27,93,5382,80,4677,13,705,0,0,93,5382,0,0,93,5382,California
Sonoma,2020-12-28,986,6368,551,5228,435,1140,0,0,957,6339,0,0,957,6339,California
Sonoma,2020-12-29,1129,7497,776,6004,353,1493,0,0,1095,7434,0,0,1095,7434,California
Sonoma,2020-12-30,1093,8590,479,6483,614,2107,0,0,1085,8519,0,0,1085,8519,California
Sonoma,2020-12-31,517,9107,71,6554,446,2553,0,0,518,9037,0,0,518,9037,California
Sonoma,2021-01-01,10,9117,5,6559,5,2558,0,0,10,9047,0,0,10,9047,California
Sonoma,2021-01-02,132,9249,126,6685,6,2564,0,0,132,9179,0,0,132,9179,California
Sonoma,2021-01-03,25,9274,11,6696,14,2578,0,0,25,9204,0,0,25,9204,California
Sonoma,2021-01-04,341,9615,105,6801,236,2814,0,0,340,9544,0,0,340,9544,California
Sonoma,2021-01-05,437,10052,102,6903,335,3149,0,0,413,9942,15,15,413,9957,California
Sonoma,2021-01-06,947,10999,433,7336,514,3663,0,0,835,10672,105,120,835,10792,California
Sonoma,2021-01-07,1029,12028,535,7871,494,4157,0,0,859,11362,169,289,859,11651,California
Sonoma,2021-01-08,1785,13813,1229,9100,556,4713,0,0,1314,12207,469,758,1314,12965,California
Sonoma,2021-01-09,640,14453,403,9503,237,4950,0,0,592,12751,48,806,592,13557,California
Sonoma,2021-01-10,472,14925,461,9964,11,4961,0,0,279,12837,193,999,279,13836,California
Sonoma,2021-01-11,1382,16307,1236,11200,146,5107,0,0,414,12287,964,1963,414,14250,California
Sonoma,2021-01-12,1546,17853,1293,12493,253,5360,0,0,395,11533,1149,3112,395,14645,California
Sonoma,2021-01-13,2072,19925,1427,13920,645,6005,0,0,1211,11886,858,3970,1211,15856,California
Sonoma,2021-01-14,1530,21455,808,14728,722,6727,0,0,1300,12956,230,4200,1300,17156,California
Sonoma,2021-01-15,1564,23019,634,15362,930,7657,0,0,1344,14090,211,4411,1345,18501,California
Sonoma,2021-01-16,1143,24162,616,15978,527,8184,0,0,897,14745,242,4653,897,19398,California
Sonoma,2021-01-17,669,24831,548,16526,121,8305,0,0,588,15252,81,4734,588,19986,California
Sonoma,2021-01-18,1104,25935,931,17457,173,8478,0,0,614,15377,490,5224,615,20601,California
Sonoma,2021-01-19,2094,28029,1004,18461,1090,9568,0,0,1385,16056,707,5931,1386,21987,California
Sonoma,2021-01-20,2073,30102,624,19085,1449,11017,0,0,1412,16817,652,6583,1413,23400,California
Sonoma,2021-01-21,2236,32338,621,19706,1615,12632,0,0,2017,18618,217,6800,2018,25418,California
Sonoma,2021-01-22,2730,35068,1037,20743,1693,14325,0,0,2582,21053,147,6947,2582,28000,California
Sonoma,2021-01-23,767,35835,592,21335,175,14500,0,0,660,21607,106,7053,660,28660,California
Sonoma,2021-01-24,851,36686,715,22050,136,14636,0,0,835,22426,16,7069,835,29495,California
Sonoma,2021-01-25,2171,38857,520,22570,1651,16287,0,0,1684,23623,487,7556,1684,31179,California
Sonoma,2021-01-26,2012,40869,300,22870,1712,17999,0,0,1556,24724,455,8011,1556,32735,California
Sonoma,2021-01-27,3697,44566,1279,24149,2418,20417,0,0,3124,27280,571,8582,3127,35862,California
Sonoma,2021-01-28,4114,48680,1844,25993,2270,22687,0,0,3444,30058,667,9249,3445,39307,California
Sonoma,2021-01-29,2963,51643,1409,27402,1554,24241,0,0,2131,31360,830,10079,2132,41439,California
Sonoma,2021-01-30,2584,54227,2396,29798,188,24429,0,0,2244,33265,340,10419,2245,43684,California
Sonoma,2021-01-31,777,55004,665,30463,112,24541,0,0,579,33647,197,10616,579,44263,California
Sonoma,2021-02-01,2501,57505,882,31345,1619,26160,0,0,2097,35342,402,11018,2097,46360,California
Sonoma,2021-02-02,3447,60952,1368,32713,2079,28239,0,0,2881,37659,564,11582,2881,49241,California
Sonoma,2021-02-03,4034,64986,1323,34036,2711,30950,0,0,3104,39835,928,12510,3104,52345,California
Sonoma,2021-02-04,4195,69181,1708,35744,2487,33437,0,0,3415,42473,778,13288,3416,55761,California
Sonoma,2021-02-05,4811,73992,1739,37483,3072,36509,0,0,3798,45263,1009,14297,3799,59560,California
Sonoma,2021-02-06,2654,76646,2294,39777,360,36869,0,0,2096,46802,557,14854,2096,61656,California
Sonoma,2021-02-07,1534,78180,1399,41176,135,37004,0,0,1283,47834,251,15105,1283,62939,California
Sonoma,2021-02-08,3254,81434,1033,42209,2221,39225,0,0,2674,49929,579,15684,2674,65613,California
Sonoma,2021-02-09,3552,84986,1697,43906,1855,41080,0,0,3073,52526,477,16161,3074,68687,California
Sonoma,2021-02-10,4525,89511,2475,46381,2050,43130,0,0,3491,54990,1028,17189,3492,72179,California
Sonoma,2021-02-11,5557,95068,3008,49389,2549,45679,0,0,4378,58191,1177,18366,4378,76557,California
Sonoma,2021-02-12,5890,100958,3235,52624,2655,48334,0,0,4473,61254,1413,19779,4476,81033,California
Sonoma,2021-02-13,1983,102941,1152,53776,831,49165,0,0,1203,61680,777,20556,1203,82236,California
Sonoma,2021-02-14,2314,105255,1821,55597,493,49658,0,0,1569,62505,744,21300,1569,83805,California
Sonoma,2021-02-15,2137,107392,791,56388,1346,51004,0,0,1605,63579,531,21831,1605,85410,California
Sonoma,2021-02-16,4894,112286,2051,58439,2843,53847,0,0,3641,65971,1249,23080,3641,89051,California
Sonoma,2021-02-17,5584,117870,2889,61328,2695,56542,0,0,3587,67571,1989,25069,3589,92640,California
Sonoma,2021-02-18,6915,124785,3132,64460,3783,60325,0,0,4003,68670,2904,27973,4003,96643,California
Sonoma,2021-02-19,5511,130296,1664,66124,3847,64172,0,0,3414,69993,2092,30065,3415,100058,California
Sonoma,2021-02-20,3122,133418,2842,68966,280,64452,0,0,1218,69313,1898,31963,1218,101276,California
Sonoma,2021-02-21,517,133935,413,69379,104,64556,0,0,128,69055,386,32349,128,101404,California
Sonoma,2021-02-22,2713,136648,1352,70731,1361,65917,0,0,1040,68427,1668,34017,1040,102444,California
Sonoma,2021-02-23,3094,139742,2068,72799,1026,66943,0,0,1352,68041,1738,35755,1352,103796,California
Sonoma,2021-02-24,5453,145195,2539,75338,2914,69857,0,0,2733,68061,2715,38470,2735,106531,California
Sonoma,2021-02-25,5649,150844,2227,77565,3422,73279,0,0,2972,68377,2656,41126,2972,109503,California
Sonoma,2021-02-26,6023,156867,2748,80313,3275,76554,0,0,3741,69841,2277,43403,3741,113244,California
Sonoma,2021-02-27,4002,160869,1903,82216,2099,78653,0,0,2665,71171,1335,44738,2665,115909,California
Sonoma,2021-02-28,2330,163199,1846,84062,484,79137,0,0,612,70074,1709,46447,612,116521,California
Sonoma,2021-03-01,3667,166866,1129,85191,2538,81675,0,0,1811,70040,1846,48293,1812,118333,California
Sonoma,2021-03-02,4221,171087,1464,86655,2757,84432,0,0,2483,70793,1730,50023,2483,120816,California
Sonoma,2021-03-03,4843,175930,2511,89166,2332,86764,0,0,2245,70447,2591,52614,2245,123061,California
Sonoma,2021-03-04,5688,181618,2442,91608,3246,90010,0,0,2563,69899,3111,55725,2563,125624,California
Sonoma,2021-03-05,6162,187780,2554,94162,3593,93603,15,15,2701,69168,3448,59173,2717,128341,California
Sonoma,2021-03-06,2763,190543,1211,95373,1418,95021,134,149,1897,70338,860,60033,2030,130371,California
Sonoma,2021-03-07,1681,192224,1393,96766,253,95274,35,184,356,69406,1323,61356,391,130762,California
Sonoma,2021-03-08,3882,196106,653,97419,3054,98328,175,359,2215,70137,1657,63013,2388,133150,California
Sonoma,2021-03-09,5453,201559,3001,100420,2210,100538,242,601,2664,70261,2782,65795,2906,136056,California
Sonoma,2021-03-10,5938,207497,3167,103587,2445,102983,326,927,2395,69452,3529,69324,2720,138776,California
Sonoma,2021-03-11,7493,214990,2975,106562,3698,106681,820,1747,2555,67898,4930,74254,3376,142152,California
Sonoma,2021-03-12,7389,222379,2262,108824,3766,110447,1361,3108,2104,66092,5266,79520,3460,145612,California
Sonoma,2021-03-13,3244,225623,1542,110366,1467,111914,235,3343,1851,66783,1392,80912,2083,147695,California
Sonoma,2021-03-14,1378,227001,382,110748,855,112769,141,3484,850,67248,525,81437,990,148685,California
Sonoma,2021-03-15,5217,232218,1497,112245,3335,116104,385,3869,2192,66806,3017,84454,2575,151260,California
Sonoma,2021-03-16,6267,238485,2234,114479,3801,119905,232,4101,2902,66580,3359,87813,3133,154393,California
Sonoma,2021-03-17,6732,245217,3519,117998,3033,122938,180,4281,3282,66601,3440,91253,3461,157854,California
Sonoma,2021-03-18,7105,252322,2930,120928,3562,126500,613,4894,3176,66464,3923,95176,3786,161640,California
Sonoma,2021-03-19,7474,259796,3229,124157,4014,130514,231,5125,3191,65626,4264,99440,3426,165066,California
Sonoma,2021-03-20,3626,263422,1744,125901,1052,131566,830,5955,1971,66776,1648,101088,2798,167864,California
Sonoma,2021-03-21,1379,264801,602,126503,744,132310,33,5988,1214,67860,163,101251,1247,169111,California
Sonoma,2021-03-22,4488,269289,3086,129589,1301,133611,101,6089,3542,70561,942,102193,3643,172754,California
Sonoma,2021-03-23,5792,275081,3598,133187,2118,135729,76,6165,4668,74189,1116,103309,4744,177498,California
Sonoma,2021-03-24,6589,281670,4261,137448,2262,137991,66,6231,4152,75986,2420,105729,4217,181715,California
Sonoma,2021-03-25,6971,288641,4187,141635,2679,140670,105,6336,4341,77825,2608,108337,4447,186162,California
Sonoma,2021-03-26,7265,295906,3444,145079,3733,144403,88,6424,4016,78695,3234,111571,4104,190266,California
Sonoma,2021-03-27,3795,299701,1501,146580,1933,146336,361,6785,1134,77535,2655,114226,1495,191761,California
Sonoma,2021-03-28,1503,301204,945,147525,531,146867,27,6812,943,77948,557,114783,970,192731,California
Sonoma,2021-03-29,2853,304057,1092,148617,1728,148595,33,6845,1652,78436,1197,115980,1685,194416,California
Sonoma,2021-03-30,5676,309733,3125,151742,2489,151084,62,6907,3082,78992,2588,118568,3144,197560,California
Sonoma,2021-03-31,5491,315224,3335,155077,1942,153026,214,7121,3274,80273,2208,120776,3489,201049,California
Sonoma,2021-04-01,6675,321899,3966,159043,2374,155400,335,7456,3580,81101,3079,123855,3907,204956,California
Sonoma,2021-04-02,5904,327803,3535,162578,2260,157660,109,7565,3558,82429,2340,126195,3668,208624,California
Sonoma,2021-04-03,3363,331166,1645,164223,1498,159158,220,7785,1473,82243,1878,128073,1692,210316,California
Sonoma,2021-04-04,1057,332223,687,164910,280,159438,90,7875,666,82612,387,128460,756,211072,California
Sonoma,2021-04-05,4354,336577,588,165498,3429,162867,337,8212,1792,82185,2556,131016,2129,213201,California
Sonoma,2021-04-06,6831,343408,3462,168960,2969,165836,400,8612,3966,83697,2852,133868,4364,217565,California
Sonoma,2021-04-07,6742,350150,3807,172767,2103,167939,832,9444,3273,84337,3461,137329,4101,221666,California
Sonoma,2021-04-08,7486,357636,4090,176857,2627,170566,769,10213,4081,85789,3394,140723,4846,226512,California
Sonoma,2021-04-09,6741,364377,3747,180604,2109,172675,885,11098,3458,86856,3271,143994,4338,230850,California
Sonoma,2021-04-10,3819,368196,1679,182283,1587,174262,553,11651,1098,85790,2712,146706,1646,232496,California
Sonoma,2021-04-11,1276,369472,603,182886,592,174854,81,11732,433,85462,842,147548,514,233010,California
Sonoma,2021-04-12,4931,374403,2052,184938,2397,177251,482,12214,1849,84712,3074,150622,2324,235334,California
Sonoma,2021-04-13,7780,382183,4611,189549,3167,180418,2,12216,2961,82864,4811,155433,2963,238297,California
Sonoma,2021-04-14,6353,388536,3589,193138,2745,183163,19,12235,2504,81553,3834,159267,2523,240820,California
Sonoma,2021-04-15,7074,395610,4017,197155,3057,186220,0,12235,3497,81484,3566,162833,3497,244317,California
Sonoma,2021-04-16,6782,402392,3411,200566,3370,189590,1,12236,3848,82404,2929,165762,3849,248166,California
Sonoma,2021-04-17,3069,405461,1493,202059,1576,191166,0,12236,1488,82318,1575,167337,1489,249655,California
Sonoma,2021-04-18,1200,406661,808,202867,392,191558,0,12236,369,81858,829,168166,369,250024,California
Sonoma,2021-04-19,3276,409937,1873,204740,1403,192961,0,12236,1445,81475,1828,169994,1445,251469,California
Sonoma,2021-04-20,6252,416189,3449,208189,2803,195764,0,12236,2369,79974,3871,173865,2370,253839,California
Sonoma,2021-04-21,6319,422508,4180,212369,2137,197901,2,12238,2913,79496,3392,177257,2914,256753,California
Sonoma,2021-04-22,6005,428513,4340,216709,1665,199566,0,12238,2465,78434,3527,180784,2465,259218,California
Sonoma,2021-04-23,7243,435756,4597,221306,2640,202206,6,12244,3609,78424,3626,184410,3616,262834,California
Sonoma,2021-04-24,2689,438445,1480,222786,1195,203401,14,12258,1524,78799,1163,185573,1538,264372,California
Sonoma,2021-04-25,1075,439520,783,223569,292,203693,0,12258,427,78580,646,186219,427,264799,California
Sonoma,2021-04-26,2546,442066,1238,224807,1283,204976,25,12283,1432,78929,1108,187327,1457,266256,California
Sonoma,2021-04-27,4714,446780,3428,228235,1191,206167,95,12378,1937,78197,2764,190091,2032,268288,California
Sonoma,2021-04-28,3963,450743,2639,230874,1184,207351,140,12518,1727,77835,2228,192319,1866,270154,California
Sonoma,2021-04-29,3106,453849,2321,233195,732,208083,53,12571,1131,77047,1972,194291,1184,271338,California
Stanislaus,2020-12-15,3,3,3,3,0,0,0,0,3,3,0,0,3,3,California
Stanislaus,2020-12-16,37,40,37,40,0,0,0,0,37,40,0,0,37,40,California
Stanislaus,2020-12-17,74,114,74,114,0,0,0,0,74,114,0,0,74,114,California
Stanislaus,2020-12-18,337,451,331,445,6,6,0,0,337,451,0,0,337,451,California
Stanislaus,2020-12-19,133,584,133,578,0,6,0,0,133,584,0,0,133,584,California
Stanislaus,2020-12-20,85,669,85,663,0,6,0,0,85,669,0,0,85,669,California
Stanislaus,2020-12-21,997,1666,996,1659,1,7,0,0,996,1665,0,0,996,1665,California
Stanislaus,2020-12-22,795,2461,783,2442,12,19,0,0,795,2460,0,0,795,2460,California
Stanislaus,2020-12-23,447,2908,430,2872,17,36,0,0,446,2906,0,0,446,2906,California
Stanislaus,2020-12-24,97,3005,88,2960,9,45,0,0,97,3003,0,0,97,3003,California
Stanislaus,2020-12-26,51,3056,8,2968,43,88,0,0,51,3054,0,0,51,3054,California
Stanislaus,2020-12-27,11,3067,6,2974,5,93,0,0,11,3065,0,0,11,3065,California
Stanislaus,2020-12-28,489,3556,394,3368,95,188,0,0,489,3554,0,0,489,3554,California
Stanislaus,2020-12-29,494,4050,418,3786,76,264,0,0,494,4048,0,0,494,4048,California
Stanislaus,2020-12-30,534,4584,279,4065,255,519,0,0,533,4580,1,1,533,4581,California
Stanislaus,2020-12-31,275,4859,156,4221,119,638,0,0,275,4855,0,1,275,4856,California
Stanislaus,2021-01-01,12,4871,4,4225,8,646,0,0,12,4867,0,1,12,4868,California
Stanislaus,2021-01-02,31,4902,24,4249,7,653,0,0,31,4898,0,1,31,4899,California
Stanislaus,2021-01-03,90,4992,87,4336,3,656,0,0,90,4988,0,1,90,4989,California
Stanislaus,2021-01-04,111,5103,32,4368,79,735,0,0,111,5099,0,1,111,5100,California
Stanislaus,2021-01-05,832,5935,341,4709,491,1226,0,0,810,5893,21,22,815,5915,California
Stanislaus,2021-01-06,950,6885,547,5256,403,1629,0,0,880,6707,67,89,881,6796,California
Stanislaus,2021-01-07,1075,7960,700,5956,375,2004,0,0,959,7552,115,204,960,7756,California
Stanislaus,2021-01-08,1279,9239,723,6679,556,2560,0,0,938,8156,338,542,942,8698,California
Stanislaus,2021-01-09,285,9524,141,6820,144,2704,0,0,195,8261,90,632,195,8893,California
Stanislaus,2021-01-10,48,9572,21,6841,27,2731,0,0,29,8271,19,651,29,8922,California
Stanislaus,2021-01-11,1518,11090,1243,8084,275,3006,0,0,595,7965,917,1568,611,9533,California
Stanislaus,2021-01-12,1460,12550,861,8945,599,3605,0,0,825,8165,631,2199,831,10364,California
Stanislaus,2021-01-13,1422,13972,672,9617,750,4355,0,0,1102,8954,320,2519,1109,11473,California
Stanislaus,2021-01-14,2216,16188,279,9896,1937,6292,0,0,2062,10920,152,2671,2118,13591,California
Stanislaus,2021-01-15,2802,18990,1145,11041,1657,7949,0,0,2665,13518,133,2804,2731,16322,California
Stanislaus,2021-01-16,468,19458,50,11091,418,8367,0,0,453,13959,14,2818,455,16777,California
Stanislaus,2021-01-17,243,19701,201,11292,42,8409,0,0,237,14191,5,2823,237,17014,California
Stanislaus,2021-01-18,2180,21881,1021,12313,1159,9568,0,0,1809,15694,366,3189,1869,18883,California
Stanislaus,2021-01-19,1248,23129,720,13033,528,10096,0,0,805,16059,441,3630,806,19689,California
Stanislaus,2021-01-20,997,24126,482,13515,515,10611,0,0,707,16477,289,3919,707,20396,California
Stanislaus,2021-01-21,3636,27762,2942,16457,694,11305,0,0,3330,19591,304,4223,3418,23814,California
Stanislaus,2021-01-22,1057,28819,306,16763,751,12056,0,0,1013,20568,40,4263,1017,24831,California
Stanislaus,2021-01-23,338,29157,38,16801,300,12356,0,0,282,20799,55,4318,286,25117,California
Stanislaus,2021-01-24,292,29449,100,16901,192,12548,0,0,226,20961,66,4384,228,25345,California
Stanislaus,2021-01-25,3134,32583,225,17126,2909,15457,0,0,2830,23618,304,4688,2961,28306,California
Stanislaus,2021-01-26,1719,34302,743,17869,976,16433,0,0,1298,24514,417,5105,1313,29619,California
Stanislaus,2021-01-27,1827,36129,989,18858,838,17271,0,0,1172,25040,647,5752,1173,30792,California
Stanislaus,2021-01-28,2191,38320,1499,20357,692,17963,0,0,1714,26334,469,6221,1763,32555,California
Stanislaus,2021-01-29,2428,40748,1189,21546,1239,19202,0,0,1911,27816,472,6693,1954,34509,California
Stanislaus,2021-01-30,290,41038,129,21675,161,19363,0,0,227,27991,52,6745,227,34736,California
Stanislaus,2021-01-31,364,41402,311,21986,53,19416,0,0,350,28330,11,6756,350,35086,California
Stanislaus,2021-02-01,1252,42654,548,22534,704,20120,0,0,911,28910,331,7087,911,35997,California
Stanislaus,2021-02-02,1231,43885,372,22906,859,20979,0,0,779,29249,444,7531,783,36780,California
Stanislaus,2021-02-03,2458,46343,1080,23986,1378,22357,0,0,1791,30383,663,8194,1797,38577,California
Stanislaus,2021-02-04,2083,48426,720,24706,1363,23720,0,0,1571,31455,504,8698,1576,40153,California
Stanislaus,2021-02-05,2830,51256,1457,26163,1373,25093,0,0,1592,31865,1186,9884,1596,41749,California
Stanislaus,2021-02-06,881,52137,298,26461,583,25676,0,0,691,32369,188,10072,692,42441,California
Stanislaus,2021-02-07,212,52349,188,26649,24,25700,0,0,42,32243,169,10241,43,42484,California
Stanislaus,2021-02-08,2009,54358,1314,27963,695,26395,0,0,1098,32465,879,11120,1101,43585,California
Stanislaus,2021-02-09,1822,56180,774,28737,1048,27443,0,0,1043,32747,764,11884,1046,44631,California
Stanislaus,2021-02-10,1925,58105,530,29267,1395,28838,0,0,1012,32866,895,12779,1014,45645,California
Stanislaus,2021-02-11,5349,63454,3250,32517,2099,30937,0,0,1224,30140,3954,16733,1228,46873,California
Stanislaus,2021-02-12,3273,66727,907,33424,2366,33303,0,0,1452,29829,1764,18497,1453,48326,California
Stanislaus,2021-02-13,1346,68073,648,34072,698,34001,0,0,979,30449,363,18860,983,49309,California
Stanislaus,2021-02-14,420,68493,169,34241,251,34252,0,0,351,30733,67,18927,351,49660,California
Stanislaus,2021-02-15,1791,70284,217,34458,1574,35826,0,0,570,30186,1122,20049,575,50235,California
Stanislaus,2021-02-16,1353,71637,416,34874,937,36763,0,0,575,29992,771,20820,577,50812,California
Stanislaus,2021-02-17,2721,74358,1659,36533,1062,37825,0,0,1936,31153,782,21602,1943,52755,California
Stanislaus,2021-02-18,3331,77689,1883,38416,1448,39273,0,0,1791,31487,1466,23068,1800,54555,California
Stanislaus,2021-02-19,2699,80388,1043,39459,1656,40929,0,0,1519,31869,1146,24214,1528,56083,California
Stanislaus,2021-02-20,743,81131,376,39835,367,41296,0,0,482,32107,246,24460,484,56567,California
Stanislaus,2021-02-21,869,82000,655,40490,214,41510,0,0,523,32314,327,24787,534,57101,California
Stanislaus,2021-02-22,2329,84329,1682,42172,647,42157,0,0,1633,33277,672,25459,1635,58736,California
Stanislaus,2021-02-23,3685,88014,679,42851,3006,45163,0,0,1735,33204,1814,27273,1741,60477,California
Stanislaus,2021-02-24,4132,92146,2825,45676,1307,46470,0,0,3125,35342,991,28264,3129,63606,California
Stanislaus,2021-02-25,3857,96003,2628,48304,1229,47699,0,0,3061,37627,779,29043,3064,66670,California
Stanislaus,2021-02-26,4149,100152,1191,49495,2958,50657,0,0,2806,39141,1301,30344,2815,69485,California
Stanislaus,2021-02-27,2065,102217,696,50191,1368,52025,1,1,1839,40782,199,30543,1840,71325,California
Stanislaus,2021-02-28,799,103016,257,50448,542,52567,0,1,754,41499,38,30581,755,72080,California
Stanislaus,2021-03-01,2718,105734,1590,52038,1128,53695,0,1,1599,42000,1103,31684,1604,73684,California
Stanislaus,2021-03-02,2362,108096,1402,53440,959,54654,1,2,1645,42935,711,32395,1646,75330,California
Stanislaus,2021-03-03,3691,111787,2216,55656,1473,56127,2,4,2892,45044,783,33178,2892,78222,California
Stanislaus,2021-03-04,5383,117170,3067,58723,2300,58427,16,20,4185,48064,1177,34355,4197,82419,California
Stanislaus,2021-03-05,4002,121172,1104,59827,2882,61309,16,36,3043,50178,944,35299,3058,85477,California
Stanislaus,2021-03-06,3563,124735,2217,62044,1253,62562,93,129,2714,52142,845,36144,2809,88286,California
Stanislaus,2021-03-07,838,125573,380,62424,422,62984,36,165,650,52646,182,36326,686,88972,California
Stanislaus,2021-03-08,1968,127541,846,63270,1034,64018,88,253,1312,53400,645,36971,1399,90371,California
Stanislaus,2021-03-09,2152,129693,886,64156,1174,65192,92,345,1621,54594,523,37494,1717,92088,California
Stanislaus,2021-03-10,5019,134712,2469,66625,2329,67521,221,566,3709,57241,1294,38788,3941,96029,California
Stanislaus,2021-03-11,5693,140405,3125,69750,2093,69614,475,1041,4126,60431,1413,40201,4603,100632,California
Stanislaus,2021-03-12,5738,146143,1216,70966,2603,72217,1919,2960,2913,62449,2811,43012,4829,105461,California
Stanislaus,2021-03-13,3353,149496,2159,73125,1126,73343,68,3028,2680,64535,667,43679,2753,108214,California
Stanislaus,2021-03-14,973,150469,577,73702,345,73688,51,3079,484,64586,487,44166,538,108752,California
Stanislaus,2021-03-15,3669,154138,1962,75664,1351,75039,356,3435,1600,64574,1975,46141,1963,110715,California
Stanislaus,2021-03-16,4885,159023,2435,78099,2041,77080,409,3844,3527,67169,1340,47481,3935,114650,California
Stanislaus,2021-03-17,4696,163719,2845,80944,1675,78755,176,4020,2879,68430,1800,49281,3061,117711,California
Stanislaus,2021-03-18,5393,169112,3404,84348,1923,80678,66,4086,2967,69188,2280,51561,3038,120749,California
Stanislaus,2021-03-19,5906,175018,1523,85871,2858,83536,1525,5611,3103,71037,2778,54339,4627,125376,California
Stanislaus,2021-03-20,3824,178842,2992,88863,764,84300,68,5679,3355,73998,462,54801,3423,128799,California
Stanislaus,2021-03-21,977,179819,877,89740,35,84335,65,5744,746,74579,230,55031,811,129610,California
Stanislaus,2021-03-22,2792,182611,1307,91047,761,85096,724,6468,1239,75002,1539,56570,1962,131572,California
Stanislaus,2021-03-23,3929,186540,2008,93055,1661,86757,260,6728,2810,76985,1103,57673,3086,134658,California
Stanislaus,2021-03-24,4509,191049,3198,96253,1243,88000,68,6796,2629,77845,1840,59513,2700,137358,California
Stanislaus,2021-03-25,4218,195267,2900,99153,1302,89302,16,6812,1811,77339,2334,61847,1828,139186,California
Stanislaus,2021-03-26,4694,199961,1327,100480,3292,92594,75,6887,2371,77509,2289,64136,2459,141645,California
Stanislaus,2021-03-27,4293,204254,2690,103170,1574,94168,29,6916,1389,76052,2888,67024,1431,143076,California
Stanislaus,2021-03-28,1092,205346,432,103602,555,94723,105,7021,345,75776,739,67763,463,143539,California
Stanislaus,2021-03-29,2944,208290,1804,105406,1101,95824,39,7060,1978,76841,959,68722,2024,145563,California
Stanislaus,2021-03-30,3632,211922,2032,107438,1573,97397,27,7087,2220,77690,1407,70129,2256,147819,California
Stanislaus,2021-03-31,5363,217285,3803,111241,1443,98840,117,7204,2749,77973,2598,72727,2881,150700,California
Stanislaus,2021-04-01,5682,222967,3804,115045,1789,100629,89,7293,2610,77638,3059,75786,2724,153424,California
Stanislaus,2021-04-02,4901,227868,1198,116243,3553,104182,150,7443,2176,77339,2643,78429,2344,155768,California
Stanislaus,2021-04-03,4507,232375,3280,119523,1190,105372,37,7480,2221,77343,2277,80706,2281,158049,California
Stanislaus,2021-04-04,1302,233677,468,119991,805,106177,29,7509,646,77378,651,81357,686,158735,California
Stanislaus,2021-04-05,3596,237273,2514,122505,832,107009,250,7759,2337,78719,1252,82609,2593,161328,California
Stanislaus,2021-04-06,5659,242932,4141,126646,1245,108254,273,8032,3014,79381,2632,85241,3294,164622,California
Stanislaus,2021-04-07,6304,249236,3576,130222,2309,110563,419,8451,2810,79134,3481,88722,3234,167856,California
Stanislaus,2021-04-08,5621,254857,3281,133503,1909,112472,431,8882,2721,79408,2884,91606,3158,171014,California
Stanislaus,2021-04-09,4750,259607,2055,135558,2329,114801,366,9248,2144,79343,2588,94194,2523,173537,California
Stanislaus,2021-04-10,6417,266024,3926,139484,858,115659,1633,10881,1953,78479,4445,98639,3581,177118,California
Stanislaus,2021-04-11,1501,267525,837,140321,531,116190,133,11014,651,78416,848,99487,785,177903,California
Stanislaus,2021-04-12,3530,271055,2005,142326,1096,117286,429,11443,1841,79013,1680,101167,2277,180180,California
Stanislaus,2021-04-13,5127,276182,3357,145683,1757,119043,13,11456,2880,79684,2214,103381,2885,183065,California
Stanislaus,2021-04-14,4595,280777,3214,148897,1381,120424,0,11456,2229,79583,2336,105717,2235,185300,California
Stanislaus,2021-04-15,5358,286135,3301,152198,2055,122479,2,11458,3233,80731,2089,107806,3237,188537,California
Stanislaus,2021-04-16,4244,290379,967,153165,3277,125756,0,11458,1795,80117,2411,110217,1797,190334,California
Stanislaus,2021-04-17,3102,293481,2069,155234,1033,126789,0,11458,1806,80643,1285,111502,1811,192145,California
Stanislaus,2021-04-18,519,294000,206,155440,313,127102,0,11458,399,80930,114,111616,401,192546,California
Stanislaus,2021-04-19,3442,297442,2445,157885,997,128099,0,11458,1651,80827,1762,113378,1659,194205,California
Stanislaus,2021-04-20,3955,301397,2400,160285,1555,129654,0,11458,1742,80383,2188,115566,1744,195949,California
Stanislaus,2021-04-21,3769,305166,2511,162796,1257,130911,1,11459,1616,79886,2120,117686,1623,197572,California
Stanislaus,2021-04-22,3929,309095,2391,165187,1538,132449,0,11459,1587,79178,2300,119986,1592,199164,California
Stanislaus,2021-04-23,3567,312662,831,166018,2736,135185,0,11459,1461,78631,2015,122001,1468,200632,California
Stanislaus,2021-04-24,3706,316368,2905,168923,801,135986,0,11459,1750,78446,1942,123943,1757,202389,California
Stanislaus,2021-04-25,931,317299,477,169400,454,136440,0,11459,687,78899,239,124182,692,203081,California
Stanislaus,2021-04-26,3147,320446,2219,171619,922,137362,6,11465,944,77667,2189,126371,957,204038,California
Stanislaus,2021-04-27,3775,324221,2647,174266,1086,138448,42,11507,1060,76072,2698,129069,1103,205141,California
Stanislaus,2021-04-28,3882,328103,2833,177099,994,139442,55,11562,1732,75739,2135,131204,1802,206943,California
Stanislaus,2021-04-29,2465,330568,1557,178656,881,140323,27,11589,848,75016,1608,132812,885,207828,California
Sutter,2020-12-15,1,1,1,1,0,0,0,0,1,1,0,0,1,1,California
Sutter,2020-12-16,4,5,4,5,0,0,0,0,4,5,0,0,4,5,California
Sutter,2020-12-17,2,7,2,7,0,0,0,0,2,7,0,0,2,7,California
Sutter,2020-12-18,20,27,20,27,0,0,0,0,20,27,0,0,20,27,California
Sutter,2020-12-19,44,71,44,71,0,0,0,0,44,71,0,0,44,71,California
Sutter,2020-12-20,42,113,42,113,0,0,0,0,42,113,0,0,42,113,California
Sutter,2020-12-21,100,213,100,213,0,0,0,0,100,213,0,0,100,213,California
Sutter,2020-12-22,172,385,172,385,0,0,0,0,172,385,0,0,172,385,California
Sutter,2020-12-23,116,501,111,496,5,5,0,0,116,501,0,0,116,501,California
Sutter,2020-12-24,17,518,11,507,6,11,0,0,17,518,0,0,17,518,California
Sutter,2020-12-26,39,557,35,542,4,15,0,0,39,557,0,0,39,557,California
Sutter,2020-12-27,24,581,23,565,1,16,0,0,24,581,0,0,24,581,California
Sutter,2020-12-28,83,664,55,620,28,44,0,0,83,664,0,0,83,664,California
Sutter,2020-12-29,101,765,14,634,87,131,0,0,101,765,0,0,101,765,California
Sutter,2020-12-30,136,901,34,668,102,233,0,0,136,901,0,0,136,901,California
Sutter,2020-12-31,70,971,6,674,64,297,0,0,70,971,0,0,70,971,California
Sutter,2021-01-01,3,974,3,677,0,297,0,0,3,974,0,0,3,974,California
Sutter,2021-01-02,133,1107,131,808,2,299,0,0,133,1107,0,0,133,1107,California
Sutter,2021-01-03,1,1108,0,808,1,300,0,0,1,1108,0,0,1,1108,California
Sutter,2021-01-04,247,1355,139,947,108,408,0,0,247,1355,0,0,247,1355,California
Sutter,2021-01-05,99,1454,56,1003,43,451,0,0,97,1450,2,2,97,1452,California
Sutter,2021-01-06,204,1658,50,1053,154,605,0,0,199,1644,5,7,199,1651,California
Sutter,2021-01-07,252,1910,151,1204,101,706,0,0,243,1879,8,15,243,1894,California
Sutter,2021-01-08,146,2056,40,1244,106,812,0,0,129,1991,17,32,129,2023,California
Sutter,2021-01-09,45,2101,43,1287,2,814,0,0,4,1954,41,73,4,2027,California
Sutter,2021-01-10,397,2498,37,1324,360,1174,0,0,359,2276,37,110,359,2386,California
Sutter,2021-01-11,132,2630,114,1438,18,1192,0,0,26,2196,106,216,26,2412,California
Sutter,2021-01-12,201,2831,164,1602,37,1229,0,0,58,2111,143,359,58,2470,California
Sutter,2021-01-13,161,2992,98,1700,63,1292,0,0,71,2093,89,448,71,2541,California
Sutter,2021-01-14,145,3137,49,1749,96,1388,0,0,126,2200,19,467,126,2667,California
Sutter,2021-01-15,435,3572,132,1881,303,1691,0,0,420,2605,15,482,420,3087,California
Sutter,2021-01-16,385,3957,42,1923,343,2034,0,0,353,2927,31,513,353,3440,California
Sutter,2021-01-17,26,3983,24,1947,2,2036,0,0,10,2921,16,529,10,3450,California
Sutter,2021-01-18,116,4099,61,2008,55,2091,0,0,69,2943,47,576,69,3519,California
Sutter,2021-01-19,104,4203,43,2051,61,2152,0,0,79,2997,25,601,79,3598,California
Sutter,2021-01-20,255,4458,190,2241,65,2217,0,0,235,3212,20,621,235,3833,California
Sutter,2021-01-21,435,4893,267,2508,168,2385,0,0,416,3609,19,640,416,4249,California
Sutter,2021-01-22,268,5161,81,2589,187,2572,0,0,259,3859,9,649,259,4508,California
Sutter,2021-01-23,398,5559,40,2629,358,2930,0,0,371,4203,27,676,371,4879,California
Sutter,2021-01-24,17,5576,14,2643,3,2933,0,0,15,4216,2,678,15,4894,California
Sutter,2021-01-25,304,5880,195,2838,109,3042,0,0,150,4213,153,831,150,5044,California
Sutter,2021-01-26,243,6123,103,2941,140,3182,0,0,144,4259,98,929,144,5188,California
Sutter,2021-01-27,385,6508,255,3196,130,3312,0,0,320,4514,65,994,320,5508,California
Sutter,2021-01-28,524,7032,301,3497,223,3535,0,0,395,4781,128,1122,395,5903,California
Sutter,2021-01-29,419,7451,146,3643,273,3808,0,0,254,4870,165,1287,254,6157,California
Sutter,2021-01-30,775,8226,38,3681,737,4545,0,0,764,5623,11,1298,764,6921,California
Sutter,2021-01-31,27,8253,27,3708,0,4545,0,0,27,5650,0,1298,27,6948,California
Sutter,2021-02-01,165,8418,49,3757,116,4661,0,0,134,5753,31,1329,134,7082,California
Sutter,2021-02-02,243,8661,27,3784,216,4877,0,0,212,5934,31,1360,212,7294,California
Sutter,2021-02-03,443,9104,38,3822,405,5282,0,0,209,5909,234,1594,209,7503,California
Sutter,2021-02-04,669,9773,366,4188,303,5585,0,0,620,6480,49,1643,620,8123,California
Sutter,2021-02-05,284,10057,32,4220,252,5837,0,0,136,6468,148,1791,136,8259,California
Sutter,2021-02-06,733,10790,28,4248,705,6542,0,0,712,7159,21,1812,712,8971,California
Sutter,2021-02-07,23,10813,20,4268,3,6545,0,0,19,7174,4,1816,19,8990,California
Sutter,2021-02-08,134,10947,29,4297,105,6650,0,0,98,7236,36,1852,98,9088,California
Sutter,2021-02-09,245,11192,45,4342,200,6850,0,0,184,7359,61,1913,184,9272,California
Sutter,2021-02-10,818,12010,379,4721,439,7289,0,0,177,6896,640,2553,177,9449,California
Sutter,2021-02-11,603,12613,274,4995,329,7618,0,0,374,7041,229,2782,374,9823,California
Sutter,2021-02-12,633,13246,67,5062,566,8184,0,0,310,7029,322,3104,310,10133,California
Sutter,2021-02-13,898,14144,49,5111,849,9033,0,0,781,7693,117,3221,781,10914,California
Sutter,2021-02-14,90,14234,25,5136,65,9098,0,0,80,7763,10,3231,80,10994,California
Sutter,2021-02-15,197,14431,72,5208,125,9223,0,0,120,7806,77,3308,120,11114,California
Sutter,2021-02-16,288,14719,45,5253,243,9466,0,0,205,7929,82,3390,205,11319,California
Sutter,2021-02-17,823,15542,428,5681,395,9861,0,0,129,7364,694,4084,129,11448,California
Sutter,2021-02-18,699,16241,55,5736,644,10505,0,0,489,7644,209,4293,489,11937,California
Sutter,2021-02-19,662,16903,377,6113,285,10790,0,0,461,7906,199,4492,461,12398,California
Sutter,2021-02-20,617,17520,51,6164,566,11356,0,0,514,8318,102,4594,514,12912,California
Sutter,2021-02-21,29,17549,26,6190,3,11359,0,0,6,8301,23,4617,6,12918,California
Sutter,2021-02-22,206,17755,122,6312,84,11443,0,0,87,8269,119,4736,87,13005,California
Sutter,2021-02-23,223,17978,33,6345,190,11633,0,0,98,8242,125,4861,98,13103,California
Sutter,2021-02-24,957,18935,348,6693,609,12242,0,0,189,7664,767,5628,189,13292,California
Sutter,2021-02-25,776,19711,490,7183,286,12528,0,0,595,8081,178,5806,595,13887,California
Sutter,2021-02-26,368,20079,59,7242,309,12837,0,0,152,8019,214,6020,152,14039,California
Sutter,2021-02-27,864,20943,43,7285,821,13658,0,0,710,8573,156,6176,710,14749,California
Sutter,2021-02-28,83,21026,38,7323,45,13703,0,0,64,8619,18,6194,64,14813,California
Sutter,2021-03-01,247,21273,61,7384,186,13889,0,0,151,8674,96,6290,151,14964,California
Sutter,2021-03-02,334,21607,57,7441,277,14166,0,0,160,8661,173,6463,160,15124,California
Sutter,2021-03-03,1384,22991,514,7955,870,15036,0,0,647,8577,731,7194,647,15771,California
Sutter,2021-03-04,1256,24247,868,8823,388,15424,0,0,952,9229,300,7494,952,16723,California
Sutter,2021-03-05,336,24583,76,8899,259,15683,1,1,203,9301,132,7626,204,16927,California
Sutter,2021-03-06,1024,25607,46,8945,973,16656,5,6,862,10006,162,7788,867,17794,California
Sutter,2021-03-07,63,25670,23,8968,39,16695,1,7,43,10030,20,7808,44,17838,California
Sutter,2021-03-08,224,25894,77,9045,135,16830,12,19,156,10130,68,7876,168,18006,California
Sutter,2021-03-09,385,26279,135,9180,237,17067,13,32,182,10123,202,8078,195,18201,California
Sutter,2021-03-10,1568,27847,681,9861,826,17893,61,93,525,9669,1040,9118,586,18787,California
Sutter,2021-03-11,891,28738,438,10299,434,18327,19,112,646,10092,242,9360,665,19452,California
Sutter,2021-03-12,671,29409,109,10408,380,18707,182,294,198,10000,470,9830,378,19830,California
Sutter,2021-03-13,982,30391,749,11157,216,18923,17,311,782,10601,198,10028,799,20629,California
Sutter,2021-03-14,126,30517,20,11177,95,19018,11,322,41,10568,85,10113,52,20681,California
Sutter,2021-03-15,318,30835,66,11243,203,19221,49,371,151,10602,166,10279,200,20881,California
Sutter,2021-03-16,385,31220,85,11328,254,19475,46,417,208,10679,177,10456,254,21135,California
Sutter,2021-03-17,1496,32716,564,11892,913,20388,19,436,311,9832,1177,11633,330,21465,California
Sutter,2021-03-18,952,33668,166,12058,587,20975,199,635,564,10207,387,12020,762,22227,California
Sutter,2021-03-19,463,34131,164,12222,270,21245,29,664,284,10343,177,12197,313,22540,California
Sutter,2021-03-20,953,35084,116,12338,826,22071,11,675,865,11131,88,12285,876,23416,California
Sutter,2021-03-21,67,35151,47,12385,17,22088,3,678,37,11141,30,12315,40,23456,California
Sutter,2021-03-22,287,35438,121,12506,140,22228,26,704,211,11302,76,12391,237,23693,California
Sutter,2021-03-23,375,35813,114,12620,229,22457,32,736,252,11463,123,12514,284,23977,California
Sutter,2021-03-24,1684,37497,773,13393,841,23298,70,806,317,10497,1353,13867,387,24364,California
Sutter,2021-03-25,1034,38531,675,14068,318,23616,41,847,365,10236,667,14534,406,24770,California
Sutter,2021-03-26,482,39013,171,14239,294,23910,17,864,292,10358,187,14721,309,25079,California
Sutter,2021-03-27,934,39947,63,14302,869,24779,2,866,826,11081,105,14826,828,25907,California
Sutter,2021-03-28,125,40072,71,14373,54,24833,0,866,78,11114,45,14871,78,25985,California
Sutter,2021-03-29,421,40493,142,14515,224,25057,55,921,222,11194,197,15068,277,26262,California
Sutter,2021-03-30,475,40968,157,14672,308,25365,10,931,317,11363,158,15226,327,26589,California
Sutter,2021-03-31,1244,42212,175,14847,1053,26418,16,947,444,11032,790,16016,459,27048,California
Sutter,2021-04-01,1372,43584,727,15574,457,26875,188,1135,414,10684,951,16967,603,27651,California
Sutter,2021-04-02,510,44094,94,15668,298,27173,118,1253,201,10692,308,17275,316,27967,California
Sutter,2021-04-03,909,45003,76,15744,209,27382,624,1877,119,10647,788,18063,743,28710,California
Sutter,2021-04-04,117,45120,22,15766,89,27471,6,1883,56,10648,61,18124,62,28772,California
Sutter,2021-04-05,365,45485,143,15909,186,27657,36,1919,175,10672,187,18311,211,28983,California
Sutter,2021-04-06,509,45994,195,16104,258,27915,56,1975,273,10766,235,18546,329,29312,California
Sutter,2021-04-07,1476,47470,869,16973,532,28447,75,2050,613,10597,857,19403,688,30000,California
Sutter,2021-04-08,1025,48495,577,17550,339,28786,109,2159,562,10809,457,19860,669,30669,California
Sutter,2021-04-09,555,49050,245,17795,247,29033,63,2222,233,10785,320,20180,296,30965,California
Sutter,2021-04-10,817,49867,105,17900,87,29120,625,2847,103,10796,712,20892,723,31688,California
Sutter,2021-04-11,108,49975,26,17926,40,29160,42,2889,30,10790,78,20970,72,31760,California
Sutter,2021-04-12,336,50311,90,18016,192,29352,54,2943,136,10780,200,21170,190,31950,California
Sutter,2021-04-13,426,50737,123,18139,303,29655,0,2943,211,10778,213,21383,211,32161,California
Sutter,2021-04-14,1291,52028,159,18298,1131,30786,1,2944,214,9923,1071,22454,216,32377,California
Sutter,2021-04-15,465,52493,171,18469,294,31080,0,2944,179,9818,284,22738,179,32556,California
Sutter,2021-04-16,386,52879,115,18584,271,31351,0,2944,175,9783,210,22948,175,32731,California
Sutter,2021-04-17,572,53451,82,18666,490,31841,0,2944,500,10214,69,23017,500,33231,California
Sutter,2021-04-18,67,53518,8,18674,59,31900,0,2944,42,10232,24,23041,42,33273,California
Sutter,2021-04-19,289,53807,110,18784,179,32079,0,2944,121,10187,166,23207,121,33394,California
Sutter,2021-04-20,390,54197,135,18919,255,32334,0,2944,203,10204,186,23393,203,33597,California
Sutter,2021-04-21,1241,55438,423,19342,818,33152,0,2944,478,9928,754,24147,478,34075,California
Sutter,2021-04-22,465,55903,158,19500,307,33459,0,2944,248,9960,216,24363,248,34323,California
Sutter,2021-04-23,392,56295,110,19610,282,33741,0,2944,185,9939,206,24569,185,34508,California
Sutter,2021-04-24,323,56618,104,19714,219,33960,0,2944,185,9987,137,24706,185,34693,California
Sutter,2021-04-25,158,56776,76,19790,82,34042,0,2944,86,10004,69,24775,86,34779,California
Sutter,2021-04-26,259,57035,60,19850,197,34239,2,2946,117,9983,140,24915,119,34898,California
Sutter,2021-04-27,458,57493,228,20078,226,34465,4,2950,215,9963,240,25155,220,35118,California
Sutter,2021-04-28,755,58248,316,20394,431,34896,8,2958,229,9679,521,25676,237,35355,California
Sutter,2021-04-29,449,58697,31,20425,418,35314,0,2958,188,9608,259,25935,188,35543,California
Tehama,2020-12-15,1,1,1,1,0,0,0,0,1,1,0,0,1,1,California
Tehama,2020-12-16,2,3,2,3,0,0,0,0,2,3,0,0,2,3,California
Tehama,2020-12-17,12,15,12,15,0,0,0,0,12,15,0,0,12,15,California
Tehama,2020-12-18,2,17,2,17,0,0,0,0,3,18,0,0,3,18,California
Tehama,2020-12-21,33,50,33,50,0,0,0,0,33,51,0,0,33,51,California
Tehama,2020-12-22,68,118,62,112,6,6,0,0,68,119,0,0,68,119,California
Tehama,2020-12-23,48,166,40,152,8,14,0,0,48,167,0,0,48,167,California
Tehama,2020-12-24,5,171,3,155,2,16,0,0,5,172,0,0,5,172,California
Tehama,2020-12-26,3,174,2,157,1,17,0,0,3,175,0,0,3,175,California
Tehama,2020-12-27,2,176,2,159,0,17,0,0,2,177,0,0,2,177,California
Tehama,2020-12-28,56,232,43,202,13,30,0,0,56,233,0,0,56,233,California
Tehama,2020-12-29,31,263,31,233,0,30,0,0,31,264,0,0,31,264,California
Tehama,2020-12-30,54,317,38,271,16,46,0,0,53,317,0,0,53,317,California
Tehama,2020-12-31,14,331,4,275,10,56,0,0,14,331,0,0,14,331,California
Tehama,2021-01-01,2,333,0,275,2,58,0,0,2,333,0,0,2,333,California
Tehama,2021-01-04,32,365,9,284,23,81,0,0,32,365,0,0,32,365,California
Tehama,2021-01-05,70,435,43,327,27,108,0,0,67,429,3,3,67,432,California
Tehama,2021-01-06,71,506,21,348,50,158,0,0,62,483,8,11,62,494,California
Tehama,2021-01-07,57,563,7,355,50,208,0,0,56,538,1,12,56,550,California
Tehama,2021-01-08,31,594,24,379,7,215,0,0,26,559,5,17,26,576,California
Tehama,2021-01-09,7,601,5,384,2,217,0,0,5,562,2,19,5,581,California
Tehama,2021-01-10,1,602,0,384,1,218,0,0,1,563,0,19,1,582,California
Tehama,2021-01-11,48,650,46,430,2,220,0,0,15,545,33,52,15,597,California
Tehama,2021-01-12,116,766,96,526,20,240,0,0,71,571,45,97,71,668,California
Tehama,2021-01-13,73,839,55,581,18,258,0,0,27,552,46,143,27,695,California
Tehama,2021-01-14,225,1064,50,631,175,433,0,0,223,773,2,145,223,918,California
Tehama,2021-01-15,247,1311,74,705,173,606,0,0,243,1012,4,149,243,1161,California
Tehama,2021-01-16,272,1583,27,732,245,851,0,0,269,1278,3,152,269,1430,California
Tehama,2021-01-17,13,1596,9,741,4,855,0,0,11,1287,2,154,11,1441,California
Tehama,2021-01-18,10,1606,6,747,4,859,0,0,5,1287,5,159,5,1446,California
Tehama,2021-01-19,288,1894,62,809,226,1085,0,0,233,1465,55,214,233,1679,California
Tehama,2021-01-20,301,2195,87,896,214,1299,0,0,251,1667,49,263,251,1930,California
Tehama,2021-01-21,214,2409,11,907,203,1502,0,0,204,1861,10,273,204,2134,California
Tehama,2021-01-22,214,2623,12,919,202,1704,0,0,211,2069,3,276,211,2345,California
Tehama,2021-01-23,261,2884,10,929,251,1955,0,0,260,2328,1,277,260,2605,California
Tehama,2021-01-25,32,2916,14,943,18,1973,0,0,14,2324,18,295,14,2619,California
Tehama,2021-01-26,323,3239,42,985,281,2254,0,0,286,2573,37,332,286,2905,California
Tehama,2021-01-27,299,3538,21,1006,278,2532,0,0,279,2832,20,352,279,3184,California
Tehama,2021-01-28,340,3878,29,1035,311,2843,0,0,325,3142,15,367,325,3509,California
Tehama,2021-01-29,321,4199,19,1054,302,3145,0,0,304,3429,17,384,304,3813,California
Tehama,2021-01-30,103,4302,2,1056,101,3246,0,0,102,3530,1,385,102,3915,California
Tehama,2021-01-31,1,4303,0,1056,1,3247,0,0,1,3531,0,385,1,3916,California
Tehama,2021-02-01,78,4381,22,1078,56,3303,0,0,36,3525,42,427,36,3952,California
Tehama,2021-02-02,343,4724,63,1141,280,3583,0,0,246,3677,94,521,246,4198,California
Tehama,2021-02-03,381,5105,12,1153,369,3952,0,0,337,3970,44,565,337,4535,California
Tehama,2021-02-04,466,5571,98,1251,368,4320,0,0,387,4279,79,644,388,4923,California
Tehama,2021-02-05,167,5738,73,1324,94,4414,0,0,107,4326,60,704,107,5030,California
Tehama,2021-02-06,28,5766,13,1337,15,4429,0,0,16,4330,12,716,16,5046,California
Tehama,2021-02-07,5,5771,4,1341,1,4430,0,0,2,4329,3,719,2,5048,California
Tehama,2021-02-08,36,5807,14,1355,22,4452,0,0,27,4347,9,728,27,5075,California
Tehama,2021-02-09,78,5885,34,1389,44,4496,0,0,44,4357,34,762,44,5119,California
Tehama,2021-02-10,234,6119,62,1451,172,4668,0,0,158,4439,76,838,158,5277,California
Tehama,2021-02-11,222,6341,16,1467,206,4874,0,0,82,4383,138,976,82,5359,California
Tehama,2021-02-12,356,6697,57,1524,299,5173,0,0,174,4375,182,1158,174,5533,California
Tehama,2021-02-13,386,7083,13,1537,373,5546,0,0,147,4283,239,1397,147,5680,California
Tehama,2021-02-14,33,7116,0,1537,33,5579,0,0,32,4314,1,1398,32,5712,California
Tehama,2021-02-15,51,7167,9,1546,42,5621,0,0,45,4353,6,1404,45,5757,California
Tehama,2021-02-16,242,7409,16,1562,226,5847,0,0,60,4231,182,1586,60,5817,California
Tehama,2021-02-17,280,7689,12,1574,268,6115,0,0,54,4059,226,1812,54,5871,California
Tehama,2021-02-18,368,8057,32,1606,336,6451,0,0,144,3979,224,2036,144,6015,California
Tehama,2021-02-19,213,8270,18,1624,195,6646,0,0,42,3850,171,2207,42,6057,California
Tehama,2021-02-20,271,8541,6,1630,265,6911,0,0,26,3631,245,2452,26,6083,California
Tehama,2021-02-22,37,8578,13,1643,24,6935,0,0,24,3642,13,2465,24,6107,California
Tehama,2021-02-23,46,8624,19,1662,27,6962,0,0,26,3648,20,2485,26,6133,California
Tehama,2021-02-24,298,8922,12,1674,286,7248,0,0,26,3402,272,2757,26,6159,California
Tehama,2021-02-25,376,9298,60,1734,316,7564,0,0,37,3100,339,3096,37,6196,California
Tehama,2021-02-26,455,9753,19,1753,436,8000,0,0,70,2785,385,3481,70,6266,California
Tehama,2021-02-27,294,10047,5,1758,289,8289,0,0,34,2559,260,3741,34,6300,California
Tehama,2021-02-28,23,10070,2,1760,21,8310,0,0,20,2576,3,3744,20,6320,California
Tehama,2021-03-01,65,10135,8,1768,57,8367,0,0,31,2573,34,3778,31,6351,California
Tehama,2021-03-02,126,10261,18,1786,108,8475,0,0,30,2507,96,3874,30,6381,California
Tehama,2021-03-03,138,10399,33,1819,105,8580,0,0,47,2463,91,3965,47,6428,California
Tehama,2021-03-04,608,11007,35,1854,573,9153,0,0,222,2306,379,4344,222,6650,California
Tehama,2021-03-05,389,11396,18,1872,371,9524,0,0,214,2346,174,4518,214,6864,California
Tehama,2021-03-06,299,11695,17,1889,282,9806,0,0,81,2211,217,4735,82,6946,California
Tehama,2021-03-07,5,11700,1,1890,4,9810,0,0,3,2213,1,4736,3,6949,California
Tehama,2021-03-08,58,11758,12,1902,31,9841,15,15,27,2225,30,4766,42,6991,California
Tehama,2021-03-09,362,12120,5,1907,338,10179,19,34,307,2496,55,4821,326,7317,California
Tehama,2021-03-10,351,12471,12,1919,318,10497,21,55,69,2305,281,5102,90,7407,California
Tehama,2021-03-11,483,12954,14,1933,423,10920,46,101,340,2548,143,5245,386,7793,California
Tehama,2021-03-12,304,13258,19,1952,220,11140,65,166,179,2667,125,5370,244,8037,California
Tehama,2021-03-13,45,13303,8,1960,31,11171,6,172,6,2640,39,5409,12,8049,California
Tehama,2021-03-14,51,13354,3,1963,37,11208,11,183,10,2620,41,5450,21,8070,California
Tehama,2021-03-15,151,13505,21,1984,110,11318,20,203,84,2657,67,5517,104,8174,California
Tehama,2021-03-16,410,13915,14,1998,358,11676,38,241,310,2906,99,5616,348,8522,California
Tehama,2021-03-17,422,14337,22,2020,368,12044,32,273,337,3192,83,5699,369,8891,California
Tehama,2021-03-18,484,14821,25,2045,435,12479,24,297,305,3344,177,5876,329,9220,California
Tehama,2021-03-19,313,15134,23,2068,277,12756,13,310,271,3586,42,5918,284,9504,California
Tehama,2021-03-20,40,15174,8,2076,30,12786,2,312,28,3604,12,5930,30,9534,California
Tehama,2021-03-21,12,15186,5,2081,7,12793,0,312,12,3616,0,5930,12,9546,California
Tehama,2021-03-22,90,15276,7,2088,66,12859,17,329,49,3641,41,5971,66,9612,California
Tehama,2021-03-23,85,15361,24,2112,54,12913,7,336,66,3695,19,5990,73,9685,California
Tehama,2021-03-24,86,15447,16,2128,68,12981,2,338,55,3721,31,6021,57,9742,California
Tehama,2021-03-25,514,15961,351,2479,150,13131,13,351,467,4155,46,6067,480,10222,California
Tehama,2021-03-26,481,16442,374,2853,95,13226,12,363,406,4498,75,6142,418,10640,California
Tehama,2021-03-27,440,16882,348,3201,67,13293,25,388,373,4830,66,6208,398,11038,California
Tehama,2021-03-28,34,16916,13,3214,21,13314,0,388,22,4840,12,6220,22,11060,California
Tehama,2021-03-29,123,17039,32,3246,90,13404,1,389,78,4874,44,6264,78,11138,California
Tehama,2021-03-30,363,17402,212,3458,149,13553,2,391,249,5011,114,6378,251,11389,California
Tehama,2021-03-31,379,17781,278,3736,98,13651,3,394,307,5249,71,6449,309,11698,California
Tehama,2021-04-01,523,18304,243,3979,274,13925,6,400,389,5510,134,6583,395,12093,California
Tehama,2021-04-02,444,18748,204,4183,234,14159,6,406,260,5591,184,6767,265,12358,California
Tehama,2021-04-03,61,18809,3,4186,53,14212,5,411,30,5595,31,6798,35,12393,California
Tehama,2021-04-04,34,18843,6,4192,27,14239,1,412,22,5606,12,6810,23,12416,California
Tehama,2021-04-05,114,18957,20,4212,68,14307,26,438,59,5636,55,6865,85,12501,California
Tehama,2021-04-06,483,19440,105,4317,327,14634,51,489,135,5474,348,7213,186,12687,California
Tehama,2021-04-07,418,19858,279,4596,95,14729,44,533,304,5708,113,7326,347,13034,California
Tehama,2021-04-08,597,20455,172,4768,387,15116,38,571,228,5606,368,7694,266,13300,California
Tehama,2021-04-09,420,20875,186,4954,201,15317,33,604,208,5637,210,7904,241,13541,California
Tehama,2021-04-10,72,20947,9,4963,37,15354,26,630,39,5669,33,7937,65,13606,California
Tehama,2021-04-11,33,20980,7,4970,15,15369,11,641,8,5663,25,7962,19,13625,California
Tehama,2021-04-12,113,21093,6,4976,88,15457,19,660,44,5657,69,8031,63,13688,California
Tehama,2021-04-13,297,21390,57,5033,240,15697,0,660,63,5486,234,8265,63,13751,California
Tehama,2021-04-14,465,21855,49,5082,416,16113,0,660,51,5124,413,8678,51,13802,California
Tehama,2021-04-15,495,22350,192,5274,303,16416,0,660,85,4799,410,9088,85,13887,California
Tehama,2021-04-16,583,22933,331,5605,252,16668,0,660,95,4406,488,9576,95,13982,California
Tehama,2021-04-17,345,23278,266,5871,79,16747,0,660,51,4165,293,9869,52,14034,California
Tehama,2021-04-18,16,23294,2,5873,14,16761,0,660,12,4173,4,9873,12,14046,California
Tehama,2021-04-19,93,23387,7,5880,86,16847,0,660,41,4162,52,9925,41,14087,California
Tehama,2021-04-20,500,23887,412,6292,88,16935,0,660,149,3964,349,10274,151,14238,California
Tehama,2021-04-21,510,24397,437,6729,73,17008,0,660,183,3820,327,10601,183,14421,California
Tehama,2021-04-22,508,24905,358,7087,150,17158,0,660,151,3615,356,10957,151,14572,California
Tehama,2021-04-23,432,25337,335,7422,97,17255,0,660,203,3590,229,11186,204,14776,California
Tehama,2021-04-24,104,25441,18,7440,86,17341,0,660,30,3546,74,11260,30,14806,California
Tehama,2021-04-25,29,25470,18,7458,11,17352,0,660,11,3539,18,11278,11,14817,California
Tehama,2021-04-26,72,25542,7,7465,65,17417,0,660,43,3553,29,11307,43,14860,California
Tehama,2021-04-27,248,25790,203,7668,45,17462,0,660,93,3491,155,11462,93,14953,California
Tehama,2021-04-28,313,26103,234,7902,62,17524,17,677,57,3309,256,11718,74,15027,California
Tehama,2021-04-29,257,26360,120,8022,132,17656,5,682,37,3132,219,11937,42,15069,California
Trinity,2020-12-17,4,4,4,4,0,0,0,0,4,4,0,0,4,4,California
Trinity,2020-12-18,2,6,2,6,0,0,0,0,2,6,0,0,2,6,California
Trinity,2020-12-21,39,45,39,45,0,0,0,0,39,45,0,0,39,45,California
Trinity,2020-12-22,5,50,5,50,0,0,0,0,5,50,0,0,5,50,California
Trinity,2020-12-23,5,55,5,55,0,0,0,0,5,55,0,0,5,55,California
Trinity,2020-12-28,30,85,30,85,0,0,0,0,30,85,0,0,30,85,California
Trinity,2020-12-29,8,93,7,92,1,1,0,0,8,93,0,0,8,93,California
Trinity,2020-12-30,10,103,8,100,2,3,0,0,10,103,0,0,10,103,California
Trinity,2020-12-31,2,105,1,101,1,4,0,0,2,105,0,0,2,105,California
Trinity,2021-01-04,27,132,0,101,27,31,0,0,26,131,0,0,26,131,California
Trinity,2021-01-05,2,134,1,102,1,32,0,0,2,133,0,0,2,133,California
Trinity,2021-01-06,24,158,4,106,20,52,0,0,20,149,4,4,20,153,California
Trinity,2021-01-08,49,207,2,108,47,99,0,0,48,195,2,6,48,201,California
Trinity,2021-01-11,42,249,39,147,3,102,0,0,4,161,38,44,4,205,California
Trinity,2021-01-12,9,258,7,154,2,104,0,0,4,160,5,49,4,209,California
Trinity,2021-01-13,7,265,4,158,3,107,0,0,4,161,3,52,4,213,California
Trinity,2021-01-14,4,269,1,159,3,110,0,0,4,165,0,52,4,217,California
Trinity,2021-01-15,4,273,0,159,4,114,0,0,4,169,0,52,4,221,California
Trinity,2021-01-16,4,277,0,159,4,118,0,0,4,173,0,52,4,225,California
Trinity,2021-01-18,31,308,31,190,0,118,0,0,1,144,30,82,1,226,California
Trinity,2021-01-19,96,404,14,204,82,200,0,0,82,212,14,96,82,308,California
Trinity,2021-01-20,19,423,3,207,16,216,0,0,17,227,2,98,17,325,California
Trinity,2021-01-21,17,440,7,214,10,226,0,0,17,244,0,98,17,342,California
Trinity,2021-01-22,5,445,1,215,4,230,0,0,5,249,0,98,5,347,California
Trinity,2021-01-23,7,452,3,218,4,234,0,0,7,256,0,98,7,354,California
Trinity,2021-01-25,14,466,1,219,13,247,0,0,13,268,1,99,13,367,California
Trinity,2021-01-26,10,476,1,220,9,256,0,0,9,276,1,100,9,376,California
Trinity,2021-01-27,12,488,0,220,12,268,0,0,12,288,0,100,12,388,California
Trinity,2021-01-28,13,501,3,223,10,278,0,0,10,295,3,103,10,398,California
Trinity,2021-01-29,3,504,1,224,2,280,0,0,2,296,1,104,2,400,California
Trinity,2021-01-30,12,516,11,235,1,281,0,0,12,308,0,104,12,412,California
Trinity,2021-02-01,2,518,1,236,1,282,0,0,1,308,1,105,1,413,California
Trinity,2021-02-02,13,531,3,239,10,292,0,0,13,321,0,105,13,426,California
Trinity,2021-02-03,6,537,1,240,5,297,0,0,3,321,3,108,3,429,California
Trinity,2021-02-04,42,579,32,272,10,307,0,0,35,349,7,115,35,464,California
Trinity,2021-02-05,350,929,0,272,350,657,0,0,320,639,30,145,320,784,California
Trinity,2021-02-06,210,1139,5,277,205,862,0,0,203,835,7,152,203,987,California
Trinity,2021-02-07,1,1140,0,277,1,863,0,0,1,836,0,152,1,988,California
Trinity,2021-02-08,25,1165,0,277,25,888,0,0,15,841,10,162,15,1003,California
Trinity,2021-02-09,27,1192,2,279,25,913,0,0,11,836,16,178,11,1014,California
Trinity,2021-02-10,122,1314,10,289,112,1025,0,0,102,918,20,198,102,1116,California
Trinity,2021-02-11,339,1653,2,291,337,1362,0,0,332,1243,7,205,332,1448,California
Trinity,2021-02-12,14,1667,6,297,8,1370,0,0,10,1249,4,209,10,1458,California
Trinity,2021-02-13,12,1679,5,302,7,1377,0,0,5,1247,7,216,5,1463,California
Trinity,2021-02-14,2,1681,2,304,0,1377,0,0,2,1249,0,216,2,1465,California
Trinity,2021-02-15,47,1728,0,304,47,1424,0,0,47,1296,0,216,47,1512,California
Trinity,2021-02-16,6,1734,2,306,4,1428,0,0,3,1296,3,219,3,1515,California
Trinity,2021-02-17,94,1828,2,308,92,1520,0,0,84,1370,10,229,84,1599,California
Trinity,2021-02-18,4,1832,0,308,4,1524,0,0,1,1368,3,232,1,1600,California
Trinity,2021-02-19,304,2136,2,310,302,1826,0,0,290,1644,14,246,290,1890,California
Trinity,2021-02-20,141,2277,14,324,127,1953,0,0,113,1729,28,274,113,2003,California
Trinity,2021-02-22,8,2285,0,324,8,1961,0,0,5,1731,3,277,5,2008,California
Trinity,2021-02-23,11,2296,4,328,7,1968,0,0,6,1732,5,282,6,2014,California
Trinity,2021-02-24,30,2326,8,336,22,1990,0,0,7,1716,23,305,7,2021,California
Trinity,2021-02-25,36,2362,23,359,13,2003,0,0,5,1690,31,336,5,2026,California
Trinity,2021-02-26,11,2373,1,360,10,2013,0,0,5,1689,6,342,5,2031,California
Trinity,2021-02-27,9,2382,7,367,2,2015,0,0,4,1688,5,347,4,2035,California
Trinity,2021-03-01,8,2390,0,367,8,2023,0,0,5,1690,3,350,5,2040,California
Trinity,2021-03-02,9,2399,3,370,6,2029,0,0,2,1685,7,357,2,2042,California
Trinity,2021-03-03,5,2404,0,370,5,2034,0,0,4,1688,1,358,4,2046,California
Trinity,2021-03-04,20,2424,15,385,5,2039,0,0,13,1694,7,365,13,2059,California
Trinity,2021-03-05,388,2812,1,386,387,2426,0,0,121,1552,263,628,121,2180,California
Trinity,2021-03-06,202,3014,7,393,195,2621,0,0,27,1404,175,803,27,2207,California
Trinity,2021-03-07,4,3018,3,396,1,2622,0,0,3,1406,1,804,3,2210,California
Trinity,2021-03-08,3,3021,0,396,2,2624,1,1,1,1406,2,806,2,2212,California
Trinity,2021-03-09,94,3115,0,396,92,2716,2,3,89,1492,5,811,91,2303,California
Trinity,2021-03-10,126,3241,3,399,120,2836,3,6,38,1445,88,899,41,2344,California
Trinity,2021-03-11,13,3254,3,402,8,2844,2,8,4,1442,9,908,6,2350,California
Trinity,2021-03-12,385,3639,5,407,374,3218,6,14,90,1243,295,1203,96,2446,California
Trinity,2021-03-13,13,3652,8,415,3,3221,2,16,8,1248,5,1208,10,2456,California
Trinity,2021-03-14,2,3654,0,415,2,3223,0,16,2,1250,0,1208,2,2458,California
Trinity,2021-03-15,67,3721,0,415,66,3289,1,17,14,1212,53,1261,15,2473,California
Trinity,2021-03-16,115,3836,7,422,108,3397,0,17,101,1299,14,1275,101,2574,California
Trinity,2021-03-17,100,3936,3,425,97,3494,0,17,26,1251,74,1349,26,2600,California
Trinity,2021-03-18,10,3946,2,427,5,3499,3,20,5,1254,5,1354,8,2608,California
Trinity,2021-03-19,459,4405,4,431,345,3844,110,130,36,977,423,1777,146,2754,California
Trinity,2021-03-20,104,4509,7,438,97,3941,0,130,69,1011,35,1812,69,2823,California
Trinity,2021-03-21,4,4513,0,438,3,3944,1,131,3,1014,1,1813,4,2827,California
Trinity,2021-03-22,2,4515,0,438,2,3946,0,131,2,1016,0,1813,2,2829,California
Trinity,2021-03-23,95,4610,1,439,94,4040,0,131,78,1077,17,1830,78,2907,California
Trinity,2021-03-24,12,4622,1,440,11,4051,0,131,9,1083,3,1833,9,2916,California
Trinity,2021-03-25,109,4731,7,447,96,4147,6,137,83,1146,26,1859,89,3005,California
Trinity,2021-03-26,85,4816,8,455,77,4224,0,137,78,1217,7,1866,78,3083,California
Trinity,2021-03-27,17,4833,4,459,4,4228,9,146,6,1221,11,1877,15,3098,California
Trinity,2021-03-28,5,4838,3,462,2,4230,0,146,1,1218,4,1881,1,3099,California
Trinity,2021-03-29,5,4843,0,462,5,4235,0,146,2,1217,3,1884,2,3101,California
Trinity,2021-03-30,76,4919,4,466,72,4307,0,146,67,1275,9,1893,67,3168,California
Trinity,2021-03-31,56,4975,5,471,19,4326,32,178,21,1292,35,1928,52,3220,California
Trinity,2021-04-01,41,5016,11,482,19,4345,11,189,21,1304,20,1948,32,3252,California
Trinity,2021-04-02,240,5256,5,487,161,4506,74,263,70,1279,169,2117,144,3396,California
Trinity,2021-04-03,19,5275,14,501,5,4511,0,263,9,1278,10,2127,9,3405,California
Trinity,2021-04-04,10,5285,8,509,2,4513,0,263,8,1284,2,2129,8,3413,California
Trinity,2021-04-05,59,5344,6,515,52,4565,1,264,55,1336,4,2133,56,3469,California
Trinity,2021-04-06,110,5454,13,528,94,4659,3,267,22,1273,88,2221,25,3494,California
Trinity,2021-04-07,21,5475,12,540,4,4663,5,272,13,1283,8,2229,18,3512,California
Trinity,2021-04-08,87,5562,10,550,75,4738,2,274,50,1298,37,2266,52,3564,California
Trinity,2021-04-09,168,5730,20,570,143,4881,5,279,89,1313,79,2345,94,3658,California
Trinity,2021-04-10,11,5741,7,577,4,4885,0,279,10,1322,1,2346,10,3668,California
Trinity,2021-04-11,9,5750,5,582,2,4887,2,281,4,1323,5,2351,6,3674,California
Trinity,2021-04-12,77,5827,5,587,71,4958,1,282,64,1375,12,2363,64,3738,California
Trinity,2021-04-13,96,5923,4,591,92,5050,0,282,10,1299,86,2449,10,3748,California
Trinity,2021-04-14,10,5933,5,596,5,5055,0,282,6,1301,4,2453,6,3754,California
Trinity,2021-04-15,43,5976,10,606,33,5088,0,282,14,1286,29,2482,14,3768,California
Trinity,2021-04-16,143,6119,12,618,131,5219,0,282,71,1285,72,2554,71,3839,California
Trinity,2021-04-17,11,6130,5,623,6,5225,0,282,9,1292,2,2556,9,3848,California
Trinity,2021-04-18,1,6131,1,624,0,5225,0,282,0,1291,1,2557,0,3848,California
Trinity,2021-04-19,5,6136,2,626,3,5228,0,282,4,1294,1,2558,4,3852,California
Trinity,2021-04-20,92,6228,8,634,84,5312,0,282,20,1242,72,2630,20,3872,California
Trinity,2021-04-21,22,6250,9,643,13,5325,0,282,9,1238,13,2643,9,3881,California
Trinity,2021-04-22,91,6341,5,648,86,5411,0,282,14,1175,77,2720,14,3895,California
Trinity,2021-04-23,178,6519,6,654,172,5583,0,282,109,1215,69,2789,109,4004,California
Trinity,2021-04-24,20,6539,14,668,6,5589,0,282,5,1205,15,2804,5,4009,California
Trinity,2021-04-25,10,6549,9,677,1,5590,0,282,3,1202,6,2810,3,4012,California
Trinity,2021-04-26,45,6594,6,683,39,5629,0,282,40,1237,5,2815,40,4052,California
Trinity,2021-04-27,85,6679,7,690,78,5707,0,282,22,1196,63,2878,22,4074,California
Trinity,2021-04-28,27,6706,10,700,17,5724,0,282,8,1185,19,2897,8,4082,California
Trinity,2021-04-29,13,6719,0,700,13,5737,0,282,3,1178,10,2907,3,4085,California
Tulare,2020-12-15,1,1,1,1,0,0,0,0,1,1,0,0,1,1,California
Tulare,2020-12-16,3,4,3,4,0,0,0,0,3,4,0,0,3,4,California
Tulare,2020-12-17,110,114,110,114,0,0,0,0,110,114,0,0,110,114,California
Tulare,2020-12-18,289,403,289,403,0,0,0,0,289,403,0,0,289,403,California
Tulare,2020-12-19,328,731,328,731,0,0,0,0,328,731,0,0,328,731,California
Tulare,2020-12-20,166,897,165,896,1,1,0,0,166,897,0,0,166,897,California
Tulare,2020-12-21,423,1320,423,1319,0,1,0,0,443,1340,0,0,443,1340,California
Tulare,2020-12-22,469,1789,467,1786,2,3,0,0,468,1808,0,0,468,1808,California
Tulare,2020-12-23,328,2117,320,2106,8,11,0,0,326,2134,0,0,326,2134,California
Tulare,2020-12-24,18,2135,16,2122,2,13,0,0,18,2152,0,0,18,2152,California
Tulare,2020-12-26,8,2143,7,2129,1,14,0,0,8,2160,0,0,8,2160,California
Tulare,2020-12-27,16,2159,12,2141,4,18,0,0,16,2176,0,0,16,2176,California
Tulare,2020-12-28,481,2640,469,2610,12,30,0,0,480,2656,0,0,480,2656,California
Tulare,2020-12-29,546,3186,478,3088,68,98,0,0,546,3202,0,0,546,3202,California
Tulare,2020-12-30,474,3660,435,3523,39,137,0,0,474,3676,0,0,474,3676,California
Tulare,2020-12-31,94,3754,22,3545,72,209,0,0,94,3770,0,0,94,3770,California
Tulare,2021-01-01,2,3756,1,3546,1,210,0,0,2,3772,0,0,2,3772,California
Tulare,2021-01-02,29,3785,17,3563,12,222,0,0,29,3801,0,0,29,3801,California
Tulare,2021-01-03,23,3808,9,3572,14,236,0,0,23,3824,0,0,23,3824,California
Tulare,2021-01-04,92,3900,16,3588,76,312,0,0,92,3916,0,0,92,3916,California
Tulare,2021-01-05,460,4360,278,3866,182,494,0,0,458,4372,2,2,458,4374,California
Tulare,2021-01-06,864,5224,635,4501,229,723,0,0,854,5216,10,12,854,5228,California
Tulare,2021-01-07,781,6005,583,5084,198,921,0,0,674,5783,107,119,674,5902,California
Tulare,2021-01-08,1267,7272,575,5659,692,1613,0,0,929,6375,337,456,929,6831,California
Tulare,2021-01-09,742,8014,204,5863,538,2151,0,0,554,6741,188,644,554,7385,California
Tulare,2021-01-10,50,8064,44,5907,6,2157,0,0,11,6713,39,683,11,7396,California
Tulare,2021-01-11,1270,9334,769,6676,501,2658,0,0,834,7111,436,1119,834,8230,California
Tulare,2021-01-12,1404,10738,488,7164,916,3574,0,0,997,7703,406,1525,998,9228,California
Tulare,2021-01-13,457,11195,228,7392,229,3803,0,0,382,8010,75,1600,382,9610,California
Tulare,2021-01-14,491,11686,140,7532,351,4154,0,0,465,8460,15,1615,465,10075,California
Tulare,2021-01-15,1620,13306,152,7684,1468,5622,0,0,1611,10062,9,1624,1611,11686,California
Tulare,2021-01-16,1899,15205,114,7798,1785,7407,0,0,1885,11933,14,1638,1885,13571,California
Tulare,2021-01-17,141,15346,122,7920,19,7426,0,0,131,12054,10,1648,131,13702,California
Tulare,2021-01-18,693,16039,660,8580,33,7459,0,0,295,11951,398,2046,295,13997,California
Tulare,2021-01-19,1006,17045,683,9263,323,7782,0,0,578,12101,428,2474,578,14575,California
Tulare,2021-01-20,2378,19423,564,9827,1814,9596,0,0,1992,13707,386,2860,1992,16567,California
Tulare,2021-01-21,1511,20934,150,9977,1361,10957,0,0,1485,15171,21,2881,1485,18052,California
Tulare,2021-01-22,1054,21988,185,10162,869,11826,0,0,1030,16178,23,2904,1030,19082,California
Tulare,2021-01-23,438,22426,156,10318,282,12108,0,0,417,16574,21,2925,417,19499,California
Tulare,2021-01-24,30,22456,27,10345,3,12111,0,0,28,16600,2,2927,28,19527,California
Tulare,2021-01-25,1325,23781,979,11324,346,12457,0,0,1296,17867,29,2956,1296,20823,California
Tulare,2021-01-26,1498,25279,1099,12423,399,12856,0,0,1173,18716,324,3280,1173,21996,California
Tulare,2021-01-27,1455,26734,1069,13492,386,13242,0,0,878,19018,576,3856,878,22874,California
Tulare,2021-01-28,1203,27937,769,14261,434,13676,0,0,808,19431,395,4251,808,23682,California
Tulare,2021-01-29,1129,29066,719,14980,410,14086,0,0,819,19940,310,4561,819,24501,California
Tulare,2021-01-30,1674,30740,1580,16560,94,14180,0,0,1650,21567,24,4585,1651,26152,California
Tulare,2021-01-31,51,30791,47,16607,4,14184,0,0,48,21612,3,4588,48,26200,California
Tulare,2021-02-01,1184,31975,916,17523,268,14452,0,0,830,22089,353,4941,830,27030,California
Tulare,2021-02-02,676,32651,328,17851,348,14800,0,0,445,22306,229,5170,446,27476,California
Tulare,2021-02-03,613,33264,287,18138,326,15126,0,0,336,22367,275,5445,336,27812,California
Tulare,2021-02-04,551,33815,164,18302,387,15513,0,0,265,22348,285,5730,266,28078,California
Tulare,2021-02-05,1233,35048,236,18538,997,16510,0,0,416,21949,815,6545,416,28494,California
Tulare,2021-02-06,836,35884,158,18696,678,17188,0,0,268,21651,566,7111,268,28762,California
Tulare,2021-02-07,78,35962,66,18762,12,17200,0,0,23,21619,55,7166,23,28785,California
Tulare,2021-02-08,942,36904,328,19090,614,17814,0,0,245,21170,694,7860,245,29030,California
Tulare,2021-02-09,1407,38311,327,19417,1080,18894,0,0,361,20490,1041,8901,361,29391,California
Tulare,2021-02-10,2467,40778,1984,21401,483,19377,0,0,2067,22160,397,9298,2067,31458,California
Tulare,2021-02-11,1322,42100,376,21777,946,20323,0,0,938,22714,384,9682,938,32396,California
Tulare,2021-02-12,2775,44875,575,22352,2200,22523,0,0,1212,22370,1556,11238,1212,33608,California
Tulare,2021-02-13,2480,47355,157,22509,2323,24846,0,0,667,21227,1810,13048,667,34275,California
Tulare,2021-02-14,333,47688,36,22545,297,25143,0,0,300,21494,33,13081,300,34575,California
Tulare,2021-02-15,915,48603,291,22836,624,25767,0,0,658,21896,256,13337,658,35233,California
Tulare,2021-02-16,2832,51435,1596,24432,1236,27003,0,0,1077,21219,1754,15091,1077,36310,California
Tulare,2021-02-17,2698,54133,509,24941,2189,29192,0,0,461,19448,2232,17323,461,36771,California
Tulare,2021-02-18,2300,56433,456,25397,1844,31036,0,0,634,18424,1658,18981,634,37405,California
Tulare,2021-02-19,2296,58729,856,26253,1440,32476,0,0,943,18016,1351,20332,943,38348,California
Tulare,2021-02-20,2989,61718,1891,28144,1098,33574,0,0,1267,17566,1717,22049,1267,39615,California
Tulare,2021-02-21,94,61812,90,28234,4,33578,0,0,59,17590,35,22084,59,39674,California
Tulare,2021-02-22,1106,62918,701,28935,405,33983,0,0,212,16909,893,22977,212,39886,California
Tulare,2021-02-23,1946,64864,939,29874,1007,34990,0,0,1458,17880,487,23464,1458,41344,California
Tulare,2021-02-24,2474,67338,1550,31424,924,35914,0,0,2096,19600,377,23841,2097,43441,California
Tulare,2021-02-25,3486,70824,1951,33375,1535,37449,0,0,3071,22260,411,24252,3071,46512,California
Tulare,2021-02-26,3838,74662,1880,35255,1958,39407,0,0,3375,25174,461,24713,3375,49887,California
Tulare,2021-02-27,2901,77563,1393,36648,1508,40915,0,0,2769,27822,121,24834,2769,52656,California
Tulare,2021-02-28,1304,78867,1033,37681,271,41186,0,0,1285,29090,17,24851,1285,53941,California
Tulare,2021-03-01,1738,80605,773,38454,965,42151,0,0,1554,30462,182,25033,1554,55495,California
Tulare,2021-03-02,2683,83288,1194,39648,1489,43640,0,0,2516,32814,165,25198,2517,58012,California
Tulare,2021-03-03,3916,87204,2596,42244,1320,44960,0,0,1965,32833,1948,27146,1967,59979,California
Tulare,2021-03-04,2879,90083,1300,43544,1579,46539,0,0,2561,35079,315,27461,2561,62540,California
Tulare,2021-03-05,3283,93366,1692,45236,1576,48115,15,15,2776,37369,503,27964,2793,65333,California
Tulare,2021-03-06,3057,96423,1432,46668,1566,49681,59,74,2809,39990,245,28209,2866,68199,California
Tulare,2021-03-07,1093,97516,683,47351,389,50070,21,95,1053,41024,40,28249,1074,69273,California
Tulare,2021-03-08,1687,99203,1000,48351,519,50589,168,263,1372,42252,311,28560,1539,70812,California
Tulare,2021-03-09,3180,102383,2182,50533,851,51440,147,410,2783,44783,397,28957,2928,73740,California
Tulare,2021-03-10,2786,105169,1383,51916,1228,52668,175,585,2406,46990,372,29329,2579,76319,California
Tulare,2021-03-11,4135,109304,1962,53878,1873,54541,300,885,3201,49557,934,30263,3501,79820,California
Tulare,2021-03-12,4335,113639,2378,56256,1609,56150,348,1233,3066,51712,1261,31524,3416,83236,California
Tulare,2021-03-13,4005,117644,1848,58104,2052,58202,105,1338,3068,53954,931,32455,3173,86409,California
Tulare,2021-03-14,1800,119444,973,59077,608,58810,219,1557,1272,54917,527,32982,1490,87899,California
Tulare,2021-03-15,2724,122168,1606,60683,1003,59813,115,1672,1952,56215,770,33752,2068,89967,California
Tulare,2021-03-16,3420,125588,2114,62797,1229,61042,77,1749,1872,56622,1545,35297,1952,91919,California
Tulare,2021-03-17,4010,129598,2606,65403,1327,62369,77,1826,2269,57240,1735,37032,2353,94272,California
Tulare,2021-03-18,4597,134195,3351,68754,1174,63543,72,1898,2441,57604,2151,39183,2515,96787,California
Tulare,2021-03-19,5055,139250,3312,72066,1548,65091,195,2093,2709,58182,2328,41511,2906,99693,California
Tulare,2021-03-20,4447,143697,2757,74823,1318,66409,372,2465,2110,58337,2330,43841,2485,102178,California
Tulare,2021-03-21,1918,145615,1630,76453,262,66671,26,2491,988,58423,927,44768,1013,103191,California
Tulare,2021-03-22,2497,148112,1709,78162,676,67347,112,2603,1666,59378,825,45593,1780,104971,California
Tulare,2021-03-23,3722,151834,2137,80299,1533,68880,52,2655,2080,59884,1632,47225,2138,107109,California
Tulare,2021-03-24,3163,154997,1956,82255,1165,70045,42,2697,1810,60390,1346,48571,1852,108961,California
Tulare,2021-03-25,3439,158436,1783,84038,1484,71529,172,2869,1694,60519,1739,50310,1868,110829,California
Tulare,2021-03-26,5207,163643,3108,87146,1990,73519,109,2978,2571,60581,2618,52928,2680,113509,California
Tulare,2021-03-27,3481,167124,1785,88931,1598,75117,98,3076,965,59133,2509,55437,1061,114570,California
Tulare,2021-03-28,1456,168580,1051,89982,374,75491,31,3107,676,59068,778,56215,713,115283,California
Tulare,2021-03-29,2893,171473,1673,91655,1109,76600,111,3218,1224,58741,1664,57879,1337,116620,California
Tulare,2021-03-30,4770,176243,2761,94416,1779,78379,230,3448,1539,57283,3224,61103,1766,118386,California
Tulare,2021-03-31,3750,179993,2197,96613,1441,79820,112,3560,1512,56679,2230,63333,1626,120012,California
Tulare,2021-04-01,4344,184337,2357,98970,1922,81742,65,3625,1523,55455,2813,66146,1589,121601,California
Tulare,2021-04-02,5216,189553,2979,101949,2120,83862,117,3742,1661,53694,3540,69686,1779,123380,California
Tulare,2021-04-03,3479,193032,2001,103950,1123,84985,355,4097,844,52295,2598,72284,1199,124579,California
Tulare,2021-04-04,1615,194647,1130,105080,478,85463,7,4104,390,51469,1223,73507,397,124976,California
Tulare,2021-04-05,3300,197947,2321,107401,716,86179,263,4367,858,50159,2432,75939,1122,126098,California
Tulare,2021-04-06,3381,201328,1463,108864,1427,87606,491,4858,927,49131,2450,78389,1422,127520,California
Tulare,2021-04-07,3749,205077,1816,110680,1515,89121,418,5276,1239,48276,2503,80892,1648,129168,California
Tulare,2021-04-08,4674,209751,2588,113268,1632,90753,454,5730,1508,47077,3158,84050,1959,131127,California
Tulare,2021-04-09,4744,214495,2938,116206,1393,92146,413,6143,1820,46394,2917,86967,2234,133361,California
Tulare,2021-04-10,3796,218291,2047,118253,1433,93579,316,6459,968,44855,2821,89788,1282,134643,California
Tulare,2021-04-11,1573,219864,1034,119287,467,94046,72,6531,589,44535,981,90769,661,135304,California
Tulare,2021-04-12,3356,223220,2103,121390,660,94706,593,7124,1081,43943,2267,93036,1675,136979,California
Tulare,2021-04-13,2391,225611,1578,122968,803,95509,10,7134,910,43392,1473,94509,922,137901,California
Tulare,2021-04-14,2807,228418,1662,124630,1145,96654,0,7134,907,42401,1898,96407,907,138808,California
Tulare,2021-04-15,3174,231592,2066,126696,1108,97762,0,7134,1415,42066,1750,98157,1415,140223,California
Tulare,2021-04-16,3611,235203,2208,128904,1403,99165,0,7134,1456,41375,2147,100304,1456,141679,California
Tulare,2021-04-17,2165,237368,1270,130174,895,100060,0,7134,1174,41561,989,101293,1175,142854,California
Tulare,2021-04-18,1508,238876,1180,131354,328,100388,0,7134,808,41670,699,101992,808,143662,California
Tulare,2021-04-19,2104,240980,1211,132565,891,101279,2,7136,894,41357,1209,103201,896,144558,California
Tulare,2021-04-20,2301,243281,1286,133851,1015,102294,0,7136,980,41028,1309,104510,980,145538,California
Tulare,2021-04-21,2159,245440,1306,135157,853,103147,0,7136,821,40546,1303,105813,821,146359,California
Tulare,2021-04-22,2090,247530,1168,136325,922,104069,0,7136,736,39947,1335,107148,736,147095,California
Tulare,2021-04-23,2513,250043,1547,137872,965,105034,1,7137,977,39397,1527,108675,977,148072,California
Tulare,2021-04-24,1634,251677,1055,138927,577,105611,2,7139,864,39498,765,109440,866,148938,California
Tulare,2021-04-25,696,252373,522,139449,174,105785,0,7139,267,39336,429,109869,267,149205,California
Tulare,2021-04-26,1424,253797,837,140286,568,106353,19,7158,594,39123,824,110693,611,149816,California
Tulare,2021-04-27,1415,255212,596,140882,782,107135,37,7195,644,39035,768,111461,680,150496,California
Tulare,2021-04-28,1474,256686,818,141700,622,107757,34,7229,596,38789,875,112336,629,151125,California
Tulare,2021-04-29,1178,257864,749,142449,400,108157,29,7258,377,38396,797,113133,404,151529,California
Tuolumne,2020-12-16,47,47,47,47,0,0,0,0,47,47,0,0,47,47,California
Tuolumne,2020-12-17,17,64,17,64,0,0,0,0,17,64,0,0,17,64,California
Tuolumne,2020-12-18,101,165,100,164,1,1,0,0,101,165,0,0,101,165,California
Tuolumne,2020-12-19,5,170,5,169,0,1,0,0,5,170,0,0,5,170,California
Tuolumne,2020-12-20,1,171,1,170,0,1,0,0,1,171,0,0,1,171,California
Tuolumne,2020-12-21,116,287,102,272,14,15,0,0,116,287,0,0,116,287,California
Tuolumne,2020-12-22,172,459,172,444,0,15,0,0,172,459,0,0,172,459,California
Tuolumne,2020-12-23,186,645,184,628,2,17,0,0,186,645,0,0,186,645,California
Tuolumne,2020-12-26,3,648,3,631,0,17,0,0,3,648,0,0,3,648,California
Tuolumne,2020-12-28,77,725,75,706,2,19,0,0,77,725,0,0,77,725,California
Tuolumne,2020-12-29,102,827,39,745,63,82,0,0,102,827,0,0,102,827,California
Tuolumne,2020-12-30,78,905,22,767,56,138,0,0,78,905,0,0,78,905,California
Tuolumne,2020-12-31,27,932,20,787,7,145,0,0,27,932,0,0,27,932,California
Tuolumne,2021-01-01,6,938,5,792,1,146,0,0,6,938,0,0,6,938,California
Tuolumne,2021-01-02,118,1056,115,907,3,149,0,0,118,1056,0,0,118,1056,California
Tuolumne,2021-01-03,2,1058,2,909,0,149,0,0,2,1058,0,0,2,1058,California
Tuolumne,2021-01-04,69,1127,26,935,43,192,0,0,69,1127,0,0,69,1127,California
Tuolumne,2021-01-05,92,1219,26,961,66,258,0,0,89,1214,3,3,90,1217,California
Tuolumne,2021-01-06,131,1350,71,1032,60,318,0,0,68,1219,63,66,68,1285,California
Tuolumne,2021-01-07,119,1469,62,1094,57,375,0,0,64,1228,55,121,64,1349,California
Tuolumne,2021-01-08,103,1572,79,1173,24,399,0,0,26,1179,76,197,27,1376,California
Tuolumne,2021-01-09,1,1573,0,1173,1,400,0,0,1,1180,0,197,1,1377,California
Tuolumne,2021-01-10,3,1576,1,1174,2,402,0,0,3,1183,0,197,3,1380,California
Tuolumne,2021-01-11,114,1690,88,1262,26,428,0,0,33,1135,81,278,33,1413,California
Tuolumne,2021-01-12,102,1792,86,1348,16,444,0,0,17,1067,85,363,17,1430,California
Tuolumne,2021-01-13,231,2023,125,1473,106,550,0,0,182,1201,49,412,183,1613,California
Tuolumne,2021-01-14,147,2170,107,1580,40,590,0,0,42,1139,104,516,42,1655,California
Tuolumne,2021-01-15,475,2645,72,1652,403,993,0,0,413,1492,61,577,414,2069,California
Tuolumne,2021-01-16,7,2652,3,1655,4,997,0,0,6,1497,1,578,6,2075,California
Tuolumne,2021-01-17,7,2659,4,1659,3,1000,0,0,6,1503,0,578,6,2081,California
Tuolumne,2021-01-18,46,2705,38,1697,8,1008,0,0,9,1476,36,614,9,2090,California
Tuolumne,2021-01-19,473,3178,72,1769,401,1409,0,0,428,1859,45,659,428,2518,California
Tuolumne,2021-01-20,76,3254,58,1827,18,1427,0,0,24,1832,51,710,24,2542,California
Tuolumne,2021-01-21,55,3309,22,1849,33,1460,0,0,40,1857,15,725,40,2582,California
Tuolumne,2021-01-22,168,3477,16,1865,152,1612,0,0,161,2011,7,732,161,2743,California
Tuolumne,2021-01-23,665,4142,147,2012,518,2130,0,0,552,2460,113,845,562,3305,California
Tuolumne,2021-01-24,523,4665,1,2013,522,2652,0,0,519,2977,3,848,520,3825,California
Tuolumne,2021-01-25,49,4714,28,2041,21,2673,0,0,22,2973,27,875,23,3848,California
Tuolumne,2021-01-26,80,4794,68,2109,12,2685,0,0,40,2974,40,915,41,3889,California
Tuolumne,2021-01-27,60,4854,4,2113,56,2741,0,0,7,2929,52,967,7,3896,California
Tuolumne,2021-01-28,27,4881,7,2120,20,2761,0,0,18,2938,9,976,18,3914,California
Tuolumne,2021-01-29,74,4955,6,2126,68,2829,0,0,35,2934,39,1015,35,3949,California
Tuolumne,2021-01-30,709,5664,552,2678,157,2986,0,0,687,3615,22,1037,703,4652,California
Tuolumne,2021-01-31,8,5672,2,2680,6,2992,0,0,5,3617,3,1040,5,4657,California
Tuolumne,2021-02-01,25,5697,6,2686,19,3011,0,0,22,3636,3,1043,22,4679,California
Tuolumne,2021-02-02,645,6342,36,2722,609,3620,0,0,634,4261,9,1052,634,5313,California
Tuolumne,2021-02-03,238,6580,109,2831,129,3749,0,0,86,4195,152,1204,86,5399,California
Tuolumne,2021-02-04,123,6703,12,2843,111,3860,0,0,60,4192,63,1267,60,5459,California
Tuolumne,2021-02-05,98,6801,12,2855,86,3946,0,0,35,4165,62,1329,35,5494,California
Tuolumne,2021-02-06,853,7654,581,3436,272,4218,0,0,850,5012,3,1332,850,6344,California
Tuolumne,2021-02-07,7,7661,4,3440,3,4221,0,0,3,5011,4,1336,3,6347,California
Tuolumne,2021-02-08,91,7752,40,3480,51,4272,0,0,67,5054,24,1360,67,6414,California
Tuolumne,2021-02-09,864,8616,53,3533,811,5083,0,0,825,5840,39,1399,825,7239,California
Tuolumne,2021-02-10,88,8704,14,3547,74,5157,0,0,27,5807,60,1459,27,7266,California
Tuolumne,2021-02-11,141,8845,66,3613,75,5232,0,0,75,5816,66,1525,75,7341,California
Tuolumne,2021-02-12,643,9488,19,3632,624,5856,0,0,203,5580,439,1964,203,7544,California
Tuolumne,2021-02-13,148,9636,42,3674,106,5962,0,0,117,5672,25,1989,117,7661,California
Tuolumne,2021-02-14,148,9784,12,3686,136,6098,0,0,147,5818,1,1990,147,7808,California
Tuolumne,2021-02-15,185,9969,10,3696,175,6273,0,0,176,5985,9,1999,176,7984,California
Tuolumne,2021-02-16,526,10495,17,3713,509,6782,0,0,123,5709,401,2400,125,8109,California
Tuolumne,2021-02-17,110,10605,63,3776,47,6829,0,0,63,5726,46,2446,63,8172,California
Tuolumne,2021-02-18,676,11281,26,3802,650,7479,0,0,627,6304,49,2495,627,8799,California
Tuolumne,2021-02-19,142,11423,23,3825,119,7598,0,0,43,6248,99,2594,43,8842,California
Tuolumne,2021-02-20,904,12327,341,4166,563,8161,0,0,386,6129,506,3100,387,9229,California
Tuolumne,2021-02-21,975,13302,36,4202,939,9100,0,0,471,6099,501,3601,471,9700,California
Tuolumne,2021-02-22,78,13380,57,4259,21,9121,0,0,47,6116,30,3631,47,9747,California
Tuolumne,2021-02-23,47,13427,23,4282,24,9145,0,0,25,6120,21,3652,25,9772,California
Tuolumne,2021-02-24,103,13530,58,4340,45,9190,0,0,43,6104,59,3711,43,9815,California
Tuolumne,2021-02-25,1054,14584,35,4375,1019,10209,0,0,1024,7098,30,3741,1024,10839,California
Tuolumne,2021-02-26,144,14728,10,4385,134,10343,0,0,121,7196,23,3764,121,10960,California
Tuolumne,2021-02-27,947,15675,576,4961,371,10714,0,0,246,6758,685,4449,247,11207,California
Tuolumne,2021-02-28,55,15730,4,4965,51,10765,0,0,52,6808,2,4451,52,11259,California
Tuolumne,2021-03-01,112,15842,21,4986,91,10856,0,0,77,6853,33,4484,78,11337,California
Tuolumne,2021-03-02,704,16546,72,5058,632,11488,0,0,105,6360,598,5082,105,11442,California
Tuolumne,2021-03-03,89,16635,21,5079,68,11556,0,0,65,6401,24,5106,65,11507,California
Tuolumne,2021-03-04,1168,17803,72,5151,1096,12652,0,0,1106,7445,62,5168,1106,12613,California
Tuolumne,2021-03-05,84,17887,10,5161,74,12726,0,0,47,7457,36,5204,48,12661,California
Tuolumne,2021-03-06,1051,18938,604,5765,445,13171,2,2,203,6815,847,6051,205,12866,California
Tuolumne,2021-03-07,41,18979,12,5777,14,13185,15,17,18,6825,23,6074,33,12899,California
Tuolumne,2021-03-08,195,19174,88,5865,100,13285,7,24,139,6915,56,6130,146,13045,California
Tuolumne,2021-03-09,855,20029,16,5881,828,14113,11,35,67,6209,785,6915,79,13124,California
Tuolumne,2021-03-10,77,20106,12,5893,54,14167,11,46,53,6249,24,6939,64,13188,California
Tuolumne,2021-03-11,1280,21386,36,5929,1238,15405,6,52,1255,7487,25,6964,1263,14451,California
Tuolumne,2021-03-12,297,21683,33,5962,249,15654,15,67,192,7593,104,7068,210,14661,California
Tuolumne,2021-03-13,111,21794,11,5973,100,15754,0,67,87,7658,23,7091,88,14749,California
Tuolumne,2021-03-14,142,21936,8,5981,125,15879,9,76,8,7546,134,7225,22,14771,California
Tuolumne,2021-03-15,293,22229,79,6060,212,16091,2,78,100,7463,192,7417,109,14880,California
Tuolumne,2021-03-16,803,23032,37,6097,755,16846,11,89,666,8003,137,7554,677,15557,California
Tuolumne,2021-03-17,150,23182,30,6127,107,16953,13,102,77,8020,72,7626,89,15646,California
Tuolumne,2021-03-18,947,24129,28,6155,906,17859,13,115,318,7724,628,8254,332,15978,California
Tuolumne,2021-03-19,130,24259,16,6171,83,17942,31,146,69,7764,59,8313,99,16077,California
Tuolumne,2021-03-20,89,24348,6,6177,73,18015,10,156,37,7759,51,8364,46,16123,California
Tuolumne,2021-03-21,833,25181,390,6567,434,18449,9,165,40,7017,791,9155,49,16172,California
Tuolumne,2021-03-22,163,25344,72,6639,72,18521,19,184,97,7067,66,9221,116,16288,California
Tuolumne,2021-03-23,709,26053,639,7278,56,18577,14,198,673,7717,36,9257,686,16974,California
Tuolumne,2021-03-24,107,26160,19,7297,70,18647,18,216,75,7779,31,9288,93,17067,California
Tuolumne,2021-03-25,1294,27454,23,7320,1268,19915,3,219,323,7135,970,10258,326,17393,California
Tuolumne,2021-03-26,268,27722,16,7336,229,20144,23,242,111,7122,147,10405,134,17527,California
Tuolumne,2021-03-27,575,28297,54,7390,521,20665,0,242,315,7179,259,10664,316,17843,California
Tuolumne,2021-03-28,49,28346,8,7398,41,20706,0,242,9,7151,38,10702,10,17853,California
Tuolumne,2021-03-29,200,28546,80,7478,120,20826,0,242,103,7160,94,10796,103,17956,California
Tuolumne,2021-03-30,159,28705,11,7489,147,20973,1,243,117,7237,41,10837,118,18074,California
Tuolumne,2021-03-31,91,28796,14,7503,75,21048,2,245,34,7219,56,10893,38,18112,California
Tuolumne,2021-04-01,1243,30039,29,7532,1214,22262,0,245,221,6421,1020,11913,222,18334,California
Tuolumne,2021-04-02,161,30200,11,7543,124,22386,26,271,89,6465,71,11984,115,18449,California
Tuolumne,2021-04-03,417,30617,34,7577,382,22768,1,272,233,6517,184,12168,236,18685,California
Tuolumne,2021-04-04,33,30650,2,7579,31,22799,0,272,21,6528,10,12178,21,18706,California
Tuolumne,2021-04-05,126,30776,19,7598,101,22900,6,278,55,6518,71,12249,61,18767,California
Tuolumne,2021-04-06,637,31413,509,8107,101,23001,27,305,506,6921,131,12380,534,19301,California
Tuolumne,2021-04-07,124,31537,36,8143,72,23073,16,321,46,6905,78,12458,62,19363,California
Tuolumne,2021-04-08,1431,32968,32,8175,1385,24458,14,335,239,5968,1190,13648,253,19616,California
Tuolumne,2021-04-09,267,33235,41,8216,182,24640,44,379,126,6001,139,13787,172,19788,California
Tuolumne,2021-04-10,56,33291,2,8218,34,24674,20,399,23,6012,32,13819,43,19831,California
Tuolumne,2021-04-11,17,33308,2,8220,12,24686,3,402,12,6022,5,13824,15,19846,California
Tuolumne,2021-04-12,161,33469,67,8287,89,24775,5,407,87,6046,68,13892,92,19938,California
Tuolumne,2021-04-13,784,34253,36,8323,748,25523,0,407,169,5607,608,14500,169,20107,California
Tuolumne,2021-04-14,137,34390,26,8349,111,25634,0,407,66,5606,68,14568,67,20174,California
Tuolumne,2021-04-15,331,34721,19,8368,312,25946,0,407,55,5390,271,14839,55,20229,California
Tuolumne,2021-04-16,237,34958,50,8418,187,26133,0,407,133,5425,98,14937,133,20362,California
Tuolumne,2021-04-17,43,35001,6,8424,37,26170,0,407,27,5436,16,14953,27,20389,California
Tuolumne,2021-04-18,7,35008,2,8426,5,26175,0,407,3,5435,4,14957,3,20392,California
Tuolumne,2021-04-19,166,35174,76,8502,90,26265,0,407,91,5454,72,15029,91,20483,California
Tuolumne,2021-04-20,711,35885,617,9119,94,26359,0,407,77,4903,628,15657,77,20560,California
Tuolumne,2021-04-21,112,35997,26,9145,86,26445,0,407,60,4916,47,15704,60,20620,California
Tuolumne,2021-04-22,693,36690,46,9191,647,27092,0,407,422,5077,261,15965,422,21042,California
Tuolumne,2021-04-23,159,36849,31,9222,128,27220,0,407,85,5090,72,16037,85,21127,California
Tuolumne,2021-04-24,75,36924,16,9238,59,27279,0,407,49,5113,26,16063,49,21176,California
Tuolumne,2021-04-25,25,36949,8,9246,17,27296,0,407,22,5132,3,16066,22,21198,California
Tuolumne,2021-04-26,148,37097,55,9301,93,27389,0,407,68,5122,79,16145,69,21267,California
Tuolumne,2021-04-27,122,37219,19,9320,96,27485,7,414,59,5127,61,16206,66,21333,California
Tuolumne,2021-04-28,90,37309,16,9336,64,27549,10,424,44,5136,45,16251,54,21387,California
Tuolumne,2021-04-29,93,37402,8,9344,78,27627,7,431,16,5082,77,16328,23,21410,California
Ventura,2020-12-15,5,5,5,5,0,0,0,0,5,5,0,0,5,5,California
Ventura,2020-12-16,72,77,72,77,0,0,0,0,72,77,0,0,72,77,California
Ventura,2020-12-17,249,326,249,326,0,0,0,0,249,326,0,0,249,326,California
Ventura,2020-12-18,1411,1737,1411,1737,0,0,0,0,1411,1737,0,0,1411,1737,California
Ventura,2020-12-19,910,2647,910,2647,0,0,0,0,910,2647,0,0,910,2647,California
Ventura,2020-12-20,429,3076,429,3076,0,0,0,0,429,3076,0,0,429,3076,California
Ventura,2020-12-21,1469,4545,1469,4545,0,0,0,0,1469,4545,0,0,1469,4545,California
Ventura,2020-12-22,1104,5649,1099,5644,5,5,0,0,1104,5649,0,0,1104,5649,California
Ventura,2020-12-23,1027,6676,980,6624,47,52,0,0,1027,6676,0,0,1027,6676,California
Ventura,2020-12-24,477,7153,379,7003,98,150,0,0,477,7153,0,0,477,7153,California
Ventura,2020-12-25,11,7164,7,7010,4,154,0,0,11,7164,0,0,11,7164,California
Ventura,2020-12-26,112,7276,91,7101,21,175,0,0,112,7276,0,0,112,7276,California
Ventura,2020-12-27,58,7334,27,7128,31,206,0,0,58,7334,0,0,58,7334,California
Ventura,2020-12-28,1071,8405,931,8059,140,346,0,0,1071,8405,0,0,1071,8405,California
Ventura,2020-12-29,1169,9574,764,8823,405,751,0,0,1169,9574,0,0,1169,9574,California
Ventura,2020-12-30,1983,11557,1518,10341,465,1216,0,0,1983,11557,0,0,1983,11557,California
Ventura,2020-12-31,480,12037,162,10503,318,1534,0,0,480,12037,0,0,480,12037,California
Ventura,2021-01-01,24,12061,6,10509,18,1552,0,0,24,12061,0,0,24,12061,California
Ventura,2021-01-02,173,12234,79,10588,94,1646,0,0,173,12234,0,0,173,12234,California
Ventura,2021-01-03,15,12249,8,10596,7,1653,0,0,15,12249,0,0,15,12249,California
Ventura,2021-01-04,1082,13331,551,11147,531,2184,0,0,1081,13330,0,0,1081,13330,California
Ventura,2021-01-05,1373,14704,777,11924,596,2780,0,0,1332,14621,41,41,1332,14662,California
Ventura,2021-01-06,2057,16761,1179,13103,878,3658,0,0,1626,15827,422,463,1628,16290,California
Ventura,2021-01-07,2068,18829,1326,14429,742,4400,0,0,1182,16125,884,1347,1182,17472,California
Ventura,2021-01-08,2197,21026,1475,15904,722,5122,0,0,905,15741,1290,2637,906,18378,California
Ventura,2021-01-09,721,21747,500,16404,221,5343,0,0,319,15658,402,3039,319,18697,California
Ventura,2021-01-10,340,22087,326,16730,14,5357,0,0,126,15570,214,3253,126,18823,California
Ventura,2021-01-11,2447,24534,1489,18219,958,6315,0,0,1494,16114,953,4206,1497,20320,California
Ventura,2021-01-12,3041,27575,1611,19830,1430,7745,0,0,2016,17105,1025,5231,2016,22336,California
Ventura,2021-01-13,2922,30497,1423,21253,1499,9244,0,0,2039,18265,880,6111,2040,24376,California
Ventura,2021-01-14,2730,33227,1060,22313,1670,10914,0,0,2284,20105,445,6556,2285,26661,California
Ventura,2021-01-15,2886,36113,971,23284,1915,12829,0,0,2673,22566,213,6769,2674,29335,California
Ventura,2021-01-16,484,36597,187,23471,297,13126,0,0,404,22890,80,6849,404,29739,California
Ventura,2021-01-17,259,36856,137,23608,122,13248,0,0,253,23137,6,6855,253,29992,California
Ventura,2021-01-18,2218,39074,1672,25280,546,13794,0,0,1667,24255,550,7405,1668,31660,California
Ventura,2021-01-19,3040,42114,2119,27399,921,14715,0,0,2146,25510,894,8299,2149,33809,California
Ventura,2021-01-20,4067,46181,3116,30515,951,15666,0,0,3030,27507,1034,9333,3031,36840,California
Ventura,2021-01-21,3835,50016,2671,33186,1164,16830,0,0,3163,30003,669,10002,3165,40005,California
Ventura,2021-01-22,3614,53630,2493,35679,1121,17951,0,0,3453,33295,161,10163,3453,43458,California
Ventura,2021-01-23,1184,54814,649,36328,535,18486,0,0,1083,34280,100,10263,1085,44543,California
Ventura,2021-01-24,451,55265,137,36465,314,18800,0,0,438,34705,13,10276,438,44981,California
Ventura,2021-01-25,3152,58417,2031,38496,1121,19921,0,0,2598,36751,553,10829,2599,47580,California
Ventura,2021-01-26,3707,62124,2202,40698,1505,21426,0,0,2710,38466,996,11825,2711,50291,California
Ventura,2021-01-27,3459,65583,1558,42256,1901,23327,0,0,2717,40445,738,12563,2717,53008,California
Ventura,2021-01-28,3874,69457,1993,44249,1881,25208,0,0,3260,43109,597,13160,3261,56269,California
Ventura,2021-01-29,4270,73727,2524,46773,1746,26954,0,0,3767,46386,490,13650,3767,60036,California
Ventura,2021-01-30,3035,76762,1964,48737,1071,28025,0,0,2865,49086,166,13816,2866,62902,California
Ventura,2021-01-31,833,77595,445,49182,388,28413,0,0,748,49749,85,13901,748,63650,California
Ventura,2021-02-01,3939,81534,2109,51291,1830,30243,0,0,3167,52148,769,14670,3168,66818,California
Ventura,2021-02-02,4405,85939,2374,53665,2031,32274,0,0,3381,54510,1020,15690,3382,70200,California
Ventura,2021-02-03,4451,90390,2088,55753,2363,34637,0,0,3440,56945,1006,16696,3441,73641,California
Ventura,2021-02-04,4773,95163,2287,58040,2486,37123,0,0,3519,59219,1247,17943,3521,77162,California
Ventura,2021-02-05,4832,99995,2313,60353,2519,39642,0,0,3341,61084,1478,19421,3343,80505,California
Ventura,2021-02-06,2835,102830,1514,61867,1321,40963,0,0,2433,63116,401,19822,2433,82938,California
Ventura,2021-02-07,710,103540,241,62108,469,41432,0,0,584,63575,126,19948,585,83523,California
Ventura,2021-02-08,3499,107039,1624,63732,1875,43307,0,0,2428,64937,1066,21014,2428,85951,California
Ventura,2021-02-09,4713,111752,1970,65702,2743,46050,0,0,2465,65158,2247,23261,2468,88419,California
Ventura,2021-02-10,4712,116464,2236,67938,2476,48526,0,0,2398,65254,2303,25564,2399,90818,California
Ventura,2021-02-11,4658,121122,1862,69800,2796,51322,0,0,2446,65498,2205,27769,2449,93267,California
Ventura,2021-02-12,6301,127423,2659,72459,3642,54964,0,0,3221,65643,3076,30845,3221,96488,California
Ventura,2021-02-13,3295,130718,1826,74285,1469,56433,0,0,1844,66042,1447,32292,1846,98334,California
Ventura,2021-02-14,1226,131944,124,74409,1102,57535,0,0,1010,66837,216,32508,1011,99345,California
Ventura,2021-02-15,3985,135929,1796,76205,2189,59724,0,0,2116,67087,1866,34374,2116,101461,California
Ventura,2021-02-16,5538,141467,2704,78909,2834,62558,0,0,3009,67575,2521,36895,3009,104470,California
Ventura,2021-02-17,5231,146698,1920,80829,3311,65869,0,0,3264,68881,1958,38853,3264,107734,California
Ventura,2021-02-18,5775,152473,1828,82657,3947,69816,0,0,3634,70385,2130,40983,3634,111368,California
Ventura,2021-02-19,6452,158925,3769,86426,2683,72499,0,0,3010,69962,3435,44418,3012,114380,California
Ventura,2021-02-20,4929,163854,3164,89590,1765,74264,0,0,2770,70580,2155,46573,2773,117153,California
Ventura,2021-02-21,1043,164897,755,90345,288,74552,0,0,428,70398,610,47183,428,117581,California
Ventura,2021-02-22,5365,170262,2407,92752,2958,77510,0,0,3451,71944,1905,49088,3451,121032,California
Ventura,2021-02-23,5926,176188,2965,95717,2961,80471,0,0,3414,72864,2496,51584,3416,124448,California
Ventura,2021-02-24,6993,183181,2608,98325,4385,84856,0,0,4247,74381,2732,54316,4249,128697,California
Ventura,2021-02-25,7489,190670,2571,100896,4918,89774,0,0,4574,76057,2900,57216,4576,133273,California
Ventura,2021-02-26,9336,200006,2761,103657,6575,96349,0,0,6158,79065,3152,60368,6160,139433,California
Ventura,2021-02-27,9985,209991,5267,108924,4718,101067,0,0,7367,83837,2603,62971,7375,146808,California
Ventura,2021-02-28,2568,212559,1634,110558,933,102000,1,1,2098,85471,464,63435,2098,148906,California
Ventura,2021-03-01,6936,219495,2810,113368,4126,106126,0,1,4622,87801,2305,65740,4635,153541,California
Ventura,2021-03-02,7480,226975,3934,117302,3544,109670,2,3,5254,90838,2217,67957,5254,158795,California
Ventura,2021-03-03,8512,235487,3896,121198,4616,114286,0,3,6070,94483,2429,70386,6074,164869,California
Ventura,2021-03-04,8092,243579,3867,125065,4225,118511,0,3,5466,97339,2612,72998,5468,170337,California
Ventura,2021-03-05,9964,253543,4796,129861,5158,123669,10,13,7078,101562,2873,75871,7096,177433,California
Ventura,2021-03-06,7238,260781,4398,134259,2687,126356,153,166,5325,105135,1907,77778,5480,182913,California
Ventura,2021-03-07,1649,262430,602,134861,946,127302,101,267,1233,106053,416,78194,1334,184247,California
Ventura,2021-03-08,6735,269165,3412,138273,3169,130471,154,421,4631,108743,2098,80292,4788,189035,California
Ventura,2021-03-09,6526,275691,2811,141084,3518,133989,197,618,3660,109749,2853,83145,3859,192894,California
Ventura,2021-03-10,6794,282485,2965,144049,3592,137581,237,855,4479,112159,2306,85451,4716,197610,California
Ventura,2021-03-11,6269,288754,2883,146932,3168,140749,218,1073,3415,112949,2842,88293,3632,201242,California
Ventura,2021-03-12,8495,297249,3033,149965,4618,145367,844,1917,4089,113493,4389,92682,4933,206175,California
Ventura,2021-03-13,6679,303928,2497,152462,3342,148709,840,2757,3754,115169,2917,95599,4593,210768,California
Ventura,2021-03-14,2129,306057,477,152939,1157,149866,495,3252,729,114995,1399,96998,1225,211993,California
Ventura,2021-03-15,6913,312970,2049,154988,3516,153382,1348,4600,2971,115396,3917,100915,4318,216311,California
Ventura,2021-03-16,7906,320876,2457,157445,4335,157717,1114,5714,3983,116583,3909,104824,5096,221407,California
Ventura,2021-03-17,7450,328326,2758,160203,4346,162063,346,6060,4455,118412,2974,107798,4803,226210,California
Ventura,2021-03-18,7219,335545,3267,163470,3799,165862,153,6213,4702,120761,2504,110302,4853,231063,California
Ventura,2021-03-19,8330,343875,3767,167237,4453,170315,110,6323,4959,122474,3354,113656,5067,236130,California
Ventura,2021-03-20,8137,352012,5241,172478,2876,173191,20,6343,3890,122158,4227,117883,3911,240041,California
Ventura,2021-03-21,2779,354791,1509,173987,899,174090,371,6714,1316,122392,1452,119335,1686,241727,California
Ventura,2021-03-22,7332,362123,3685,177672,3545,177635,102,6816,4841,124860,2477,121812,4945,246672,California
Ventura,2021-03-23,8175,370298,3876,181548,4228,181863,71,6887,4665,126110,3485,125297,4735,251407,California
Ventura,2021-03-24,8847,379145,3406,184954,5367,187230,74,6961,4411,126188,4407,129704,4485,255892,California
Ventura,2021-03-25,8789,387934,3901,188855,4788,192018,100,7061,4450,126416,4322,134026,4550,260442,California
Ventura,2021-03-26,9675,397609,3343,192198,5679,197697,653,7714,3768,124957,5879,139905,4420,264862,California
Ventura,2021-03-27,8110,405719,3902,196100,4168,201865,40,7754,2401,121708,5691,145596,2442,267304,California
Ventura,2021-03-28,2519,408238,1402,197502,1108,202973,9,7763,1380,121964,1133,146729,1389,268693,California
Ventura,2021-03-29,8447,416685,4260,201762,4143,207116,44,7807,4220,122029,4199,150928,4264,272957,California
Ventura,2021-03-30,8924,425609,4401,206163,4396,211512,127,7934,4535,122313,4376,155304,4660,277617,California
Ventura,2021-03-31,10641,436250,4811,210974,5204,216716,626,8560,4610,121537,6011,161315,5235,282852,California
Ventura,2021-04-01,10626,446876,5181,216155,4573,221289,872,9432,5356,122509,5252,166567,6224,289076,California
Ventura,2021-04-02,11386,458262,4583,220738,5546,226835,1257,10689,5369,123146,5992,172559,6629,295705,California
Ventura,2021-04-03,8011,466273,3954,224692,2926,229761,1131,11820,3370,123015,4630,177189,4499,300204,California
Ventura,2021-04-04,1704,467977,957,225649,619,230380,128,11948,1153,123749,547,177736,1281,301485,California
Ventura,2021-04-05,9214,477191,4871,230520,3287,233667,1056,13004,4688,124975,4517,182253,5743,307228,California
Ventura,2021-04-06,10791,487982,5536,236056,3793,237460,1462,14466,5541,126747,5228,187481,7000,314228,California
Ventura,2021-04-07,11218,499200,5419,241475,4330,241790,1469,15935,5114,127237,6088,193569,6578,320806,California
Ventura,2021-04-08,10199,509399,5290,246765,3982,245772,927,16862,5096,128167,5085,198654,6015,326821,California
Ventura,2021-04-09,10994,520393,4333,251098,4970,250742,1691,18553,4822,128523,6152,204806,6508,333329,California
Ventura,2021-04-10,9113,529506,3489,254587,3477,254219,2147,20700,2993,127555,6104,210910,5136,338465,California
Ventura,2021-04-11,2420,531926,863,255450,993,255212,564,21264,686,127077,1727,212637,1249,339714,California
Ventura,2021-04-12,8864,540790,4460,259910,3609,258821,795,22059,3733,126486,5114,217751,4523,344237,California
Ventura,2021-04-13,8755,549545,4433,264343,4316,263137,6,22065,3743,125257,4978,222729,3749,347986,California
Ventura,2021-04-14,8647,558192,4056,268399,4576,267713,15,22080,3367,123397,5244,227973,3384,351370,California
Ventura,2021-04-15,9230,567422,4474,272873,4749,272462,7,22087,4054,122301,5157,233130,4061,355431,California
Ventura,2021-04-16,10067,577489,4461,277334,5606,278068,0,22087,4873,121993,5182,238312,4874,360305,California
Ventura,2021-04-17,8516,586005,5294,282628,3221,281289,1,22088,4986,123461,3520,241832,4988,365293,California
Ventura,2021-04-18,2123,588128,1012,283640,1111,282400,0,22088,905,123153,1213,243045,905,366198,California
Ventura,2021-04-19,8003,596131,4840,288480,3162,285562,1,22089,4628,124424,3359,246404,4630,370828,California
Ventura,2021-04-20,9202,605333,4896,293376,4306,289868,0,22089,4348,123933,4840,251244,4349,375177,California
Ventura,2021-04-21,8814,614147,4529,297905,4283,294151,2,22091,4198,123529,4606,255850,4202,379379,California
Ventura,2021-04-22,9979,624126,5473,303378,4506,298657,0,22091,4474,122514,5489,261339,4474,383853,California
Ventura,2021-04-23,10679,634805,5329,308707,5350,304007,0,22091,5414,122684,5244,266583,5414,389267,California
Ventura,2021-04-24,10278,645083,5897,314604,4381,308388,0,22091,6079,124573,4190,270773,6079,395346,California
Ventura,2021-04-25,2463,647546,1694,316298,769,309157,0,22091,1136,124385,1324,272097,1136,396482,California
Ventura,2021-04-26,6764,654310,3934,320232,2792,311949,38,22129,2775,123223,3975,276072,2813,399295,California
Ventura,2021-04-27,7942,662252,4435,324667,3358,315307,149,22278,2959,121359,4971,281043,3107,402402,California
Ventura,2021-04-28,7453,669705,4293,328960,2892,318199,268,22546,2970,120128,4469,285512,3238,405640,California
Ventura,2021-04-29,3350,673055,1810,330770,1477,319676,63,22609,1002,118852,2341,287853,1065,406705,California
Yolo,2020-12-15,39,39,39,39,0,0,0,0,39,39,0,0,39,39,California
Yolo,2020-12-16,78,117,78,117,0,0,0,0,78,117,0,0,78,117,California
Yolo,2020-12-17,101,218,101,218,0,0,0,0,101,218,0,0,101,218,California
Yolo,2020-12-18,210,428,210,428,0,0,0,0,210,428,0,0,210,428,California
Yolo,2020-12-19,87,515,87,515,0,0,0,0,87,515,0,0,87,515,California
Yolo,2020-12-20,101,616,101,616,0,0,0,0,101,616,0,0,101,616,California
Yolo,2020-12-21,253,869,253,869,0,0,0,0,253,869,0,0,253,869,California
Yolo,2020-12-22,382,1251,381,1250,1,1,0,0,382,1251,0,0,382,1251,California
Yolo,2020-12-23,431,1682,412,1662,19,20,0,0,431,1682,0,0,431,1682,California
Yolo,2020-12-24,150,1832,94,1756,56,76,0,0,150,1832,0,0,150,1832,California
Yolo,2020-12-25,1,1833,1,1757,0,76,0,0,1,1833,0,0,1,1833,California
Yolo,2020-12-26,75,1908,25,1782,50,126,0,0,75,1908,0,0,75,1908,California
Yolo,2020-12-27,46,1954,19,1801,27,153,0,0,46,1954,0,0,46,1954,California
Yolo,2020-12-28,346,2300,179,1980,167,320,0,0,346,2300,0,0,346,2300,California
Yolo,2020-12-29,487,2787,268,2248,219,539,0,0,487,2787,0,0,487,2787,California
Yolo,2020-12-30,621,3408,254,2502,367,906,0,0,621,3408,0,0,621,3408,California
Yolo,2020-12-31,185,3593,95,2597,90,996,0,0,185,3593,0,0,185,3593,California
Yolo,2021-01-01,57,3650,56,2653,1,997,0,0,57,3650,0,0,57,3650,California
Yolo,2021-01-02,68,3718,25,2678,43,1040,0,0,68,3718,0,0,68,3718,California
Yolo,2021-01-03,44,3762,19,2697,25,1065,0,0,44,3762,0,0,44,3762,California
Yolo,2021-01-04,193,3955,43,2740,150,1215,0,0,193,3955,0,0,193,3955,California
Yolo,2021-01-05,610,4565,235,2975,375,1590,0,0,549,4443,61,61,549,4504,California
Yolo,2021-01-06,480,5045,183,3158,297,1887,0,0,349,4661,131,192,349,4853,California
Yolo,2021-01-07,709,5754,233,3391,476,2363,0,0,520,4993,188,380,520,5373,California
Yolo,2021-01-08,631,6385,311,3702,320,2683,0,0,414,5191,216,596,414,5787,California
Yolo,2021-01-09,409,6794,68,3770,341,3024,0,0,363,5508,46,642,363,6150,California
Yolo,2021-01-10,393,7187,80,3850,313,3337,0,0,323,5761,70,712,323,6473,California
Yolo,2021-01-11,561,7748,324,4174,237,3574,0,0,292,5786,269,981,294,6767,California
Yolo,2021-01-12,481,8229,364,4538,117,3691,0,0,173,5652,308,1289,174,6941,California
Yolo,2021-01-13,769,8998,311,4849,458,4149,0,0,520,5923,249,1538,520,7461,California
Yolo,2021-01-14,374,9372,181,5030,193,4342,0,0,270,6089,104,1642,270,7731,California
Yolo,2021-01-15,624,9996,319,5349,305,4647,0,0,545,6556,79,1721,546,8277,California
Yolo,2021-01-16,739,10735,95,5444,644,5291,0,0,708,7233,31,1752,708,8985,California
Yolo,2021-01-17,186,10921,117,5561,69,5360,0,0,179,7405,7,1759,179,9164,California
Yolo,2021-01-18,478,11399,303,5864,175,5535,0,0,379,7685,99,1858,379,9543,California
Yolo,2021-01-19,554,11953,372,6236,182,5717,0,0,379,7889,175,2033,379,9922,California
Yolo,2021-01-20,659,12612,380,6616,279,5996,0,0,474,8179,184,2217,474,10396,California
Yolo,2021-01-21,647,13259,382,6998,265,6261,0,0,459,8450,188,2405,459,10855,California
Yolo,2021-01-22,745,14004,250,7248,495,6756,0,0,628,8963,115,2520,628,11483,California
Yolo,2021-01-23,612,14616,123,7371,489,7245,0,0,565,9481,47,2567,565,12048,California
Yolo,2021-01-24,207,14823,124,7495,83,7328,0,0,166,9606,41,2608,166,12214,California
Yolo,2021-01-25,728,15551,153,7648,575,7903,0,0,514,9906,214,2822,514,12728,California
Yolo,2021-01-26,816,16367,326,7974,490,8393,0,0,428,9946,388,3210,428,13156,California
Yolo,2021-01-27,554,16921,222,8196,332,8725,0,0,381,10154,173,3383,381,13537,California
Yolo,2021-01-28,1047,17968,565,8761,482,9207,0,0,924,10956,122,3505,924,14461,California
Yolo,2021-01-29,867,18835,263,9024,604,9811,0,0,785,11660,81,3586,785,15246,California
Yolo,2021-01-30,1516,20351,916,9940,600,10411,0,0,1408,12966,102,3688,1408,16654,California
Yolo,2021-01-31,249,20600,211,10151,38,10449,0,0,214,13146,34,3722,214,16868,California
Yolo,2021-02-01,844,21444,360,10511,484,10933,0,0,614,13533,227,3949,614,17482,California
Yolo,2021-02-02,1322,22766,746,11257,576,11509,0,0,931,14074,391,4340,932,18414,California
Yolo,2021-02-03,1513,24279,397,11654,1116,12625,0,0,1183,14930,327,4667,1183,19597,California
Yolo,2021-02-04,1786,26065,281,11935,1505,14130,0,0,1237,15630,538,5205,1238,20835,California
Yolo,2021-02-05,1594,27659,901,12836,693,14823,0,0,1197,16431,397,5602,1198,22033,California
Yolo,2021-02-06,1918,29577,1247,14083,671,15494,0,0,1558,17630,360,5962,1559,23592,California
Yolo,2021-02-07,518,30095,249,14332,269,15763,0,0,171,17455,346,6308,171,23763,California
Yolo,2021-02-08,947,31042,332,14664,615,16378,0,0,605,17721,339,6647,605,24368,California
Yolo,2021-02-09,860,31902,388,15052,472,16850,0,0,578,18017,282,6929,578,24946,California
Yolo,2021-02-10,1454,33356,475,15527,979,17829,0,0,817,18199,637,7566,819,25765,California
Yolo,2021-02-11,1563,34919,797,16324,766,18595,0,0,1185,19006,378,7944,1185,26950,California
Yolo,2021-02-12,1907,36826,748,17072,1159,19754,0,0,1439,19981,464,8408,1439,28389,California
Yolo,2021-02-13,2051,38877,710,17782,1341,21095,0,0,1387,20704,664,9072,1387,29776,California
Yolo,2021-02-14,568,39445,153,17935,415,21510,0,0,443,21023,124,9196,443,30219,California
Yolo,2021-02-15,529,39974,189,18124,340,21850,0,0,265,21025,264,9460,266,30485,California
Yolo,2021-02-16,1122,41096,425,18549,697,22547,0,0,808,21519,314,9774,808,31293,California
Yolo,2021-02-17,1383,42479,700,19249,683,23230,0,0,991,22118,392,10166,991,32284,California
Yolo,2021-02-18,2495,44974,814,20063,1681,24911,0,0,1726,23075,769,10935,1726,34010,California
Yolo,2021-02-19,1737,46711,742,20805,995,25906,0,0,1117,23574,618,11553,1117,35127,California
Yolo,2021-02-20,2433,49144,942,21747,1491,27397,0,0,1361,23869,1067,12620,1362,36489,California
Yolo,2021-02-21,282,49426,225,21972,57,27454,0,0,73,23734,208,12828,73,36562,California
Yolo,2021-02-22,1360,50786,600,22572,760,28214,0,0,692,23759,667,13495,692,37254,California
Yolo,2021-02-23,1120,51906,841,23413,279,28493,0,0,438,23517,680,14175,438,37692,California
Yolo,2021-02-24,2089,53995,589,24002,1500,29993,0,0,1380,24190,707,14882,1380,39072,California
Yolo,2021-02-25,1338,55333,444,24446,894,30887,0,0,874,24601,463,15345,874,39946,California
Yolo,2021-02-26,2583,57916,996,25442,1587,32474,0,0,1381,24783,1199,16544,1381,41327,California
Yolo,2021-02-27,1650,59566,765,26207,885,33359,0,0,1200,25533,450,16994,1200,42527,California
Yolo,2021-02-28,1774,61340,1491,27698,283,33642,0,0,681,25123,1091,18085,681,43208,California
Yolo,2021-03-01,1098,62438,363,28061,735,34377,0,0,667,25361,429,18514,667,43875,California
Yolo,2021-03-02,1459,63897,680,28741,779,35156,0,0,929,25760,530,19044,929,44804,California
Yolo,2021-03-03,1835,65732,628,29369,1207,36363,0,0,830,25587,1003,20047,830,45634,California
Yolo,2021-03-04,2894,68626,1448,30817,1446,37809,0,0,1563,25821,1329,21376,1563,47197,California
Yolo,2021-03-05,2345,70971,1395,32212,939,38748,11,11,1470,26428,874,22250,1481,48678,California
Yolo,2021-03-06,1469,72440,1120,33332,320,39068,29,40,838,26667,628,22878,867,49545,California
Yolo,2021-03-07,906,73346,671,34003,221,39289,14,54,772,27319,134,23012,786,50331,California
Yolo,2021-03-08,1085,74431,486,34489,556,39845,43,97,758,27795,326,23338,802,51133,California
Yolo,2021-03-09,1242,75673,669,35158,513,40358,60,157,754,28123,486,23824,814,51947,California
Yolo,2021-03-10,1790,77463,1045,36203,456,40814,289,446,749,28118,1038,24862,1033,52980,California
Yolo,2021-03-11,2279,79742,1536,37739,677,41491,66,512,1569,29045,709,25571,1636,54616,California
Yolo,2021-03-12,2884,82626,1341,39080,1464,42955,79,591,1367,28981,1509,27080,1445,56061,California
Yolo,2021-03-13,1843,84469,730,39810,936,43891,177,768,1008,29334,832,27912,1185,57246,California
Yolo,2021-03-14,1006,85475,212,40022,644,44535,150,918,525,29525,480,28392,671,57917,California
Yolo,2021-03-15,1322,86797,773,40795,373,44908,176,1094,706,29791,614,29006,880,58797,California
Yolo,2021-03-16,1868,88665,717,41512,1079,45987,72,1166,1105,30205,763,29769,1177,59974,California
Yolo,2021-03-17,2485,91150,968,42480,1445,47432,72,1238,1705,31236,777,30546,1808,61782,California
Yolo,2021-03-18,2885,94035,896,43376,1765,49197,224,1462,1175,30927,1708,32254,1399,63181,California
Yolo,2021-03-19,2046,96081,823,44199,1155,50352,68,1530,1075,31105,965,33219,1143,64324,California
Yolo,2021-03-20,2746,98827,815,45014,1890,52242,41,1571,1115,30638,1625,34844,1158,65482,California
Yolo,2021-03-21,316,99143,215,45229,93,52335,8,1579,229,30789,86,34930,237,65719,California
Yolo,2021-03-22,1392,100535,487,45716,853,53188,52,1631,919,31289,470,35400,970,66689,California
Yolo,2021-03-23,1730,102265,931,46647,743,53931,56,1687,1071,31758,658,36058,1127,67816,California
Yolo,2021-03-24,2848,105113,1392,48039,1407,55338,49,1736,1424,31820,1412,37470,1474,69290,California
Yolo,2021-03-25,2431,107544,1300,49339,1104,56442,27,1763,1166,31758,1255,38725,1193,70483,California
Yolo,2021-03-26,2383,109927,1241,50580,1123,57565,19,1782,1023,31446,1353,40078,1041,71524,California
Yolo,2021-03-27,1645,111572,454,51034,1175,58740,16,1798,763,31344,881,40959,779,72303,California
Yolo,2021-03-28,1106,112678,861,51895,227,58967,18,1816,276,30812,826,41785,294,72597,California
Yolo,2021-03-29,2010,114688,820,52715,1160,60127,30,1846,982,30800,1024,42809,1012,73609,California
Yolo,2021-03-30,2271,116959,1068,53783,1180,61307,23,1869,1185,30927,1081,43890,1208,74817,California
Yolo,2021-03-31,2335,119294,1210,54993,1089,62396,36,1905,1194,31017,1140,45030,1230,76047,California
Yolo,2021-04-01,3748,123042,1767,56760,1507,63903,474,2379,1565,30875,2180,47210,2038,78085,California
Yolo,2021-04-02,3362,126404,1493,58253,1725,65628,144,2523,2077,31817,1279,48489,2221,80306,California
Yolo,2021-04-03,1785,128189,1077,59330,493,66121,215,2738,796,31840,988,49477,1011,81317,California
Yolo,2021-04-04,383,128572,151,59481,170,66291,62,2800,143,31805,240,49717,205,81522,California
Yolo,2021-04-05,1895,130467,723,60204,1074,67365,98,2898,1009,32030,882,50599,1107,82629,California
Yolo,2021-04-06,2557,133024,1296,61500,1091,68456,170,3068,1307,32267,1241,51840,1478,84107,California
Yolo,2021-04-07,2966,135990,1512,63012,1103,69559,351,3419,1919,33496,1040,52880,2269,86376,California
Yolo,2021-04-08,2409,138399,996,64008,944,70503,469,3888,1022,33601,1384,54264,1489,87865,California
Yolo,2021-04-09,2427,140826,880,64888,1052,71555,495,4383,806,33282,1618,55882,1299,89164,California
Yolo,2021-04-10,1687,142513,792,65680,723,72278,172,4555,1001,33772,682,56564,1172,90336,California
Yolo,2021-04-11,863,143376,259,65939,559,72837,45,4600,341,33638,519,57083,385,90721,California
Yolo,2021-04-12,1753,145129,515,66454,1095,73932,143,4743,1085,34201,665,57748,1228,91949,California
Yolo,2021-04-13,1927,147056,872,67326,1055,74987,0,4743,998,34272,927,58675,998,92947,California
Yolo,2021-04-14,2735,149791,736,68062,1999,76986,0,4743,1351,34244,1379,60054,1351,94298,California
Yolo,2021-04-15,3202,152993,1044,69106,2158,79144,0,4743,2248,35542,950,61004,2248,96546,California
Yolo,2021-04-16,2902,155895,1844,70950,1058,80202,0,4743,1832,36309,1065,62069,1832,98378,California
Yolo,2021-04-17,1514,157409,420,71370,1094,81296,0,4743,746,36291,764,62833,746,99124,California
Yolo,2021-04-18,591,158000,263,71633,328,81624,0,4743,348,36399,240,63073,348,99472,California
Yolo,2021-04-19,1667,159667,719,72352,947,82571,1,4744,770,36278,892,63965,771,100243,California
Yolo,2021-04-20,1997,161664,1011,73363,986,83557,0,4744,1074,36431,921,64886,1074,101317,California
Yolo,2021-04-21,1991,163655,991,74354,1000,84557,0,4744,1092,36627,896,65782,1092,102409,California
Yolo,2021-04-22,1794,165449,737,75091,1057,85614,0,4744,948,36735,841,66623,949,103358,California
Yolo,2021-04-23,2570,168019,1485,76576,1085,86699,0,4744,1154,36483,1406,68029,1154,104512,California
Yolo,2021-04-24,992,169011,471,77047,519,87218,2,4746,447,36393,539,68568,449,104961,California
Yolo,2021-04-25,942,169953,401,77448,541,87759,0,4746,721,36894,220,68788,721,105682,California
Yolo,2021-04-26,1159,171112,434,77882,722,88481,3,4749,473,36687,684,69472,477,106159,California
Yolo,2021-04-27,1450,172562,664,78546,778,89259,8,4757,556,36359,894,70366,566,106725,California
Yolo,2021-04-28,1427,173989,504,79050,898,90157,25,4782,609,36178,815,71181,634,107359,California
Yolo,2021-04-29,967,174956,460,79510,458,90615,49,4831,372,36005,593,71774,420,107779,California
Yuba,2020-12-16,4,4,4,4,0,0,0,0,4,4,0,0,4,4,California
Yuba,2020-12-17,4,8,4,8,0,0,0,0,4,8,0,0,4,8,California
Yuba,2020-12-18,8,16,8,16,0,0,0,0,8,16,0,0,8,16,California
Yuba,2020-12-19,12,28,12,28,0,0,0,0,12,28,0,0,12,28,California
Yuba,2020-12-20,20,48,20,48,0,0,0,0,20,48,0,0,20,48,California
Yuba,2020-12-21,40,88,40,88,0,0,0,0,40,88,0,0,40,88,California
Yuba,2020-12-22,86,174,86,174,0,0,0,0,86,174,0,0,86,174,California
Yuba,2020-12-23,64,238,62,236,2,2,0,0,64,238,0,0,64,238,California
Yuba,2020-12-24,20,258,10,246,10,12,0,0,20,258,0,0,20,258,California
Yuba,2020-12-26,15,273,13,259,2,14,0,0,15,273,0,0,15,273,California
Yuba,2020-12-27,15,288,15,274,0,14,0,0,15,288,0,0,15,288,California
Yuba,2020-12-28,51,339,35,309,16,30,0,0,51,339,0,0,51,339,California
Yuba,2020-12-29,75,414,10,319,65,95,0,0,75,414,0,0,75,414,California
Yuba,2020-12-30,63,477,20,339,43,138,0,0,63,477,0,0,63,477,California
Yuba,2020-12-31,37,514,7,346,30,168,0,0,37,514,0,0,37,514,California
Yuba,2021-01-02,23,537,22,368,1,169,0,0,23,537,0,0,23,537,California
Yuba,2021-01-03,10,547,6,374,4,173,0,0,10,547,0,0,10,547,California
Yuba,2021-01-04,90,637,21,395,69,242,0,0,90,637,0,0,90,637,California
Yuba,2021-01-05,68,705,36,431,32,274,0,0,67,703,1,1,67,704,California
Yuba,2021-01-06,153,858,76,507,77,351,0,0,147,844,6,7,147,851,California
Yuba,2021-01-07,75,933,19,526,56,407,0,0,72,912,4,11,72,923,California
Yuba,2021-01-08,73,1006,25,551,48,455,0,0,66,971,7,18,66,989,California
Yuba,2021-01-09,19,1025,16,567,3,458,0,0,11,974,8,26,11,1000,California
Yuba,2021-01-10,117,1142,22,589,95,553,0,0,95,1047,22,48,95,1095,California
Yuba,2021-01-11,72,1214,50,639,22,575,0,0,32,1039,40,88,32,1127,California
Yuba,2021-01-12,107,1321,77,716,30,605,0,0,42,1016,65,153,42,1169,California
Yuba,2021-01-13,119,1440,72,788,47,652,0,0,54,1006,64,217,54,1223,California
Yuba,2021-01-14,109,1549,43,831,66,718,0,0,97,1091,12,229,97,1320,California
Yuba,2021-01-15,206,1755,88,919,118,836,0,0,195,1275,11,240,195,1515,California
Yuba,2021-01-16,184,1939,21,940,163,999,0,0,172,1434,13,253,172,1687,California
Yuba,2021-01-17,13,1952,9,949,4,1003,0,0,7,1435,6,259,7,1694,California
Yuba,2021-01-18,60,2012,32,981,28,1031,0,0,35,1445,25,284,35,1729,California
Yuba,2021-01-19,80,2092,29,1010,51,1082,0,0,65,1495,15,299,65,1794,California
Yuba,2021-01-20,133,2225,87,1097,46,1128,0,0,110,1582,23,322,110,1904,California
Yuba,2021-01-21,211,2436,95,1192,116,1244,0,0,203,1777,8,330,203,2107,California
Yuba,2021-01-22,103,2539,6,1198,97,1341,0,0,94,1862,9,339,94,2201,California
Yuba,2021-01-23,200,2739,7,1205,193,1534,0,0,197,2056,3,342,197,2398,California
Yuba,2021-01-24,10,2749,7,1212,3,1537,0,0,8,2062,2,344,8,2406,California
Yuba,2021-01-25,84,2833,28,1240,56,1593,0,0,53,2085,30,374,53,2459,California
Yuba,2021-01-26,148,2981,39,1279,109,1702,0,0,92,2121,56,430,92,2551,California
Yuba,2021-01-27,182,3163,128,1407,54,1756,0,0,115,2169,67,497,115,2666,California
Yuba,2021-01-28,215,3378,79,1486,136,1892,0,0,174,2302,41,538,174,2840,California
Yuba,2021-01-29,159,3537,56,1542,103,1995,0,0,112,2367,47,585,112,2952,California
Yuba,2021-01-30,410,3947,23,1565,387,2382,0,0,399,2755,11,596,399,3351,California
Yuba,2021-01-31,17,3964,12,1577,5,2387,0,0,15,2768,2,598,15,3366,California
Yuba,2021-02-01,155,4119,75,1652,80,2467,0,0,131,2877,23,621,132,3498,California
Yuba,2021-02-02,123,4242,23,1675,100,2567,0,0,101,2956,22,643,101,3599,California
Yuba,2021-02-03,226,4468,29,1704,197,2764,0,0,114,2959,111,754,114,3713,California
Yuba,2021-02-04,295,4763,120,1824,175,2939,0,0,252,3168,43,797,252,3965,California
Yuba,2021-02-05,146,4909,32,1856,114,3053,0,0,70,3162,76,873,70,4035,California
Yuba,2021-02-06,449,5358,26,1882,423,3476,0,0,441,3595,8,881,441,4476,California
Yuba,2021-02-07,18,5376,11,1893,7,3483,0,0,15,3607,3,884,15,4491,California
Yuba,2021-02-08,96,5472,35,1928,61,3544,0,0,66,3643,30,914,66,4557,California
Yuba,2021-02-09,153,5625,55,1983,98,3642,0,0,84,3658,69,983,84,4641,California
Yuba,2021-02-10,352,5977,172,2155,180,3822,0,0,114,3535,237,1220,114,4755,California
Yuba,2021-02-11,397,6374,63,2218,334,4156,0,0,301,3742,94,1314,301,5056,California
Yuba,2021-02-12,264,6638,27,2245,237,4393,0,0,151,3780,113,1427,151,5207,California
Yuba,2021-02-13,435,7073,35,2280,400,4793,0,0,387,4119,48,1475,387,5594,California
Yuba,2021-02-14,54,7127,11,2291,43,4836,0,0,49,4163,5,1480,49,5643,California
Yuba,2021-02-15,87,7214,36,2327,51,4887,0,0,68,4212,19,1499,68,5711,California
Yuba,2021-02-16,199,7413,53,2380,146,5033,0,0,140,4294,58,1557,140,5851,California
Yuba,2021-02-17,372,7785,156,2536,216,5249,0,0,99,4121,272,1829,99,5950,California
Yuba,2021-02-18,317,8102,46,2582,271,5520,0,0,194,4192,123,1952,194,6144,California
Yuba,2021-02-19,226,8328,84,2666,142,5662,0,0,143,4252,83,2035,143,6287,California
Yuba,2021-02-20,389,8717,30,2696,359,6021,0,0,335,4533,54,2089,335,6622,California
Yuba,2021-02-21,16,8733,14,2710,2,6023,0,0,6,4529,10,2099,6,6628,California
Yuba,2021-02-22,128,8861,79,2789,49,6072,0,0,38,4478,89,2188,38,6666,California
Yuba,2021-02-23,113,8974,25,2814,88,6160,0,0,46,4458,66,2254,46,6712,California
Yuba,2021-02-24,480,9454,135,2949,345,6505,0,0,107,4192,373,2627,107,6819,California
Yuba,2021-02-25,333,9787,133,3082,200,6705,0,0,205,4269,128,2755,205,7024,California
Yuba,2021-02-26,256,10043,67,3149,189,6894,0,0,143,4301,111,2866,143,7167,California
Yuba,2021-02-27,471,10514,46,3195,425,7319,0,0,382,4596,87,2953,382,7549,California
Yuba,2021-02-28,66,10580,21,3216,45,7364,0,0,45,4620,21,2974,45,7594,California
Yuba,2021-03-01,154,10734,40,3256,114,7478,0,0,78,4623,75,3049,78,7672,California
Yuba,2021-03-02,158,10892,35,3291,123,7601,0,0,78,4621,80,3129,78,7750,California
Yuba,2021-03-03,622,11514,159,3450,463,8064,0,0,200,4400,421,3550,200,7950,California
Yuba,2021-03-04,467,11981,270,3720,197,8261,0,0,326,4586,140,3690,326,8276,California
Yuba,2021-03-05,316,12297,59,3779,256,8517,1,1,249,4769,67,3757,250,8526,California
Yuba,2021-03-06,475,12772,35,3814,436,8953,4,5,369,5036,106,3863,373,8899,California
Yuba,2021-03-07,49,12821,27,3841,21,8974,1,6,33,5054,16,3879,34,8933,California
Yuba,2021-03-08,159,12980,49,3890,94,9068,16,22,100,5111,59,3938,116,9049,California
Yuba,2021-03-09,175,13155,46,3936,110,9178,19,41,83,5121,92,4030,102,9151,California
Yuba,2021-03-10,736,13891,233,4169,473,9651,30,71,232,4880,503,4533,262,9413,California
Yuba,2021-03-11,427,14318,186,4355,229,9880,12,83,294,5053,133,4666,306,9719,California
Yuba,2021-03-12,463,14781,87,4442,322,10202,54,137,150,4944,313,4979,204,9923,California
Yuba,2021-03-13,454,15235,334,4776,105,10307,15,152,360,5226,93,5072,375,10298,California
Yuba,2021-03-14,107,15342,21,4797,76,10383,10,162,46,5222,60,5132,56,10354,California
Yuba,2021-03-15,190,15532,49,4846,124,10507,17,179,96,5241,94,5226,113,10467,California
Yuba,2021-03-16,290,15822,71,4917,194,10701,25,204,177,5331,112,5338,202,10669,California
Yuba,2021-03-17,738,16560,161,5078,548,11249,29,233,192,5008,544,5882,221,10890,California
Yuba,2021-03-18,570,17130,149,5227,308,11557,113,346,347,5244,223,6105,459,11349,California
Yuba,2021-03-19,325,17455,120,5347,156,11713,49,395,186,5341,138,6243,235,11584,California
Yuba,2021-03-20,554,18009,80,5427,456,12169,18,413,474,5754,79,6322,492,12076,California
Yuba,2021-03-21,60,18069,35,5462,25,12194,0,413,48,5790,12,6334,48,12124,California
Yuba,2021-03-22,190,18259,70,5532,113,12307,7,420,148,5903,42,6376,155,12279,California
Yuba,2021-03-23,263,18522,79,5611,157,12464,27,447,177,6023,84,6460,204,12483,California
Yuba,2021-03-24,765,19287,252,5863,432,12896,81,528,187,5714,576,7036,267,12750,California
Yuba,2021-03-25,494,19781,261,6124,211,13107,22,550,244,5730,250,7286,266,13016,California
Yuba,2021-03-26,389,20170,143,6267,219,13326,27,577,223,5815,165,7451,250,13266,California
Yuba,2021-03-27,458,20628,27,6294,428,13754,3,580,404,6168,53,7504,406,13672,California
Yuba,2021-03-28,99,20727,40,6334,55,13809,4,584,37,6147,62,7566,41,13713,California
Yuba,2021-03-29,290,21017,85,6419,174,13983,31,615,177,6242,113,7679,208,13921,California
Yuba,2021-03-30,273,21290,67,6486,198,14181,8,623,192,6361,81,7760,200,14121,California
Yuba,2021-03-31,670,21960,113,6599,545,14726,12,635,241,6186,428,8188,253,14374,California
Yuba,2021-04-01,611,22571,282,6881,300,15026,29,664,278,6160,333,8521,307,14681,California
Yuba,2021-04-02,490,23061,92,6973,315,15341,83,747,183,6119,306,8827,265,14946,California
Yuba,2021-04-03,652,23713,55,7028,115,15456,482,1229,86,6122,565,9392,568,15514,California
Yuba,2021-04-04,58,23771,11,7039,41,15497,6,1235,33,6136,25,9417,39,15553,California
Yuba,2021-04-05,245,24016,78,7117,147,15644,20,1255,123,6158,120,9537,142,15695,California
Yuba,2021-04-06,351,24367,114,7231,177,15821,60,1315,168,6204,182,9719,228,15923,California
Yuba,2021-04-07,769,25136,396,7627,320,16141,53,1368,346,6182,420,10139,398,16321,California
Yuba,2021-04-08,724,25860,291,7918,171,16312,262,1630,257,6235,466,10605,519,16840,California
Yuba,2021-04-09,391,26251,170,8088,157,16469,64,1694,159,6227,231,10836,223,17063,California
Yuba,2021-04-10,593,26844,72,8160,74,16543,447,2141,70,6223,521,11357,517,17580,California
Yuba,2021-04-11,98,26942,22,8182,64,16607,12,2153,39,6215,59,11416,51,17631,California
Yuba,2021-04-12,210,27152,46,8228,135,16742,29,2182,81,6197,128,11544,110,17741,California
Yuba,2021-04-13,394,27546,100,8328,294,17036,0,2182,202,6208,191,11735,202,17943,California
Yuba,2021-04-14,690,28236,107,8435,583,17619,0,2182,117,5753,572,12307,117,18060,California
Yuba,2021-04-15,295,28531,124,8559,171,17790,0,2182,125,5708,170,12477,125,18185,California
Yuba,2021-04-16,330,28861,101,8660,229,18019,0,2182,178,5734,152,12629,178,18363,California
Yuba,2021-04-17,392,29253,55,8715,337,18356,0,2182,321,5985,70,12699,321,18684,California
Yuba,2021-04-18,52,29305,9,8724,43,18399,0,2182,24,5981,28,12727,24,18708,California
Yuba,2021-04-19,245,29550,102,8826,143,18542,0,2182,104,5944,141,12868,104,18812,California
Yuba,2021-04-20,301,29851,78,8904,223,18765,0,2182,175,5995,125,12993,176,18988,California
Yuba,2021-04-21,705,30556,287,9191,418,19183,0,2182,304,5898,401,13394,304,19292,California
Yuba,2021-04-22,311,30867,117,9308,194,19377,0,2182,177,5941,134,13528,177,19469,California
Yuba,2021-04-23,334,31201,105,9413,229,19606,0,2182,162,5931,172,13700,162,19631,California
Yuba,2021-04-24,215,31416,67,9480,148,19754,0,2182,123,5962,92,13792,123,19754,California
Yuba,2021-04-25,74,31490,30,9510,44,19798,0,2182,37,5962,37,13829,37,19791,California
Yuba,2021-04-26,217,31707,47,9557,166,19964,4,2186,102,5953,115,13944,106,19897,California
Yuba,2021-04-27,412,32119,148,9705,254,20218,10,2196,210,5973,200,14144,220,20117,California
Yuba,2021-04-28,400,32519,168,9873,227,20445,5,2201,129,5842,265,14409,134,20251,California
Yuba,2021-04-29,226,32745,21,9894,204,20649,1,2202,81,5780,144,14553,82,20333,California
