vemquartile,administered_date,total_doses,cumulative_total_doses,pfizer_doses,cumulative_pfizer_doses,moderna_doses,cumulative_moderna_doses,jj_doses,cumulative_jj_doses,partially_vaccinated,total_partially_vaccinated,pct_age16pop_partially_vaccinated,fully_vaccinated,cumulative_fully_vaccinated,pct_age16pop_fully_vaccinated,at_least_one_dose,cumulative_at_least_one_dose,pct_age16pop_at_least_one_dose,age16_population
1,2020-12-15,147,147,147,147,0,0,0,0,147,147,1.8e-05,0,0,0.0,147,147,1.8e-05,8051741
1,2020-12-16,1155,1302,1155,1302,0,0,0,0,1155,1302,0.000162,0,0,0.0,1155,1302,0.000162,8051741
1,2020-12-17,4104,5406,4104,5406,0,0,0,0,4105,5407,0.000672,0,0,0.0,4105,5407,0.000672,8051741
1,2020-12-18,6249,11655,6229,11635,20,20,0,0,6251,11658,0.001448,0,0,0.0,6251,11658,0.001448,8051741
1,2020-12-19,2868,14523,2867,14502,1,21,0,0,2866,14523,0.001804,1,1,0.0,2866,14524,0.001804,8051741
1,2020-12-20,2077,16600,2073,16575,4,25,0,0,2078,16601,0.002062,0,1,0.0,2078,16602,0.002062,8051741
1,2020-12-21,7594,24194,7582,24157,12,37,0,0,7646,24247,0.003011,0,1,0.0,7646,24248,0.003012,8051741
1,2020-12-22,7270,31464,6930,31087,340,377,0,0,7273,31519,0.003915,1,2,0.0,7273,31521,0.003915,8051741
1,2020-12-23,7797,39261,6577,37664,1220,1597,0,0,7794,39313,0.004883,0,2,0.0,7794,39315,0.004883,8051741
1,2020-12-24,3289,42550,2354,40018,935,2532,0,0,3291,42604,0.005291,0,2,0.0,3291,42606,0.005292,8051741
1,2020-12-25,232,42782,149,40167,83,2615,0,0,232,42836,0.00532,0,2,0.0,232,42838,0.00532,8051741
1,2020-12-26,1354,44136,966,41133,388,3003,0,0,1353,44188,0.005488,1,3,0.0,1353,44191,0.005488,8051741
1,2020-12-27,852,44988,527,41660,325,3328,0,0,852,45040,0.005594,0,3,0.0,852,45043,0.005594,8051741
1,2020-12-28,6993,51981,4739,46399,2254,5582,0,0,6992,52032,0.006462,0,3,0.0,6992,52035,0.006463,8051741
1,2020-12-29,8823,60804,4975,51374,3848,9430,0,0,8820,60851,0.007557,1,4,0.0,8820,60855,0.007558,8051741
1,2020-12-30,11561,72365,6468,57842,5093,14523,0,0,11561,72412,0.008993,0,4,0.0,11561,72416,0.008994,8051741
1,2020-12-31,5915,78280,1950,59792,3965,18488,0,0,5916,78328,0.009728,0,4,0.0,5916,78332,0.009729,8051741
1,2021-01-01,512,78792,172,59964,340,18828,0,0,512,78840,0.009792,0,4,0.0,512,78844,0.009792,8051741
1,2021-01-02,2871,81663,1740,61704,1131,19959,0,0,2873,81713,0.010148,0,4,0.0,2873,81717,0.010149,8051741
1,2021-01-03,1001,82664,535,62239,466,20425,0,0,1000,82712,0.010273,1,5,1e-06,1000,82717,0.010273,8051741
1,2021-01-04,7274,89938,3542,65781,3732,24157,0,0,7279,89990,0.011176,1,6,1e-06,7279,89996,0.011177,8051741
1,2021-01-05,10678,100616,5147,70928,5531,29688,0,0,9935,99216,0.012322,730,736,9.1e-05,9956,99952,0.012414,8051741
1,2021-01-06,13792,114408,6961,77889,6831,36519,0,0,11927,109324,0.013578,1825,2561,0.000318,11933,111885,0.013896,8051741
1,2021-01-07,17342,131750,9071,86960,8271,44790,0,0,12932,117952,0.014649,4310,6871,0.000853,12938,124823,0.015503,8051741
1,2021-01-08,19986,151736,10395,97355,9591,54381,0,0,14137,126263,0.015681,5831,12702,0.001578,14142,138965,0.017259,8051741
1,2021-01-09,6598,158334,3339,100694,3259,57640,0,0,4773,129229,0.01605,1811,14513,0.001802,4777,143742,0.017852,8051741
1,2021-01-10,3022,161356,1717,102411,1305,58945,0,0,1853,129930,0.016137,1153,15666,0.001946,1854,145596,0.018083,8051741
1,2021-01-11,17979,179335,11780,114191,6199,65144,0,0,11469,134950,0.01676,6483,22149,0.002751,11503,157099,0.019511,8051741
1,2021-01-12,18768,198103,10612,124803,8156,73300,0,0,12823,141902,0.017624,5903,28052,0.003484,12855,169954,0.021108,8051741
1,2021-01-13,19556,217659,10523,135326,9033,82333,0,0,14465,151308,0.018792,5069,33121,0.004114,14475,184429,0.022905,8051741
1,2021-01-14,21819,239478,9401,144727,12418,94751,0,0,19089,167765,0.020836,2670,35791,0.004445,19127,203556,0.025281,8051741
1,2021-01-15,25044,264522,9276,154003,15768,110519,0,0,23128,189073,0.023482,1862,37653,0.004676,23170,226726,0.028159,8051741
1,2021-01-16,13847,278369,4541,158544,9306,119825,0,0,13010,201247,0.024994,838,38491,0.00478,13012,239738,0.029775,8051741
1,2021-01-17,5159,283528,1981,160525,3178,123003,0,0,4794,205685,0.025545,361,38852,0.004825,4799,244537,0.030371,8051741
1,2021-01-18,14144,297672,8504,169029,5640,128643,0,0,11020,213629,0.026532,3112,41964,0.005212,11056,255593,0.031744,8051741
1,2021-01-19,24488,322160,12773,181802,11715,140358,0,0,19361,227923,0.028307,5113,47077,0.005847,19407,275000,0.034154,8051741
1,2021-01-20,27880,350040,13482,195284,14398,154756,0,0,22486,245066,0.030436,5373,52450,0.006514,22516,297516,0.036951,8051741
1,2021-01-21,30347,380387,14028,209312,16319,171075,0,0,27288,269409,0.03346,3006,55456,0.006887,27349,324865,0.040347,8051741
1,2021-01-22,27939,408326,11089,220401,16850,187925,0,0,25992,293521,0.036454,1905,57361,0.007124,26017,350882,0.043578,8051741
1,2021-01-23,18606,426932,8170,228571,10436,198361,0,0,16693,308324,0.038293,1901,59262,0.00736,16704,367586,0.045653,8051741
1,2021-01-24,6643,433575,4156,232727,2487,200848,0,0,6001,313691,0.038959,638,59900,0.007439,6005,373591,0.046399,8051741
1,2021-01-25,24694,458269,10233,242960,14461,215309,0,0,19276,327647,0.040693,5402,65302,0.00811,19358,392949,0.048803,8051741
1,2021-01-26,28238,486507,13276,256236,14962,230271,0,0,21780,343027,0.042603,6417,71719,0.008907,21797,414746,0.05151,8051741
1,2021-01-27,31301,517808,15300,271536,16001,246272,0,0,23546,358901,0.044574,7700,79419,0.009864,23574,438320,0.054438,8051741
1,2021-01-28,34193,552001,15987,287523,18206,264478,0,0,27520,379850,0.047176,6618,86037,0.010686,27567,465887,0.057862,8051741
1,2021-01-29,33172,585173,16301,303824,16871,281349,0,0,26760,400365,0.049724,6284,92321,0.011466,26799,492686,0.06119,8051741
1,2021-01-30,19949,605122,8622,312446,11327,292676,0,0,17967,416384,0.051714,1957,94278,0.011709,17976,510662,0.063423,8051741
1,2021-01-31,7581,612703,4981,317427,2600,295276,0,0,6852,422509,0.052474,728,95006,0.011799,6853,517515,0.064274,8051741
1,2021-02-01,28028,640731,12093,329520,15935,311211,0,0,20683,435894,0.054137,7302,102308,0.012706,20687,538202,0.066843,8051741
1,2021-02-02,31740,672471,11442,340962,20298,331509,0,0,23909,452063,0.056145,7772,110080,0.013672,23941,562143,0.069816,8051741
1,2021-02-03,38797,711268,14804,355766,23993,355502,0,0,28188,469789,0.058346,10489,120569,0.014974,28215,590358,0.073321,8051741
1,2021-02-04,43519,754787,17021,372787,26498,382000,0,0,31659,489733,0.060823,11760,132329,0.016435,31704,622062,0.077258,8051741
1,2021-02-05,46484,801271,17265,390052,29219,411219,0,0,30647,504699,0.062682,15723,148052,0.018388,30689,652751,0.08107,8051741
1,2021-02-06,26405,827676,10447,400499,15958,427177,0,0,20621,519595,0.064532,5740,153792,0.0191,20636,673387,0.083632,8051741
1,2021-02-07,6140,833816,3935,404434,2205,429382,0,0,4587,522662,0.064913,1537,155329,0.019291,4604,677991,0.084204,8051741
1,2021-02-08,30939,864755,14017,418451,16922,446304,0,0,20670,533241,0.066227,10167,165496,0.020554,20746,698737,0.086781,8051741
1,2021-02-09,37807,902562,16558,435009,21249,467553,0,0,23236,542078,0.067324,14467,179963,0.022351,23304,722041,0.089675,8051741
1,2021-02-10,46426,948988,21976,456985,24450,492003,0,0,26929,549715,0.068273,19366,199329,0.024756,27003,749044,0.093029,8051741
1,2021-02-11,50217,999205,24727,481712,25490,517493,0,0,30699,561176,0.069696,19330,218659,0.027157,30791,779835,0.096853,8051741
1,2021-02-12,49143,1048348,21249,502961,27894,545387,0,0,28394,569069,0.070677,20628,239287,0.029719,28521,808356,0.100395,8051741
1,2021-02-13,25975,1074323,11293,514254,14682,560069,0,0,15063,573360,0.071209,10847,250134,0.031066,15138,823494,0.102275,8051741
1,2021-02-14,11558,1085881,5453,519707,6105,566174,0,0,6596,575127,0.071429,4936,255070,0.031679,6703,830197,0.103108,8051741
1,2021-02-15,23251,1109132,9214,528921,14037,580211,0,0,14170,580462,0.072091,8995,264065,0.032796,14330,844527,0.104888,8051741
1,2021-02-16,46190,1155322,22071,550992,24119,604330,0,0,27345,589206,0.073177,18788,282853,0.035129,27532,872059,0.108307,8051741
1,2021-02-17,47399,1202721,23980,574972,23419,627749,0,0,25870,593851,0.073754,21433,304286,0.037791,26078,898137,0.111546,8051741
1,2021-02-18,49838,1252559,24920,599892,24918,652667,0,0,26079,596652,0.074102,23572,327858,0.040719,26373,924510,0.114821,8051741
1,2021-02-19,44752,1297311,24175,624067,20577,673244,0,0,25510,603080,0.074901,19142,347000,0.043096,25570,950080,0.117997,8051741
1,2021-02-20,26202,1323513,15940,640007,10262,683506,0,0,15091,607168,0.075408,11078,358078,0.044472,15166,965246,0.11988,8051741
1,2021-02-21,9579,1333092,8367,648374,1212,684718,0,0,5843,609452,0.075692,3700,361778,0.044932,5984,971230,0.120624,8051741
1,2021-02-22,29646,1362738,19502,667876,10144,694862,0,0,17475,614982,0.076379,12127,373905,0.046438,17657,988887,0.122817,8051741
1,2021-02-23,41701,1404439,20011,687887,21690,716552,0,0,23220,620224,0.07703,18370,392275,0.048719,23612,1012499,0.125749,8051741
1,2021-02-24,52143,1456582,25179,713066,26964,743516,0,0,29423,627508,0.077934,22632,414907,0.05153,29916,1042415,0.129465,8051741
1,2021-02-25,63340,1519922,30419,743485,32921,776437,0,0,39539,643872,0.079967,23712,438619,0.054475,40076,1082491,0.134442,8051741
1,2021-02-26,71226,1591148,33540,777025,37686,814123,0,0,47312,667868,0.082947,23782,462401,0.057429,47778,1130269,0.140376,8051741
1,2021-02-27,48003,1639151,21333,798358,26664,840787,6,6,31823,683879,0.084936,16085,478486,0.059426,32096,1162365,0.144362,8051741
1,2021-02-28,18860,1658011,11190,809548,7670,848457,0,6,13995,693286,0.086104,4818,483304,0.060025,14225,1176590,0.146129,8051741
1,2021-03-01,42863,1700874,19545,829093,23311,871768,7,13,27956,706707,0.087771,14825,498129,0.061866,28246,1204836,0.149637,8051741
1,2021-03-02,58101,1758975,23862,852955,34233,906001,6,19,36967,723385,0.089842,21047,519176,0.06448,37725,1242561,0.154322,8051741
1,2021-03-03,67313,1826288,31632,884587,35670,941671,11,30,40775,738520,0.091722,26424,545600,0.067762,41559,1284120,0.159484,8051741
1,2021-03-04,74772,1901060,34422,919009,40319,981990,31,61,47901,760274,0.094424,26731,572331,0.071082,48485,1332605,0.165505,8051741
1,2021-03-05,73542,1974602,32748,951757,40596,1022586,198,259,48924,785767,0.09759,24446,596777,0.074118,49939,1382544,0.171707,8051741
1,2021-03-06,55977,2030579,26459,978216,28194,1050780,1324,1583,38032,807806,0.100327,17890,614667,0.07634,39929,1422473,0.176667,8051741
1,2021-03-07,19338,2049917,12215,990431,6341,1057121,782,2365,14492,818537,0.10166,4835,619502,0.07694,15566,1438039,0.1786,8051741
1,2021-03-08,42781,2092698,20181,1010612,20746,1077867,1854,4219,29813,837630,0.104031,12909,632411,0.078543,32002,1470041,0.182574,8051741
1,2021-03-09,59363,2152061,25797,1036409,31109,1108976,2457,6676,35582,852610,0.105891,23706,656117,0.081488,38686,1508727,0.187379,8051741
1,2021-03-10,69905,2221966,34331,1070740,31353,1140329,4221,10897,43215,873967,0.108544,26591,682708,0.08479,47948,1556675,0.193334,8051741
1,2021-03-11,86730,2308696,39381,1110121,39623,1179952,7726,18623,50979,897685,0.11149,35556,718264,0.089206,59274,1615949,0.200696,8051741
1,2021-03-12,93284,2401980,40151,1150272,40920,1220872,12213,30836,53822,924907,0.11487,39304,757568,0.094087,66526,1682475,0.208958,8051741
1,2021-03-13,62732,2464712,28087,1178359,27003,1247875,7642,38478,40015,950300,0.118024,22622,780190,0.096897,48015,1730490,0.214921,8051741
1,2021-03-14,26601,2491313,14228,1192587,8914,1256789,3459,41937,15729,958864,0.119088,10828,791018,0.098242,19392,1749882,0.21733,8051741
1,2021-03-15,63045,2554358,27327,1219914,29157,1285946,6561,48498,37371,977630,0.121418,25538,816556,0.101414,44304,1794186,0.222832,8051741
1,2021-03-16,82957,2637315,37066,1256980,40410,1326356,5484,53982,52136,1005033,0.124822,30691,847247,0.105225,58094,1852280,0.230047,8051741
1,2021-03-17,89106,2726421,42549,1299529,40060,1366416,6497,60479,57232,1037481,0.128852,31749,878996,0.109168,64197,1916477,0.23802,8051741
1,2021-03-18,93331,2819752,47474,1347003,40361,1406777,5496,65975,57752,1066119,0.132409,35317,914313,0.113555,63955,1980432,0.245963,8051741
1,2021-03-19,99340,2919092,50991,1397994,42294,1449071,6055,72030,59340,1092291,0.135659,39780,954093,0.118495,65952,2046384,0.254154,8051741
1,2021-03-20,69144,2988236,35613,1433607,28610,1477681,4921,76951,45657,1119834,0.13908,23359,977452,0.121396,50902,2097286,0.260476,8051741
1,2021-03-21,25693,3013929,17751,1451358,6186,1483867,1756,78707,16685,1129512,0.140282,8950,986402,0.122508,18628,2115914,0.26279,8051741
1,2021-03-22,56580,3070509,29384,1480742,24051,1507918,3145,81852,38780,1154122,0.143338,17671,1004073,0.124703,42281,2158195,0.268041,8051741
1,2021-03-23,79736,3150245,40410,1521152,35894,1543812,3432,85284,51934,1182345,0.146843,27644,1031717,0.128136,55867,2214062,0.274979,8051741
1,2021-03-24,83872,3234117,42301,1563453,37388,1581200,4183,89467,51429,1206032,0.149785,32264,1063981,0.132143,55951,2270013,0.281928,8051741
1,2021-03-25,91690,3325807,46219,1609672,40006,1621206,5465,94932,53353,1226971,0.152386,38115,1102096,0.136877,59054,2329067,0.289263,8051741
1,2021-03-26,99893,3425700,48076,1657748,45708,1666914,6109,101041,56035,1245846,0.15473,43612,1145708,0.142293,62487,2391554,0.297023,8051741
1,2021-03-27,70244,3495944,36339,1694087,30235,1697149,3670,104711,36934,1253531,0.155684,33133,1178841,0.146408,40818,2432372,0.302093,8051741
1,2021-03-28,31113,3527057,20004,1714091,9913,1707062,1196,105907,16601,1257225,0.156143,14433,1193274,0.148201,18127,2450499,0.304344,8051741
1,2021-03-29,64452,3591509,32134,1746225,29579,1736641,2739,108646,37006,1269872,0.157714,27324,1220598,0.151594,39971,2490470,0.309308,8051741
1,2021-03-30,88010,3679519,42904,1789129,39263,1775904,5843,114489,50371,1288708,0.160053,37533,1258131,0.156256,56369,2546839,0.316309,8051741
1,2021-03-31,96318,3775837,50238,1839367,40394,1816298,5686,120175,55326,1309068,0.162582,40770,1298901,0.161319,61130,2607969,0.323901,8051741
1,2021-04-01,105225,3881062,50411,1889778,46911,1863209,7903,128078,54939,1321971,0.164184,50051,1348952,0.167535,62954,2670923,0.33172,8051741
1,2021-04-02,104550,3985612,47325,1937103,48086,1911295,9139,137217,54130,1335417,0.165854,50096,1399048,0.173757,63542,2734465,0.339612,8051741
1,2021-04-03,74429,4060041,36944,1974047,28336,1939631,9149,146366,35448,1341316,0.166587,38853,1437901,0.178583,44752,2779217,0.34517,8051741
1,2021-04-04,23392,4083433,11635,1985682,8347,1947978,3410,149776,10165,1341722,0.166638,13188,1451089,0.180221,13594,2792811,0.346858,8051741
1,2021-04-05,71835,4155268,34773,2020455,28266,1976244,8796,158572,33966,1347025,0.167296,37737,1488826,0.184907,43040,2835851,0.352203,8051741
1,2021-04-06,100477,4255745,47379,2067834,36848,2013092,16250,174822,46098,1355398,0.168336,54185,1543011,0.191637,62558,2898409,0.359973,8051741
1,2021-04-07,107525,4363270,51907,2119741,38523,2051615,17095,191917,49752,1364955,0.169523,57575,1600586,0.198788,67132,2965541,0.368311,8051741
1,2021-04-08,117435,4480705,55155,2174896,41992,2093607,20288,212205,52936,1374130,0.170662,64218,1664804,0.206763,73393,3038934,0.377426,8051741
1,2021-04-09,115369,4596074,52051,2226947,43352,2136959,19966,232171,51599,1382404,0.17169,63500,1728304,0.21465,71774,3110708,0.38634,8051741
1,2021-04-10,91953,4688027,41221,2268168,28625,2165584,22107,254278,36446,1385709,0.172101,55345,1783649,0.221523,58650,3169358,0.393624,8051741
1,2021-04-11,34532,4722559,19058,2287226,9053,2174637,6421,260699,14277,1386487,0.172197,20194,1803843,0.224031,20972,3190330,0.396229,8051741
1,2021-04-12,71411,4793970,32026,2319252,29913,2204550,9472,270171,30943,1386831,0.17224,40266,1844109,0.229032,40610,3230940,0.401272,8051741
1,2021-04-13,93178,4887148,49302,2368554,43552,2248102,324,270495,50100,1394934,0.173246,42878,1886987,0.234358,50981,3281921,0.407604,8051741
1,2021-04-14,98600,4985748,51256,2419810,47285,2295387,59,270554,50436,1398098,0.173639,47873,1934860,0.240303,51037,3332958,0.413943,8051741
1,2021-04-15,99225,5084973,53881,2473691,45276,2340663,68,270622,53294,1406435,0.174675,45479,1980339,0.245952,53816,3386774,0.420626,8051741
1,2021-04-16,103048,5188021,53233,2526924,49730,2390393,85,270707,52061,1408234,0.174898,50651,2030990,0.252242,52450,3439224,0.42714,8051741
1,2021-04-17,77336,5265357,42414,2569338,34915,2425308,7,270714,43472,1418253,0.176142,33705,2064695,0.256428,43724,3482948,0.432571,8051741
1,2021-04-18,27618,5292975,18230,2587568,9382,2434690,6,270720,14528,1420041,0.176364,13020,2077715,0.258045,14808,3497756,0.43441,8051741
1,2021-04-19,63344,5356319,32416,2619984,30900,2465590,28,270748,28937,1415116,0.175753,34132,2111847,0.262285,29207,3526963,0.438037,8051741
1,2021-04-20,82819,5439138,41427,2661411,41376,2506966,16,270764,39586,1412260,0.175398,42972,2154819,0.267621,40116,3567079,0.44302,8051741
1,2021-04-21,89250,5528388,45901,2707312,43262,2550228,87,270851,40842,1406000,0.174621,48007,2202826,0.273584,41747,3608826,0.448204,8051741
1,2021-04-22,88957,5617345,46744,2754056,42202,2592430,11,270862,41673,1401519,0.174064,46931,2249757,0.279412,42450,3651276,0.453477,8051741
1,2021-04-23,86750,5704095,44741,2798797,41980,2634410,29,270891,41384,1398567,0.173697,45001,2294758,0.285001,42049,3693325,0.458699,8051741
1,2021-04-24,62588,5766683,40427,2839224,22148,2656558,13,270904,36687,1410038,0.175122,25765,2320523,0.288201,37236,3730561,0.463324,8051741
1,2021-04-25,21092,5787775,13014,2852238,8074,2664632,4,270908,12009,1413214,0.175517,9042,2329565,0.289324,12218,3742779,0.464841,8051741
1,2021-04-26,49225,5837000,26341,2878579,22607,2687239,277,271185,23661,1412454,0.175422,25378,2354943,0.292476,24618,3767397,0.467898,8051741
1,2021-04-27,41862,5878862,23627,2902206,17629,2704868,606,271791,17213,1405992,0.17462,24518,2379461,0.295521,18056,3785453,0.470141,8051741
2,2020-12-15,232,232,232,232,0,0,0,0,232,232,2.9e-05,0,0,0.0,232,232,2.9e-05,7897587
2,2020-12-16,1924,2156,1924,2156,0,0,0,0,1924,2156,0.000273,0,0,0.0,1924,2156,0.000273,7897587
2,2020-12-17,6659,8815,6659,8815,0,0,0,0,6660,8816,0.001116,0,0,0.0,6660,8816,0.001116,7897587
2,2020-12-18,10824,19639,10805,19620,19,19,0,0,10824,19640,0.002487,0,0,0.0,10824,19640,0.002487,7897587
2,2020-12-19,5571,25210,5566,25186,5,24,0,0,5573,25213,0.003192,0,0,0.0,5573,25213,0.003192,7897587
2,2020-12-20,4219,29429,4212,29398,7,31,0,0,4216,29429,0.003726,0,0,0.0,4216,29429,0.003726,7897587
2,2020-12-21,12774,42203,12750,42148,24,55,0,0,12728,42157,0.005338,0,0,0.0,12728,42157,0.005338,7897587
2,2020-12-22,12036,54239,11528,53676,508,563,0,0,12036,54193,0.006862,0,0,0.0,12036,54193,0.006862,7897587
2,2020-12-23,11596,65835,9408,63084,2188,2751,0,0,11598,65791,0.008331,0,0,0.0,11598,65791,0.008331,7897587
2,2020-12-24,5846,71681,3490,66574,2356,5107,0,0,5843,71634,0.00907,0,0,0.0,5843,71634,0.00907,7897587
2,2020-12-25,477,72158,401,66975,76,5183,0,0,478,72112,0.009131,0,0,0.0,478,72112,0.009131,7897587
2,2020-12-26,2560,74718,1666,68641,894,6077,0,0,2562,74674,0.009455,0,0,0.0,2562,74674,0.009455,7897587
2,2020-12-27,2208,76926,1196,69837,1012,7089,0,0,2206,76879,0.009734,1,1,0.0,2206,76880,0.009735,7897587
2,2020-12-28,10891,87817,7075,76912,3816,10905,0,0,10891,87769,0.011113,1,2,0.0,10891,87771,0.011114,7897587
2,2020-12-29,12674,100491,7185,84097,5489,16394,0,0,12678,100447,0.012719,0,2,0.0,12678,100449,0.012719,7897587
2,2020-12-30,15308,115799,8626,92723,6682,23076,0,0,15324,115770,0.014659,1,3,0.0,15324,115773,0.014659,7897587
2,2020-12-31,7444,123243,2754,95477,4690,27766,0,0,7441,123210,0.015601,1,4,1e-06,7441,123214,0.015601,7897587
2,2021-01-01,1085,124328,524,96001,561,28327,0,0,1086,124295,0.015738,1,5,1e-06,1086,124300,0.015739,7897587
2,2021-01-02,4806,129134,2753,98754,2053,30380,0,0,4804,129099,0.016347,0,5,1e-06,4804,129104,0.016347,7897587
2,2021-01-03,1380,130514,787,99541,593,30973,0,0,1375,130471,0.01652,3,8,1e-06,1375,130479,0.016521,7897587
2,2021-01-04,11455,141969,5425,104966,6030,37003,0,0,11443,141910,0.017969,4,12,2e-06,11443,141922,0.01797,7897587
2,2021-01-05,13743,155712,6864,111830,6879,43882,0,0,12573,153347,0.019417,1165,1177,0.000149,12602,154524,0.019566,7897587
2,2021-01-06,18789,174501,10393,122223,8396,52278,0,0,15103,164812,0.020869,3643,4820,0.00061,15108,169632,0.021479,7897587
2,2021-01-07,22804,197305,12828,135051,9976,62254,0,0,15541,173077,0.021915,7288,12108,0.001533,15553,185185,0.023448,7897587
2,2021-01-08,26170,223475,15942,150993,10228,72482,0,0,16148,179247,0.022696,9993,22101,0.002798,16163,201348,0.025495,7897587
2,2021-01-09,9540,233015,5546,156539,3994,76476,0,0,6169,182029,0.023049,3391,25492,0.003228,6173,207521,0.026277,7897587
2,2021-01-10,5253,238268,2911,159450,2342,78818,0,0,3047,182851,0.023153,2229,27721,0.00351,3051,210572,0.026663,7897587
2,2021-01-11,25866,264134,17819,177269,8047,86865,0,0,14944,186880,0.023663,10956,38677,0.004897,14985,225557,0.02856,7897587
2,2021-01-12,25905,290039,16106,193375,9799,96664,0,0,16451,193915,0.024554,9483,48160,0.006098,16518,242075,0.030652,7897587
2,2021-01-13,28125,318164,14835,208210,13290,109954,0,0,20257,206332,0.026126,7862,56022,0.007094,20279,262354,0.03322,7897587
2,2021-01-14,29923,348087,11360,219570,18563,128517,0,0,25768,227962,0.028865,4182,60204,0.007623,25812,288166,0.036488,7897587
2,2021-01-15,35012,383099,12916,232486,22096,150613,0,0,31808,256608,0.032492,3219,63423,0.008031,31865,320031,0.040523,7897587
2,2021-01-16,17523,400622,5602,238088,11921,162534,0,0,16218,271506,0.034378,1330,64753,0.008199,16228,336259,0.042577,7897587
2,2021-01-17,10548,411170,3523,241611,7025,169559,0,0,9846,280632,0.035534,727,65480,0.008291,9853,346112,0.043825,7897587
2,2021-01-18,19610,430780,10983,252594,8627,178186,0,0,14890,290829,0.036825,4736,70216,0.008891,14933,361045,0.045716,7897587
2,2021-01-19,32121,462901,16764,269358,15357,193543,0,0,24170,307152,0.038892,7956,78172,0.009898,24279,385324,0.04879,7897587
2,2021-01-20,36312,499213,17942,287300,18370,211913,0,0,27841,326623,0.041357,8453,86625,0.010969,27924,413248,0.052326,7897587
2,2021-01-21,40324,539537,17127,304427,23197,235110,0,0,35959,358388,0.045379,4344,90969,0.011519,36109,449357,0.056898,7897587
2,2021-01-22,38879,578416,16178,320605,22701,257811,0,0,35616,390768,0.049479,3266,94235,0.011932,35646,485003,0.061412,7897587
2,2021-01-23,23887,602303,10803,331408,13084,270895,0,0,20943,408820,0.051765,2919,97154,0.012302,20971,505974,0.064067,7897587
2,2021-01-24,12415,614718,6152,337560,6263,277158,0,0,11507,419442,0.05311,895,98049,0.012415,11517,517491,0.065525,7897587
2,2021-01-25,33429,648147,15479,353039,17950,295108,0,0,24773,435699,0.055169,8634,106683,0.013508,24891,542382,0.068677,7897587
2,2021-01-26,39990,688137,19784,372823,20206,315314,0,0,31122,458047,0.057998,8848,115531,0.014629,31196,573578,0.072627,7897587
2,2021-01-27,44714,732851,22822,395645,21892,337206,0,0,34931,483344,0.061201,9692,125223,0.015856,34989,608567,0.077057,7897587
2,2021-01-28,47509,780360,22346,417991,25163,362369,0,0,39060,514069,0.065092,8401,133624,0.01692,39126,647693,0.082012,7897587
2,2021-01-29,45226,825586,22125,440116,23101,385470,0,0,36737,542467,0.068688,8397,142021,0.017983,36795,684488,0.086671,7897587
2,2021-01-30,31065,856651,13484,453600,17581,403051,0,0,27855,567183,0.071817,3173,145194,0.018385,27889,712377,0.090202,7897587
2,2021-01-31,17533,874184,10643,464243,6890,409941,0,0,16321,582330,0.073735,1194,146388,0.018536,16341,728718,0.092271,7897587
2,2021-02-01,40009,914193,19129,483372,20880,430821,0,0,29704,601789,0.076199,10278,156666,0.019837,29737,758455,0.096036,7897587
2,2021-02-02,47591,961784,19726,503098,27865,458686,0,0,36217,626798,0.079366,11302,167968,0.021268,36311,794766,0.100634,7897587
2,2021-02-03,53448,1015232,23758,526856,29690,488376,0,0,39749,653013,0.082685,13612,181580,0.022992,39827,834593,0.105677,7897587
2,2021-02-04,55651,1070883,24204,551060,31447,519823,0,0,40807,679151,0.085995,14757,196337,0.02486,40895,875488,0.110855,7897587
2,2021-02-05,59269,1130152,26280,577340,32989,552812,0,0,40302,700834,0.08874,18803,215140,0.027241,40486,915974,0.115982,7897587
2,2021-02-06,38721,1168873,18119,595459,20602,573414,0,0,31227,724713,0.091764,7426,222566,0.028182,31305,947279,0.119945,7897587
2,2021-02-07,15896,1184769,10655,606114,5241,578655,0,0,12042,732987,0.092812,3831,226397,0.028667,12105,959384,0.121478,7897587
2,2021-02-08,42860,1227629,22045,628159,20815,599470,0,0,29612,749639,0.09492,13150,239547,0.030332,29802,989186,0.125252,7897587
2,2021-02-09,48884,1276513,23357,651516,25527,624997,0,0,30771,762694,0.096573,18029,257576,0.032615,31084,1020270,0.129188,7897587
2,2021-02-10,59063,1335576,27933,679449,31130,656127,0,0,34684,773549,0.097948,24170,281746,0.035675,35025,1055295,0.133622,7897587
2,2021-02-11,63204,1398780,29320,708769,33884,690011,0,0,35741,782579,0.099091,27185,308931,0.039117,36215,1091510,0.138208,7897587
2,2021-02-12,64251,1463031,27743,736512,36508,726519,0,0,34442,788036,0.099782,29624,338555,0.042868,35081,1126591,0.14265,7897587
2,2021-02-13,37358,1500389,15686,752198,21672,748191,0,0,21658,794453,0.100594,15617,354172,0.044846,22034,1148625,0.14544,7897587
2,2021-02-14,19857,1520246,9319,761517,10538,758729,0,0,11205,797463,0.100976,8616,362788,0.045937,11626,1160251,0.146912,7897587
2,2021-02-15,32703,1552949,14788,776305,17915,776644,0,0,18282,802262,0.101583,14321,377109,0.04775,19120,1179371,0.149333,7897587
2,2021-02-16,55531,1608480,27567,803872,27964,804608,0,0,29270,806213,0.102083,26188,403297,0.051066,30139,1209510,0.153149,7897587
2,2021-02-17,60719,1669199,31507,835379,29212,833820,0,0,30174,807030,0.102187,30498,433795,0.054928,31315,1240825,0.157114,7897587
2,2021-02-18,65108,1734307,33233,868612,31875,865695,0,0,31944,807491,0.102245,32981,466776,0.059104,33442,1274267,0.161349,7897587
2,2021-02-19,58291,1792598,32472,901084,25819,891514,0,0,29069,808155,0.102329,29106,495882,0.062789,29770,1304037,0.165118,7897587
2,2021-02-20,36667,1829265,23964,925048,12703,904217,0,0,19956,812457,0.102874,16648,512530,0.064897,20950,1324987,0.167771,7897587
2,2021-02-21,17770,1847035,14354,939402,3416,907633,0,0,8733,813596,0.103018,8982,521512,0.066034,10121,1335108,0.169053,7897587
2,2021-02-22,36923,1883958,25442,964844,11481,919114,0,0,17704,813420,0.102996,19133,540645,0.068457,18957,1354065,0.171453,7897587
2,2021-02-23,50424,1934382,25763,990607,24661,943775,0,0,22160,810215,0.10259,28102,568747,0.072015,24897,1378962,0.174605,7897587
2,2021-02-24,67558,2001940,34803,1025410,32755,976530,0,0,31212,808535,0.102377,36224,604971,0.076602,34544,1413506,0.178979,7897587
2,2021-02-25,72662,2074602,34030,1059440,38632,1015162,0,0,36895,813482,0.103004,35576,640547,0.081107,40523,1454029,0.184111,7897587
2,2021-02-26,80919,2155521,34707,1094147,46212,1061374,0,0,43903,822855,0.104191,36797,677344,0.085766,46170,1500199,0.189957,7897587
2,2021-02-27,58443,2213964,26586,1120733,31853,1093227,4,4,31903,829886,0.105081,26371,703715,0.089105,33402,1533601,0.194186,7897587
2,2021-02-28,28807,2242771,17281,1138014,11525,1104752,1,5,16851,836451,0.105912,11884,715599,0.09061,18449,1552050,0.196522,7897587
2,2021-03-01,54938,2297709,28837,1166851,26086,1130838,15,20,30090,843751,0.106837,24673,740272,0.093734,31973,1584023,0.200571,7897587
2,2021-03-02,64149,2361858,29762,1196613,34383,1165221,4,24,35828,854421,0.108188,28227,768499,0.097308,38897,1622920,0.205496,7897587
2,2021-03-03,77212,2439070,37320,1233933,39886,1205107,6,30,43421,867366,0.109827,33642,802141,0.101568,46587,1669507,0.211395,7897587
2,2021-03-04,84516,2523586,41171,1275104,43319,1248426,26,56,49089,884004,0.111933,35283,837424,0.106035,51921,1721428,0.217969,7897587
2,2021-03-05,78015,2601601,36520,1311624,41202,1289628,293,349,47779,904445,0.114522,30072,867496,0.109843,50513,1771941,0.224365,7897587
2,2021-03-06,60999,2662600,29696,1341320,29651,1319279,1652,2001,37433,921656,0.116701,23476,890972,0.112816,40687,1812628,0.229517,7897587
2,2021-03-07,26705,2689305,15458,1356778,10311,1329590,936,2937,17093,931535,0.117952,9557,900529,0.114026,19436,1832064,0.231978,7897587
2,2021-03-08,48662,2737967,22202,1378980,24045,1353635,2415,5352,30648,948323,0.120078,17922,918451,0.116295,34710,1866774,0.236373,7897587
2,2021-03-09,62652,2800619,25743,1404723,33174,1386809,3735,9087,33331,958125,0.121319,29213,947664,0.119994,39015,1905789,0.241313,7897587
2,2021-03-10,74376,2874995,34877,1439600,33344,1420153,6155,15242,39449,970785,0.122922,34765,982429,0.124396,47425,1953214,0.247318,7897587
2,2021-03-11,90240,2965235,41432,1481032,40698,1460851,8110,23352,47551,985915,0.124837,42456,1024885,0.129772,57586,2010800,0.254609,7897587
2,2021-03-12,91228,3056463,37555,1518587,41911,1502762,11762,35114,45778,999552,0.126564,45291,1070176,0.135507,58928,2069728,0.262071,7897587
2,2021-03-13,66959,3123422,28011,1546598,31157,1533919,7791,42905,36995,1015777,0.128619,29869,1100045,0.139289,46094,2115822,0.267907,7897587
2,2021-03-14,35315,3158737,17741,1564339,13148,1547067,4426,47331,18644,1023032,0.129537,16599,1116644,0.141391,23854,2139676,0.270928,7897587
2,2021-03-15,65886,3224623,29655,1593994,31307,1578374,4924,52255,36629,1036636,0.13126,29083,1145727,0.145073,42687,2182363,0.276333,7897587
2,2021-03-16,84622,3309245,37273,1631267,43423,1621797,3926,56181,51957,1061425,0.134399,32525,1178252,0.149191,57314,2239677,0.28359,7897587
2,2021-03-17,90135,3399380,43177,1674444,43008,1664805,3950,60131,57682,1091909,0.138259,32255,1210507,0.153276,62739,2302416,0.291534,7897587
2,2021-03-18,94669,3494049,44668,1719112,45616,1710421,4385,64516,58611,1120130,0.141832,35804,1246311,0.157809,64025,2366441,0.299641,7897587
2,2021-03-19,94887,3588936,44629,1763741,44259,1754680,5999,70515,57186,1146556,0.145178,37477,1283788,0.162554,63903,2430344,0.307732,7897587
2,2021-03-20,68142,3657078,32657,1796398,31628,1786308,3857,74372,45482,1173956,0.148647,22482,1306270,0.165401,49882,2480226,0.314049,7897587
2,2021-03-21,32370,3689448,20826,1817224,9593,1795901,1951,76323,20565,1185675,0.150131,11723,1317993,0.166886,23442,2503668,0.317017,7897587
2,2021-03-22,61263,3750711,33570,1850794,25149,1821050,2544,78867,41550,1211304,0.153376,19561,1337554,0.169362,45190,2548858,0.322739,7897587
2,2021-03-23,81395,3832106,42886,1893680,35709,1856759,2800,81667,53814,1241494,0.157199,27374,1364928,0.172828,57564,2606422,0.330028,7897587
2,2021-03-24,89443,3921549,48185,1941865,38206,1894965,3052,84719,53716,1264144,0.160067,35492,1400420,0.177323,58142,2664564,0.33739,7897587
2,2021-03-25,98228,4019777,49173,1991038,45334,1940299,3721,88440,56805,1284283,0.162617,41165,1441585,0.182535,61304,2725868,0.345152,7897587
2,2021-03-26,100208,4119985,49601,2040639,47203,1987502,3404,91844,56628,1302135,0.164878,43286,1484871,0.188016,61138,2787006,0.352893,7897587
2,2021-03-27,73472,4193457,36504,2077143,33763,2021265,3205,95049,37993,1308904,0.165735,35305,1520176,0.192486,42074,2829080,0.358221,7897587
2,2021-03-28,36677,4230134,22439,2099582,13435,2034700,803,95852,20718,1315292,0.166544,15871,1536047,0.194496,22259,2851339,0.361039,7897587
2,2021-03-29,69473,4299607,35382,2134964,31922,2066622,2169,98021,40755,1330533,0.168473,28580,1564627,0.198115,43821,2895160,0.366588,7897587
2,2021-03-30,89138,4388745,43326,2178290,41821,2108443,3991,102012,54950,1356047,0.171704,34038,1598665,0.202424,59552,2954712,0.374128,7897587
2,2021-03-31,98476,4487221,50619,2228909,42999,2151442,4858,106870,58368,1379752,0.174706,39911,1638576,0.207478,63616,3018328,0.382184,7897587
2,2021-04-01,113380,4600601,54650,2283559,50159,2201601,8571,115441,62522,1400700,0.177358,50637,1689213,0.21389,71585,3089913,0.391248,7897587
2,2021-04-02,108064,4708665,49916,2333475,48497,2250098,9651,125092,58942,1420962,0.179924,48828,1738041,0.220072,69090,3159003,0.399996,7897587
2,2021-04-03,74214,4782879,36313,2369788,28538,2278636,9363,134455,37272,1431348,0.181239,36775,1774816,0.224729,47161,3206164,0.405968,7897587
2,2021-04-04,28566,4811445,14690,2384478,10106,2288742,3770,138225,13154,1433004,0.181448,15353,1790169,0.226673,17009,3223173,0.408121,7897587
2,2021-04-05,77150,4888595,38162,2422640,30554,2319296,8434,146659,38208,1441736,0.182554,38831,1829000,0.23159,47563,3270736,0.414144,7897587
2,2021-04-06,101151,4989746,49477,2472117,37501,2356797,14173,160832,48751,1453178,0.184003,52198,1881198,0.238199,63640,3334376,0.422202,7897587
2,2021-04-07,107895,5097641,54088,2526205,38027,2394824,15780,176612,51659,1465476,0.18556,56027,1937225,0.245293,68325,3402701,0.430853,7897587
2,2021-04-08,116172,5213813,56217,2582422,41851,2436675,18104,194716,54617,1477549,0.187089,61326,1998551,0.253058,73399,3476100,0.440147,7897587
2,2021-04-09,115341,5329154,55785,2638207,42066,2478741,17490,212206,55230,1491589,0.188866,59846,2058397,0.260636,73886,3549986,0.449503,7897587
2,2021-04-10,83918,5413072,36709,2674916,29590,2508331,17619,229825,35031,1496320,0.189465,48734,2107131,0.266807,53465,3603451,0.456272,7897587
2,2021-04-11,42591,5455663,22280,2697196,11988,2520319,8323,238148,17705,1498581,0.189752,24804,2131935,0.269948,27065,3630516,0.459699,7897587
2,2021-04-12,78093,5533756,36480,2733676,32537,2552856,9076,247224,35298,1501383,0.190107,42590,2174525,0.27534,45392,3675908,0.465447,7897587
2,2021-04-13,98874,5632630,51212,2784888,47424,2600280,238,247462,54424,1512983,0.191575,44250,2218775,0.280943,55850,3731758,0.472519,7897587
2,2021-04-14,103323,5735953,54245,2839133,49036,2649316,42,247504,53566,1519029,0.192341,49551,2268326,0.287218,55597,3787355,0.479559,7897587
2,2021-04-15,108581,5844534,57891,2897024,50628,2699944,62,247566,57327,1527154,0.19337,50968,2319294,0.293671,59093,3846448,0.487041,7897587
2,2021-04-16,106500,5951034,55552,2952576,50900,2750844,48,247614,54593,1531337,0.193899,51682,2370976,0.300215,55865,3902313,0.494115,7897587
2,2021-04-17,78491,6029525,40357,2992933,38124,2788968,10,247624,43648,1541443,0.195179,34679,2405655,0.304606,44785,3947098,0.499785,7897587
2,2021-04-18,33270,6062795,19842,3012775,13426,2802394,2,247626,16203,1541865,0.195232,16993,2422648,0.306758,17415,3964513,0.50199,7897587
2,2021-04-19,72254,6135049,39164,3051939,33084,2835478,6,247632,33214,1537191,0.194641,38869,2461517,0.31168,34195,3998708,0.50632,7897587
2,2021-04-20,92871,6227920,46235,3098174,46622,2882100,14,247646,45579,1537465,0.194675,47060,2508577,0.317638,47334,4046042,0.512314,7897587
2,2021-04-21,96882,6324802,51463,3149637,45362,2927462,57,247703,46363,1535601,0.194439,50235,2558812,0.323999,48371,4094413,0.518438,7897587
2,2021-04-22,99934,6424736,51257,3200894,48662,2976124,15,247718,44474,1527293,0.193387,55188,2614000,0.330987,46880,4141293,0.524374,7897587
2,2021-04-23,95493,6520229,50605,3251499,44875,3020999,13,247731,43804,1522393,0.192767,51446,2665446,0.337501,46546,4187839,0.530268,7897587
2,2021-04-24,67161,6587390,39864,3291363,27264,3048263,33,247764,35764,1529213,0.19363,31267,2696713,0.34146,38087,4225926,0.535091,7897587
2,2021-04-25,28215,6615605,16838,3308201,11369,3059632,8,247772,15033,1531929,0.193974,13122,2709835,0.343122,15838,4241764,0.537096,7897587
2,2021-04-26,55377,6670982,30451,3338652,24692,3084324,234,248006,25590,1530905,0.193845,29640,2739475,0.346875,28616,4270380,0.54072,7897587
2,2021-04-27,43487,6714469,23971,3362623,19048,3103372,468,248474,17899,1525704,0.193186,25480,2764955,0.350101,20279,4290659,0.543287,7897587
3,2020-12-15,303,303,303,303,0,0,0,0,303,303,3.9e-05,0,0,0.0,303,303,3.9e-05,7688185
3,2020-12-16,2204,2507,2204,2507,0,0,0,0,2204,2507,0.000326,0,0,0.0,2204,2507,0.000326,7688185
3,2020-12-17,7602,10109,7602,10109,0,0,0,0,7602,10109,0.001315,0,0,0.0,7602,10109,0.001315,7688185
3,2020-12-18,12805,22914,12794,22903,11,11,0,0,12805,22914,0.00298,0,0,0.0,12805,22914,0.00298,7688185
3,2020-12-19,7033,29947,7022,29925,11,22,0,0,7097,30011,0.003904,0,0,0.0,7097,30011,0.003904,7688185
3,2020-12-20,5478,35425,5470,35395,8,30,0,0,5524,35534,0.004622,1,1,0.0,5524,35535,0.004622,7688185
3,2020-12-21,14257,49682,14236,49631,21,51,0,0,14322,49855,0.006485,1,2,0.0,14322,49857,0.006485,7688185
3,2020-12-22,14607,64289,14042,63673,565,616,0,0,14646,64501,0.00839,0,2,0.0,14646,64503,0.00839,7688185
3,2020-12-23,14646,78935,12065,75738,2581,3197,0,0,14672,79173,0.010298,0,2,0.0,14672,79175,0.010298,7688185
3,2020-12-24,6756,85691,4853,80591,1903,5100,0,0,6754,85926,0.011176,1,3,0.0,6754,85929,0.011177,7688185
3,2020-12-25,717,86408,663,81254,54,5154,0,0,716,86642,0.011269,0,3,0.0,716,86645,0.01127,7688185
3,2020-12-26,4595,91003,2983,84237,1612,6766,0,0,4593,91235,0.011867,0,3,0.0,4593,91238,0.011867,7688185
3,2020-12-27,2950,93953,1832,86069,1118,7884,0,0,2951,94186,0.012251,0,3,0.0,2951,94189,0.012251,7688185
3,2020-12-28,13455,107408,8605,94674,4850,12734,0,0,13483,107668,0.014004,1,4,1e-06,13483,107672,0.014005,7688185
3,2020-12-29,14879,122287,8411,103085,6468,19202,0,0,14909,122575,0.015943,2,6,1e-06,14909,122581,0.015944,7688185
3,2020-12-30,17919,140206,10034,113119,7885,27087,0,0,17909,140484,0.018273,0,6,1e-06,17909,140490,0.018273,7688185
3,2020-12-31,8258,148464,3166,116285,5092,32179,0,0,8258,148741,0.019347,1,7,1e-06,8258,148748,0.019348,7688185
3,2021-01-01,1138,149602,515,116800,623,32802,0,0,1135,149876,0.019494,0,7,1e-06,1135,149883,0.019495,7688185
3,2021-01-02,4975,154577,2462,119262,2513,35315,0,0,4975,154851,0.020141,0,7,1e-06,4975,154858,0.020142,7688185
3,2021-01-03,1588,156165,840,120102,748,36063,0,0,1579,156426,0.020346,4,11,1e-06,1579,156437,0.020348,7688185
3,2021-01-04,11932,168097,5976,126078,5956,42019,0,0,11906,168325,0.021894,7,18,2e-06,11906,168343,0.021896,7688185
3,2021-01-05,15526,183623,8013,134091,7513,49532,0,0,13928,180692,0.023503,1583,1601,0.000208,13950,182293,0.023711,7688185
3,2021-01-06,20006,203629,10487,144578,9519,59051,0,0,15772,192275,0.025009,4195,5796,0.000754,15778,198071,0.025763,7688185
3,2021-01-07,25989,229618,14808,159386,11181,70232,0,0,16952,200230,0.026044,9010,14806,0.001926,16965,215036,0.02797,7688185
3,2021-01-08,29853,259471,18309,177695,11544,81776,0,0,17789,205995,0.026794,12044,26850,0.003492,17809,232845,0.030286,7688185
3,2021-01-09,12006,271477,6765,184460,5241,87017,0,0,7707,209414,0.027238,4293,31143,0.004051,7712,240557,0.031289,7688185
3,2021-01-10,7147,278624,4465,188925,2682,89699,0,0,4006,210285,0.027352,3139,34282,0.004459,4010,244567,0.031811,7688185
3,2021-01-11,28591,307215,18700,207625,9891,99590,0,0,16155,214046,0.027841,12430,46712,0.006076,16191,260758,0.033917,7688185
3,2021-01-12,31832,339047,19020,226645,12812,112402,0,0,19478,221269,0.02878,12338,59050,0.007681,19561,280319,0.036461,7688185
3,2021-01-13,34215,373262,17914,244559,16301,128703,0,0,24153,235377,0.030615,10062,69112,0.008989,24170,304489,0.039605,7688185
3,2021-01-14,34236,407498,14069,258628,20167,148870,0,0,28387,257976,0.033555,5819,74931,0.009746,28418,332907,0.043301,7688185
3,2021-01-15,38492,445990,14382,273010,24110,172980,0,0,33903,287356,0.037376,4579,79510,0.010342,33959,366866,0.047718,7688185
3,2021-01-16,21729,467719,7602,280612,14127,187107,0,0,19429,304520,0.039609,2286,81796,0.010639,19450,386316,0.050248,7688185
3,2021-01-17,13090,480809,4461,285073,8629,195736,0,0,12069,315586,0.041048,1021,82817,0.010772,12087,398403,0.05182,7688185
3,2021-01-18,24508,505317,12746,297819,11762,207498,0,0,19031,329160,0.042814,5495,88312,0.011487,19069,417472,0.0543,7688185
3,2021-01-19,40590,545907,20739,318558,19851,227349,0,0,31582,351835,0.045763,8983,97295,0.012655,31658,449130,0.058418,7688185
3,2021-01-20,44493,590400,21822,340380,22671,250020,0,0,35294,378041,0.049172,9158,106453,0.013846,35364,484494,0.063018,7688185
3,2021-01-21,46892,637292,20157,360537,26735,276755,0,0,41529,414338,0.053893,5293,111746,0.014535,41590,526084,0.068428,7688185
3,2021-01-22,49015,686307,19514,380051,29501,306256,0,0,44931,455238,0.059213,4096,115842,0.015068,44996,571080,0.07428,7688185
3,2021-01-23,29924,716231,12690,392741,17234,323490,0,0,26626,478618,0.062254,3287,119129,0.015495,26667,597747,0.077749,7688185
3,2021-01-24,17583,733814,8474,401215,9109,332599,0,0,16441,493944,0.064247,1138,120267,0.015643,16464,614211,0.07989,7688185
3,2021-01-25,40164,773978,17974,419189,22190,354789,0,0,30395,514664,0.066942,9753,130020,0.016912,30473,644684,0.083854,7688185
3,2021-01-26,46416,820394,22121,441310,24295,379084,0,0,36524,541401,0.07042,9888,139908,0.018198,36625,681309,0.088618,7688185
3,2021-01-27,50270,870664,24399,465709,25871,404955,0,0,39834,570945,0.074263,10359,150267,0.019545,39903,721212,0.093808,7688185
3,2021-01-28,51149,921813,23731,489440,27418,432373,0,0,42397,604721,0.078656,8671,158938,0.020673,42447,763659,0.099329,7688185
3,2021-01-29,50028,971841,24081,513521,25947,458320,0,0,40655,636248,0.082757,9186,168124,0.021868,40713,804372,0.104624,7688185
3,2021-01-30,36536,1008377,17323,530844,19213,477533,0,0,32016,663871,0.08635,4476,172600,0.02245,32099,836471,0.1088,7688185
3,2021-01-31,22169,1030546,12798,543642,9371,486904,0,0,20709,683142,0.088856,1452,174052,0.022639,20723,857194,0.111495,7688185
3,2021-02-01,44672,1075218,20123,563765,24549,511453,0,0,34608,707761,0.092058,10026,184078,0.023943,34645,891839,0.116001,7688185
3,2021-02-02,53940,1129158,22800,586565,31140,542593,0,0,41308,736567,0.095805,12548,196626,0.025575,41354,933193,0.12138,7688185
3,2021-02-03,59414,1188572,26478,613043,32936,575529,0,0,44353,766077,0.099643,14904,211530,0.027514,44414,977607,0.127157,7688185
3,2021-02-04,63806,1252378,27754,640797,36052,611581,0,0,46887,796332,0.103579,16731,228261,0.02969,46986,1024593,0.133269,7688185
3,2021-02-05,69590,1321968,29659,670456,39931,651512,0,0,48269,823654,0.107132,21114,249375,0.032436,48436,1073029,0.139569,7688185
3,2021-02-06,43361,1365329,21114,691570,22247,673759,0,0,33674,847853,0.11028,9660,259035,0.033693,33859,1106888,0.143973,7688185
3,2021-02-07,19363,1384692,12246,703816,7117,680876,0,0,14909,858443,0.111657,4444,263479,0.034271,15034,1121922,0.145928,7688185
3,2021-02-08,50556,1435248,24346,728162,26210,707086,0,0,33251,874693,0.113771,17184,280663,0.036506,33434,1155356,0.150277,7688185
3,2021-02-09,57924,1493172,28201,756363,29723,736809,0,0,34079,885433,0.115168,23680,304343,0.039586,34420,1189776,0.154754,7688185
3,2021-02-10,67133,1560305,31195,787558,35938,772747,0,0,36517,892082,0.116033,30384,334727,0.043538,37033,1226809,0.159571,7688185
3,2021-02-11,69577,1629882,34300,821858,35277,808024,0,0,37618,898595,0.11688,31631,366358,0.047652,38144,1264953,0.164532,7688185
3,2021-02-12,74167,1704049,32043,853901,42124,850148,0,0,41167,907760,0.118072,32751,399109,0.051912,41916,1306869,0.169984,7688185
3,2021-02-13,44379,1748428,20168,874069,24211,874359,0,0,25622,915349,0.119059,18612,417721,0.054333,26201,1333070,0.173392,7688185
3,2021-02-14,27024,1775452,13511,887580,13513,887872,0,0,15134,919098,0.119547,11846,429567,0.055874,15595,1348665,0.17542,7688185
3,2021-02-15,39452,1814904,17057,904637,22395,910267,0,0,21899,924473,0.120246,17473,447040,0.058146,22848,1371513,0.178392,7688185
3,2021-02-16,68850,1883754,32665,937302,36185,946452,0,0,35976,928741,0.120801,32751,479791,0.062406,37019,1408532,0.183207,7688185
3,2021-02-17,70509,1954263,35834,973136,34675,981127,0,0,33622,926769,0.120545,36697,516488,0.067179,34725,1443257,0.187724,7688185
3,2021-02-18,75548,2029811,39541,1012677,36007,1017134,0,0,35472,923645,0.120138,39961,556449,0.072377,36837,1480094,0.192515,7688185
3,2021-02-19,67214,2097025,38833,1051510,28381,1045515,0,0,34207,925622,0.120395,32922,589371,0.076659,34899,1514993,0.197055,7688185
3,2021-02-20,41005,2138030,25982,1077492,15023,1060538,0,0,21873,928939,0.120827,19050,608421,0.079137,22367,1537360,0.199964,7688185
3,2021-02-21,19485,2157515,15763,1093255,3722,1064260,0,0,9202,928350,0.12075,10220,618641,0.080466,9631,1546991,0.201217,7688185
3,2021-02-22,44465,2201980,29032,1122287,15433,1079693,0,0,21064,926637,0.120527,23327,641968,0.083501,21614,1568605,0.204028,7688185
3,2021-02-23,59247,2261227,32246,1154533,27001,1106694,0,0,26092,921721,0.119888,33040,675008,0.087798,28124,1596729,0.207686,7688185
3,2021-02-24,75494,2336721,36886,1191419,38608,1145302,0,0,33792,916519,0.119211,41550,716558,0.093202,36348,1633077,0.212414,7688185
3,2021-02-25,83837,2420558,40369,1231788,43468,1188770,0,0,42052,919608,0.119613,41586,758144,0.098612,44675,1677752,0.218225,7688185
3,2021-02-26,94387,2514945,43005,1274793,51382,1240152,0,0,50311,928329,0.120747,43777,801921,0.104306,52498,1730250,0.225053,7688185
3,2021-02-27,66212,2581157,29947,1304740,36262,1276414,3,3,35134,933851,0.121466,30921,832842,0.108328,36443,1766693,0.229793,7688185
3,2021-02-28,37311,2618468,21625,1326365,15686,1292100,0,3,19424,936508,0.121811,17766,850608,0.110638,20423,1787116,0.23245,7688185
3,2021-03-01,64747,2683215,34270,1360635,30469,1322569,8,11,36215,945747,0.123013,28394,879002,0.114332,37633,1824749,0.237345,7688185
3,2021-03-02,73969,2757184,35305,1395940,38663,1361232,1,12,42831,959666,0.124823,31029,910031,0.118367,44948,1869697,0.243191,7688185
3,2021-03-03,86287,2843471,40915,1436855,45360,1406592,12,24,48114,972101,0.126441,38019,948050,0.123313,50454,1920151,0.249753,7688185
3,2021-03-04,90477,2933948,44011,1480866,46451,1453043,15,39,51683,987506,0.128445,38619,986669,0.128336,54024,1974175,0.25678,7688185
3,2021-03-05,86825,3020773,42159,1523025,44381,1497424,285,324,53009,1009459,0.1313,33621,1020290,0.132709,55574,2029749,0.264009,7688185
3,2021-03-06,63575,3084348,31923,1554948,29526,1526950,2126,2450,36424,1022525,0.133,27036,1047326,0.136225,40102,2069851,0.269225,7688185
3,2021-03-07,36274,3120622,21435,1576383,13736,1540686,1103,3553,20783,1030534,0.134041,15452,1062778,0.138235,23461,2093312,0.272276,7688185
3,2021-03-08,57431,3178053,27251,1603634,27381,1568067,2799,6352,36385,1050358,0.13662,20954,1083732,0.140961,40778,2134090,0.27758,7688185
3,2021-03-09,69805,3247858,29543,1633177,35951,1604018,4311,10663,36302,1059318,0.137785,33411,1117143,0.145306,42371,2176461,0.283092,7688185
3,2021-03-10,79551,3327409,39212,1672389,34456,1638474,5883,16546,41233,1070187,0.139199,38170,1155313,0.150271,49039,2225500,0.28947,7688185
3,2021-03-11,94561,3421970,46087,1718476,40089,1678563,8385,24931,46689,1079114,0.14036,47660,1202973,0.15647,56587,2282087,0.29683,7688185
3,2021-03-12,99841,3521811,44482,1762958,43651,1722214,11708,36639,45824,1083946,0.140989,53854,1256827,0.163475,58686,2340773,0.304464,7688185
3,2021-03-13,68201,3590012,28786,1791744,32317,1754531,7098,43737,35989,1096303,0.142596,32124,1288951,0.167653,44481,2385254,0.310249,7688185
3,2021-03-14,40147,3630159,21066,1812810,15621,1770152,3460,47197,21880,1104149,0.143616,18214,1307165,0.170023,26060,2411314,0.313639,7688185
3,2021-03-15,74151,3704310,35166,1847976,34539,1804691,4446,51643,39457,1114505,0.144963,34549,1341714,0.174516,44905,2456219,0.31948,7688185
3,2021-03-16,93466,3797776,42985,1890961,46255,1850946,4226,55869,53484,1133470,0.14743,39809,1381523,0.179694,58774,2514993,0.327124,7688185
3,2021-03-17,95972,3893748,46615,1937576,44993,1895939,4364,60233,58987,1160735,0.150976,36826,1418349,0.184484,64091,2579084,0.335461,7688185
3,2021-03-18,100401,3994149,50594,1988170,45491,1941430,4316,64549,58918,1183525,0.153941,41279,1459628,0.189853,64069,2643153,0.343794,7688185
3,2021-03-19,100108,4094257,53172,2041342,42548,1983978,4388,68937,57203,1203085,0.156485,42713,1502341,0.195409,62273,2705426,0.351894,7688185
3,2021-03-20,70005,4164262,36035,2077377,30428,2014406,3542,72479,44306,1225996,0.159465,25557,1527898,0.198733,48468,2753894,0.358198,7688185
3,2021-03-21,35293,4199555,23977,2101354,9858,2024264,1458,73937,22982,1239000,0.161156,12260,1540158,0.200328,25264,2779158,0.361484,7688185
3,2021-03-22,68531,4268086,40176,2141530,25932,2050196,2423,76360,45021,1264210,0.164435,23363,1563521,0.203367,48573,2827731,0.367802,7688185
3,2021-03-23,87871,4355957,48285,2189815,37175,2087371,2411,78771,57309,1294320,0.168352,30373,1593894,0.207317,60483,2888214,0.375669,7688185
3,2021-03-24,96941,4452898,56012,2245827,38200,2125571,2729,81500,56845,1314949,0.171035,39825,1633719,0.212497,60454,2948668,0.383532,7688185
3,2021-03-25,104442,4557340,57957,2303784,43675,2169246,2810,84310,60409,1335054,0.17365,43783,1677502,0.218192,63888,3012556,0.391842,7688185
3,2021-03-26,107704,4665044,57863,2361647,46660,2215906,3181,87491,57581,1346817,0.17518,49886,1727388,0.224681,61649,3074205,0.399861,7688185
3,2021-03-27,72742,4737786,36843,2398490,33380,2249286,2519,90010,36494,1350419,0.175649,36092,1763480,0.229375,39694,3113899,0.405024,7688185
3,2021-03-28,43116,4780902,27070,2425560,15247,2264533,799,90809,23076,1354833,0.176223,19961,1783441,0.231972,24375,3138274,0.408194,7688185
3,2021-03-29,79085,4859987,41397,2466957,35946,2300479,1742,92551,44892,1368254,0.177968,34014,1817455,0.236396,47435,3185709,0.414364,7688185
3,2021-03-30,97905,4957892,48144,2515101,46321,2346800,3440,95991,59505,1393607,0.181266,38204,1855659,0.241365,63557,3249266,0.422631,7688185
3,2021-03-31,102801,5060693,55490,2570591,42613,2389413,4698,100689,57161,1410321,0.18344,45489,1901148,0.247282,62203,3311469,0.430722,7688185
3,2021-04-01,119988,5180681,60472,2631063,50239,2439652,9277,109966,65572,1431338,0.186174,54211,1955359,0.254333,75228,3386697,0.440507,7688185
3,2021-04-02,114815,5295496,56141,2687204,48806,2488458,9868,119834,61325,1449756,0.188569,53289,2008648,0.261264,71707,3458404,0.449834,7688185
3,2021-04-03,74170,5369666,37769,2724973,27478,2515936,8923,128757,37376,1459765,0.189871,36698,2045346,0.266038,46707,3505111,0.455909,7688185
3,2021-04-04,31920,5401586,17057,2742030,10754,2526690,4109,132866,14266,1460606,0.189981,17599,2062945,0.268327,18440,3523551,0.458307,7688185
3,2021-04-05,86949,5488535,44365,2786395,33759,2560449,8825,141691,43443,1470399,0.191254,43366,2106311,0.273967,53159,3576710,0.465222,7688185
3,2021-04-06,111332,5599867,54399,2840794,42075,2602524,14858,156549,53106,1481183,0.192657,58022,2164333,0.281514,68806,3645516,0.474171,7688185
3,2021-04-07,113822,5713689,59205,2899999,38726,2641250,15891,172440,55720,1495441,0.194512,57901,2222234,0.289045,72159,3717675,0.483557,7688185
3,2021-04-08,118805,5832494,59589,2959588,39665,2680915,19551,191991,55711,1508701,0.196236,62868,2285102,0.297223,76128,3793803,0.493459,7688185
3,2021-04-09,115139,5947633,57611,3017199,38936,2719851,18592,210583,51241,1515878,0.19717,63715,2348817,0.30551,70892,3864695,0.50268,7688185
3,2021-04-10,81520,6029153,36965,3054164,29680,2749531,14875,225458,33447,1517213,0.197343,47937,2396754,0.311745,49272,3913967,0.509089,7688185
3,2021-04-11,43935,6073088,23578,3077742,12589,2762120,7768,233226,16750,1515607,0.197135,27111,2423865,0.315271,25505,3939472,0.512406,7688185
3,2021-04-12,82259,6155347,41862,3119604,31987,2794107,8410,241636,37838,1518695,0.197536,44249,2468114,0.321027,47337,3986809,0.518563,7688185
3,2021-04-13,103244,6258591,55919,3175523,47128,2841235,197,241833,54691,1526344,0.198531,48375,2516489,0.327319,56024,4042833,0.52585,7688185
3,2021-04-14,104009,6362600,57027,3232550,46898,2888133,84,241917,52674,1529855,0.198988,51109,2567598,0.333967,54620,4097453,0.532955,7688185
3,2021-04-15,114611,6477211,64616,3297166,49943,2938076,52,241969,62150,1541070,0.200447,52233,2619831,0.340761,63448,4160901,0.541207,7688185
3,2021-04-16,111991,6589202,62858,3360024,49045,2987121,88,242057,59018,1548241,0.201379,52743,2672574,0.347621,59914,4220815,0.549,7688185
3,2021-04-17,75694,6664896,41527,3401551,34156,3021277,11,242068,41936,1557730,0.202613,33627,2706201,0.351995,43116,4263931,0.554608,7688185
3,2021-04-18,36353,6701249,21446,3422997,14903,3036180,4,242072,17317,1557086,0.20253,18967,2725168,0.354462,18323,4282254,0.556992,7688185
3,2021-04-19,77049,6778298,43160,3466157,33841,3070021,48,242120,35084,1551268,0.201773,41831,2766999,0.359903,36013,4318267,0.561676,7688185
3,2021-04-20,96427,6874725,49710,3515867,46709,3116730,8,242128,47152,1551040,0.201743,49119,2816118,0.366292,48891,4367158,0.568035,7688185
3,2021-04-21,98630,6973355,54390,3570257,44182,3160912,58,242186,46972,1548301,0.201387,51414,2867532,0.372979,48675,4415833,0.574366,7688185
3,2021-04-22,101801,7075156,56827,3627084,44958,3205870,16,242202,44546,1537794,0.20002,57013,2924545,0.380395,46506,4462339,0.580415,7688185
3,2021-04-23,93976,7169132,53821,3680905,40138,3246008,17,242219,41043,1529031,0.198881,52669,2977214,0.387245,43906,4506245,0.586126,7688185
3,2021-04-24,59596,7228728,36385,3717290,23168,3269176,43,242262,28870,1529401,0.198929,30593,3007807,0.391225,30963,4537208,0.590153,7688185
3,2021-04-25,28065,7256793,17521,3734811,10534,3279710,10,242272,13879,1529769,0.198977,14127,3021934,0.393062,14495,4551703,0.592039,7688185
3,2021-04-26,53495,7310288,29314,3764125,23899,3303609,282,242554,22708,1524493,0.19829,30632,3052566,0.397046,25356,4577059,0.595337,7688185
3,2021-04-27,42350,7352638,23185,3787310,18709,3322318,456,243010,15232,1514862,0.197038,27009,3079575,0.400559,17378,4594437,0.597597,7688185
4,2020-12-15,444,444,444,444,0,0,0,0,444,444,5.9e-05,0,0,0.0,444,444,5.9e-05,7584050
4,2020-12-16,2956,3400,2956,3400,0,0,0,0,2956,3400,0.000448,0,0,0.0,2956,3400,0.000448,7584050
4,2020-12-17,8517,11917,8517,11917,0,0,0,0,8517,11917,0.001571,0,0,0.0,8517,11917,0.001571,7584050
4,2020-12-18,15366,27283,15356,27273,10,10,0,0,15366,27283,0.003597,0,0,0.0,15366,27283,0.003597,7584050
4,2020-12-19,10230,37513,10223,37496,7,17,0,0,10165,37448,0.004938,0,0,0.0,10165,37448,0.004938,7584050
4,2020-12-20,7360,44873,7348,44844,12,29,0,0,7315,44763,0.005902,0,0,0.0,7315,44763,0.005902,7584050
4,2020-12-21,16267,61140,16243,61087,24,53,0,0,16200,60963,0.008038,0,0,0.0,16200,60963,0.008038,7584050
4,2020-12-22,17089,78229,16358,77445,731,784,0,0,17045,78008,0.010286,0,0,0.0,17045,78008,0.010286,7584050
4,2020-12-23,16882,95111,14206,91651,2676,3460,0,0,16853,94861,0.012508,0,0,0.0,16853,94861,0.012508,7584050
4,2020-12-24,8523,103634,5948,97599,2575,6035,0,0,8523,103384,0.013632,0,0,0.0,8523,103384,0.013632,7584050
4,2020-12-25,898,104532,793,98392,105,6140,0,0,898,104282,0.01375,0,0,0.0,898,104282,0.01375,7584050
4,2020-12-26,6159,110691,3858,102250,2301,8441,0,0,6159,110441,0.014562,0,0,0.0,6159,110441,0.014562,7584050
4,2020-12-27,3418,114109,1997,104247,1421,9862,0,0,3418,113859,0.015013,0,0,0.0,3418,113859,0.015013,7584050
4,2020-12-28,14944,129053,9231,113478,5713,15575,0,0,14914,128772,0.016979,1,1,0.0,14914,128773,0.016979,7584050
4,2020-12-29,15212,144265,8419,121897,6793,22368,0,0,15178,143950,0.018981,0,1,0.0,15178,143951,0.018981,7584050
4,2020-12-30,18846,163111,11060,132957,7786,30154,0,0,18835,162783,0.021464,2,3,0.0,18835,162786,0.021464,7584050
4,2020-12-31,8178,171289,3310,136267,4868,35022,0,0,8173,170954,0.022541,2,5,1e-06,8173,170959,0.022542,7584050
4,2021-01-01,1171,172460,488,136755,683,35705,0,0,1169,172121,0.022695,2,7,1e-06,1169,172128,0.022696,7584050
4,2021-01-02,5640,178100,3186,139941,2454,38159,0,0,5639,177759,0.023439,1,8,1e-06,5639,177767,0.02344,7584050
4,2021-01-03,2107,180207,1249,141190,858,39017,0,0,2093,179848,0.023714,4,12,2e-06,2093,179860,0.023716,7584050
4,2021-01-04,12916,193123,7043,148233,5873,44890,0,0,12868,192685,0.025407,31,43,6e-06,12868,192728,0.025412,7584050
4,2021-01-05,16664,209787,9849,158082,6815,51705,0,0,14640,205334,0.027074,2002,2045,0.00027,14651,207379,0.027344,7584050
4,2021-01-06,21417,231204,13144,171226,8273,59978,0,0,15585,215152,0.028369,5778,7823,0.001032,15596,222975,0.029401,7584050
4,2021-01-07,27704,258908,16897,188123,10807,70785,0,0,16943,221400,0.029193,10707,18530,0.002443,16955,239930,0.031636,7584050
4,2021-01-08,32548,291456,20908,209031,11640,82425,0,0,18423,225782,0.029771,14056,32586,0.004297,18438,258368,0.034067,7584050
4,2021-01-09,16024,307480,9467,218498,6557,88982,0,0,9377,228543,0.030135,6627,39213,0.00517,9388,267756,0.035305,7584050
4,2021-01-10,8691,316171,5620,224118,3071,92053,0,0,4089,228058,0.030071,4581,43794,0.005774,4096,271852,0.035845,7584050
4,2021-01-11,33194,349365,21740,245858,11454,103507,0,0,18729,232393,0.030642,14426,58220,0.007677,18761,290613,0.038319,7584050
4,2021-01-12,37978,387343,21791,267649,16187,119694,0,0,23969,242440,0.031967,13959,72179,0.009517,24006,314619,0.041484,7584050
4,2021-01-13,38320,425663,18853,286502,19467,139161,0,0,27163,258523,0.034088,11104,83283,0.010981,27187,341806,0.045069,7584050
4,2021-01-14,38755,464418,14768,301270,23987,163148,0,0,31723,283288,0.037353,6984,90267,0.011902,31749,373555,0.049255,7584050
4,2021-01-15,44982,509400,15573,316843,29409,192557,0,0,39480,317340,0.041843,5448,95715,0.012621,39500,413055,0.054464,7584050
4,2021-01-16,28489,537889,9324,326167,19165,211722,0,0,25390,339681,0.044789,3063,98778,0.013024,25404,438459,0.057813,7584050
4,2021-01-17,18934,556823,6636,332803,12298,224020,0,0,17426,355638,0.046893,1483,100261,0.01322,17440,455899,0.060113,7584050
4,2021-01-18,29099,585922,13359,346162,15740,239760,0,0,23153,372974,0.049179,5848,106109,0.013991,23184,479083,0.06317,7584050
4,2021-01-19,45905,631827,23153,369315,22752,262512,0,0,36630,400457,0.052803,9218,115327,0.015207,36701,515784,0.068009,7584050
4,2021-01-20,51107,682934,26978,396293,24129,286641,0,0,40776,431046,0.056836,10237,125564,0.016556,40826,556610,0.073392,7584050
4,2021-01-21,55899,738833,24634,420927,31265,317906,0,0,49605,474456,0.06256,6232,131796,0.017378,49642,606252,0.079938,7584050
4,2021-01-22,54678,793511,21948,442875,32730,350636,0,0,49617,519141,0.068452,4962,136758,0.018032,49647,655899,0.086484,7584050
4,2021-01-23,39341,832852,17395,460270,21946,372582,0,0,35058,549953,0.072514,4274,141032,0.018596,35086,690985,0.09111,7584050
4,2021-01-24,23878,856730,10482,470752,13396,385978,0,0,22015,570128,0.075175,1855,142887,0.01884,22030,713015,0.094015,7584050
4,2021-01-25,47487,904217,21941,492693,25546,411524,0,0,36523,595767,0.078555,10938,153825,0.020283,36577,749592,0.098838,7584050
4,2021-01-26,56109,960326,28623,521316,27486,439010,0,0,44112,627992,0.082804,11942,165767,0.021857,44167,793759,0.104662,7584050
4,2021-01-27,55035,1015361,26609,547925,28426,467436,0,0,44153,661453,0.087216,10748,176515,0.023275,44209,837968,0.110491,7584050
4,2021-01-28,55962,1071323,25254,573179,30708,498144,0,0,46148,697924,0.092025,9726,186241,0.024557,46197,884165,0.116582,7584050
4,2021-01-29,55935,1127258,26891,600070,29044,527188,0,0,45717,733603,0.09673,10080,196321,0.025886,45759,929924,0.122616,7584050
4,2021-01-30,37431,1164689,17032,617102,20399,547587,0,0,32211,760671,0.100299,5172,201493,0.026568,32240,962164,0.126867,7584050
4,2021-01-31,23751,1188440,12478,629580,11273,558860,0,0,22164,781275,0.103016,1571,203064,0.026775,22175,984339,0.129791,7584050
4,2021-02-01,48032,1236472,22652,652232,25380,584240,0,0,37807,808922,0.106661,10199,213263,0.02812,37846,1022185,0.134781,7584050
4,2021-02-02,55651,1292123,26277,678509,29374,613614,0,0,42034,837512,0.110431,13485,226748,0.029898,42075,1064260,0.140329,7584050
4,2021-02-03,61630,1353753,30289,708798,31341,644955,0,0,47528,871097,0.114859,13998,240746,0.031744,47583,1111843,0.146603,7584050
4,2021-02-04,67088,1420841,31280,740078,35808,680763,0,0,50565,905393,0.119381,16370,257116,0.033902,50666,1162509,0.153283,7584050
4,2021-02-05,72473,1493314,33581,773659,38892,719655,0,0,50685,934659,0.12324,21547,278663,0.036743,50813,1213322,0.159983,7584050
4,2021-02-06,47921,1541235,25943,799602,21978,741633,0,0,36539,960044,0.126587,11354,290017,0.03824,36739,1250061,0.164828,7584050
4,2021-02-07,26208,1567443,17286,816888,8922,750555,0,0,19873,973849,0.128408,6301,296318,0.039071,20106,1270167,0.167479,7584050
4,2021-02-08,58014,1625457,29788,846676,28226,778781,0,0,37821,991858,0.130782,20068,316386,0.041717,38077,1308244,0.172499,7584050
4,2021-02-09,66697,1692154,33974,880650,32723,811504,0,0,39247,1004111,0.132398,27390,343776,0.045329,39643,1347887,0.177727,7584050
4,2021-02-10,76709,1768863,38389,919039,38320,849824,0,0,41036,1010224,0.133204,35452,379228,0.050003,41565,1389452,0.183207,7584050
4,2021-02-11,80396,1849259,41923,960962,38473,888297,0,0,41810,1014307,0.133742,38384,417612,0.055065,42467,1431919,0.188807,7584050
4,2021-02-12,83547,1932806,37440,998402,46107,934404,0,0,43224,1018137,0.134247,40173,457785,0.060362,44003,1475922,0.194609,7584050
4,2021-02-13,58228,1991034,29526,1027928,28702,963106,0,0,29775,1020454,0.134553,28344,486129,0.064099,30661,1506583,0.198652,7584050
4,2021-02-14,36555,2027589,19000,1046928,17555,980661,0,0,18786,1022177,0.13478,17732,503861,0.066437,19455,1526038,0.201217,7584050
4,2021-02-15,45692,2073281,21450,1068378,24242,1004903,0,0,23585,1024916,0.135141,22040,525901,0.069343,24779,1550817,0.204484,7584050
4,2021-02-16,79160,2152441,36252,1104630,42908,1047811,0,0,40505,1028111,0.135562,38571,564472,0.074429,41766,1592583,0.209991,7584050
4,2021-02-17,80115,2232556,37850,1142480,42265,1090076,0,0,38427,1026159,0.135305,41545,606017,0.079907,39593,1632176,0.215212,7584050
4,2021-02-18,82178,2314734,45333,1187813,36845,1126921,0,0,38344,1022292,0.134795,43707,649724,0.08567,39840,1672016,0.220465,7584050
4,2021-02-19,80884,2395618,50873,1238686,30011,1156932,0,0,40798,1023824,0.134997,39958,689682,0.090938,41490,1713506,0.225935,7584050
4,2021-02-20,47675,2443293,32071,1270757,15604,1172536,0,0,26317,1029518,0.135748,21314,710996,0.093749,27008,1740514,0.229497,7584050
4,2021-02-21,25522,2468815,19952,1290709,5570,1178106,0,0,11592,1027549,0.135488,13881,724877,0.095579,11912,1752426,0.231067,7584050
4,2021-02-22,51974,2520789,35779,1326488,16195,1194301,0,0,25311,1026785,0.135387,26583,751460,0.099084,25819,1778245,0.234472,7584050
4,2021-02-23,72108,2592897,39777,1366265,32331,1226632,0,0,31748,1020006,0.134494,40257,791717,0.104392,33478,1811723,0.238886,7584050
4,2021-02-24,87235,2680132,45880,1412145,41355,1267987,0,0,39575,1014280,0.133739,47481,839198,0.110653,41755,1853478,0.244392,7584050
4,2021-02-25,97374,2777506,50583,1462728,46791,1314778,0,0,46759,1013146,0.133589,50474,889672,0.117308,49340,1902818,0.250897,7584050
4,2021-02-26,103599,2881105,52193,1514921,51406,1366184,0,0,53559,1019200,0.134387,49835,939507,0.123879,55889,1958707,0.258267,7584050
4,2021-02-27,74577,2955682,40303,1555224,34268,1400452,6,6,39892,1025999,0.135284,34574,974081,0.128438,41373,2000080,0.263722,7584050
4,2021-02-28,44781,3000463,27752,1582976,17028,1417480,1,7,24991,1032254,0.136109,19678,993759,0.131033,25933,2026013,0.267141,7584050
4,2021-03-01,74190,3074653,43306,1626282,30874,1448354,10,17,41078,1041661,0.137349,32933,1026692,0.135375,42340,2068353,0.272724,7584050
4,2021-03-02,80159,3154812,44716,1670998,35440,1483794,3,20,47064,1057603,0.139451,32966,1059658,0.139722,48908,2117261,0.279173,7584050
4,2021-03-03,97496,3252308,51392,1722390,46098,1529892,6,26,54247,1070603,0.141165,43080,1102738,0.145402,56080,2173341,0.286567,7584050
4,2021-03-04,94934,3347242,52655,1775045,42267,1572159,12,38,52215,1082100,0.142681,42541,1145279,0.151012,54038,2227379,0.293693,7584050
4,2021-03-05,92039,3439281,49209,1824254,42522,1614681,308,346,54571,1101633,0.145257,37307,1182586,0.155931,56840,2284219,0.301187,7584050
4,2021-03-06,74631,3513912,41777,1866031,30253,1644934,2601,2947,45643,1122431,0.147999,28894,1211480,0.159741,49692,2333911,0.307739,7584050
4,2021-03-07,41225,3555137,26145,1892176,13937,1658871,1143,4090,24491,1132645,0.149346,16685,1228165,0.161941,26899,2360810,0.311286,7584050
4,2021-03-08,64803,3619940,33608,1925784,28033,1686904,3162,7252,42613,1157671,0.152645,22094,1250259,0.164854,47120,2407930,0.317499,7584050
4,2021-03-09,73287,3693227,33896,1959680,34317,1721221,5074,12326,37974,1166883,0.15386,35177,1285436,0.169492,44389,2452319,0.323352,7584050
4,2021-03-10,87686,3780913,44515,2004195,35854,1757075,7317,19643,43950,1175763,0.155031,43604,1329040,0.175241,52484,2504803,0.330272,7584050
4,2021-03-11,99157,3880070,52183,2056378,38757,1795832,8217,27860,45953,1178234,0.155357,53030,1382070,0.182234,55501,2560304,0.337591,7584050
4,2021-03-12,102998,3983068,50742,2107120,42114,1837946,10142,38002,44134,1174808,0.154905,58660,1440730,0.189968,55234,2615538,0.344874,7584050
4,2021-03-13,79547,4062615,36946,2144066,34330,1872276,8271,46273,37423,1179652,0.155544,42019,1482749,0.195509,46863,2662401,0.351053,7584050
4,2021-03-14,48881,4111496,27808,2171874,17502,1889778,3571,49844,25141,1185341,0.156294,23672,1506421,0.19863,29361,2691762,0.354924,7584050
4,2021-03-15,82755,4194251,44279,2216153,34299,1924077,4177,54021,42805,1193399,0.157356,39773,1546194,0.203874,47831,2739593,0.361231,7584050
4,2021-03-16,106193,4300444,55059,2271212,47793,1971870,3341,57362,57119,1205829,0.158995,48886,1595080,0.21032,61316,2800909,0.369316,7584050
4,2021-03-17,104608,4405052,56240,2327452,45001,2016871,3367,60729,61738,1228884,0.162035,42672,1637752,0.215947,65727,2866636,0.377982,7584050
4,2021-03-18,104628,4509680,57820,2385272,43216,2060087,3592,64321,60252,1249085,0.164699,44166,1681918,0.22177,64367,2931003,0.386469,7584050
4,2021-03-19,108624,4618304,62073,2447345,41468,2101555,5083,69404,63014,1272297,0.16776,45419,1727337,0.227759,68631,2999634,0.395519,7584050
4,2021-03-20,82006,4700310,47846,2495191,31214,2132769,2946,72350,51296,1296368,0.170933,30602,1757939,0.231794,54673,3054307,0.402728,7584050
4,2021-03-21,47187,4747497,34157,2529348,10802,2143571,2228,74578,28839,1309961,0.172726,18268,1776207,0.234203,31861,3086168,0.406929,7584050
4,2021-03-22,80521,4828018,52663,2582011,25230,2168801,2628,77206,51439,1336044,0.176165,28920,1805127,0.238016,55003,3141171,0.414181,7584050
4,2021-03-23,102693,4930711,61216,2643227,39410,2208211,2067,79273,64460,1365131,0.18,38007,1843134,0.243028,67094,3208265,0.423028,7584050
4,2021-03-24,111725,5042436,72219,2715446,37211,2245422,2295,81568,64326,1385373,0.182669,47036,1890170,0.24923,67278,3275543,0.431899,7584050
4,2021-03-25,114773,5157209,70606,2786052,41877,2287299,2290,83858,66914,1407588,0.185598,47475,1937645,0.255489,69690,3345233,0.441088,7584050
4,2021-03-26,117501,5274710,71350,2857402,43168,2330467,2983,86841,65980,1425953,0.18802,51243,1988888,0.262246,69608,3414841,0.450266,7584050
4,2021-03-27,89812,5364522,53133,2910535,34907,2365374,1772,88613,46833,1432243,0.188849,42798,2031686,0.267889,49088,3463929,0.456739,7584050
4,2021-03-28,54767,5419289,36042,2946577,17861,2383235,864,89477,30650,1440055,0.189879,24017,2055703,0.271056,31829,3495758,0.460936,7584050
4,2021-03-29,92015,5511304,55330,3001907,34691,2417926,1994,91471,51495,1453742,0.191684,40348,2096051,0.276376,54035,3549793,0.46806,7584050
4,2021-03-30,115179,5626483,62710,3064617,48413,2466339,4056,95527,73825,1490879,0.196581,41192,2137243,0.281808,78329,3628122,0.478388,7584050
4,2021-03-31,118934,5745417,70360,3134977,42412,2508751,6162,101689,69033,1516638,0.199977,49665,2186908,0.288356,75424,3703546,0.488334,7584050
4,2021-04-01,139324,5884741,79751,3214728,46834,2555585,12739,114428,82833,1556246,0.2052,56259,2243167,0.295774,95867,3799413,0.500974,7584050
4,2021-04-02,133597,6018338,71716,3286444,48860,2604445,13021,127449,77705,1591683,0.209872,55681,2298848,0.303116,91118,3890531,0.512989,7584050
4,2021-04-03,99158,6117496,52863,3339307,33274,2637719,13021,140470,52116,1610277,0.212324,46898,2345746,0.3093,65492,3956023,0.521624,7584050
4,2021-04-04,46216,6163712,24391,3363698,14440,2652159,7385,147855,20489,1612558,0.212625,25667,2371413,0.312684,27948,3983971,0.525309,7584050
4,2021-04-05,106743,6270455,60696,3424394,33633,2685792,12414,160269,56545,1632109,0.215203,50063,2421476,0.319285,69614,4053585,0.534488,7584050
4,2021-04-06,136625,6407080,77104,3501498,40047,2725839,19474,179743,71496,1658924,0.218739,64961,2486437,0.327851,91776,4145361,0.546589,7584050
4,2021-04-07,134998,6542078,76714,3578212,37948,2763787,20336,200079,70332,1685684,0.222267,64478,2550915,0.336353,91238,4236599,0.55862,7584050
4,2021-04-08,136835,6678913,76623,3654835,35451,2799238,24761,224840,68455,1711460,0.225666,68161,2619076,0.34534,93937,4330536,0.571006,7584050
4,2021-04-09,134535,6813448,73932,3728767,38148,2837386,22455,247295,64652,1730000,0.22811,69712,2688788,0.354532,88252,4418788,0.582642,7584050
4,2021-04-10,101327,6914775,50145,3778912,32830,2870216,18352,265647,46055,1740419,0.229484,55116,2743904,0.361799,65535,4484323,0.591283,7584050
4,2021-04-11,61415,6976190,37395,3816307,13011,2883227,11009,276656,27031,1745395,0.23014,34311,2778215,0.366323,39287,4523610,0.596464,7584050
4,2021-04-12,100986,7077176,61586,3877893,29706,2912933,9694,286350,51348,1758265,0.231837,49403,2827618,0.372837,62273,4585883,0.604675,7584050
4,2021-04-13,128241,7205417,80438,3958331,47654,2960587,149,286499,77159,1785895,0.23548,50871,2878489,0.379545,78501,4664384,0.615025,7584050
4,2021-04-14,132826,7338243,84618,4042949,48140,3008727,68,286567,74272,1803634,0.237819,58299,2936788,0.387232,76038,4740422,0.625052,7584050
4,2021-04-15,151810,7490053,101402,4144351,50379,3059106,29,286596,94023,1841446,0.242805,57511,2994299,0.394815,95323,4835745,0.63762,7584050
4,2021-04-16,140472,7630525,89438,4233789,50965,3110071,69,286665,82475,1867123,0.246191,57747,3052046,0.40243,83424,4919169,0.64862,7584050
4,2021-04-17,97976,7728501,62130,4295919,35841,3145912,5,286670,57704,1886111,0.248694,40083,3092129,0.407715,59071,4978240,0.656409,7584050
4,2021-04-18,53069,7781570,35513,4331432,17553,3163465,3,286673,30360,1894994,0.249866,22614,3114743,0.410697,31497,5009737,0.660562,7584050
4,2021-04-19,98841,7880411,65378,4396810,33452,3196917,11,286684,50816,1898944,0.250387,47863,3162606,0.417008,51813,5061550,0.667394,7584050
4,2021-04-20,125016,8005427,73032,4469842,51978,3248895,6,286690,65550,1906882,0.251433,59237,3221843,0.424818,67175,5128725,0.676251,7584050
4,2021-04-21,124871,8130298,80163,4550005,44661,3293556,47,286737,62851,1909576,0.251788,61776,3283619,0.432964,64470,5193195,0.684752,7584050
4,2021-04-22,130613,8260911,85667,4635672,44927,3338483,19,286756,58298,1898066,0.250271,72058,3355677,0.442465,60548,5253743,0.692736,7584050
4,2021-04-23,121313,8382224,78752,4714424,42539,3381022,22,286778,52153,1885849,0.24866,68912,3424589,0.451551,56695,5310438,0.700211,7584050
4,2021-04-24,76476,8458700,50259,4764683,26172,3407194,45,286823,33127,1878416,0.24768,43208,3467797,0.457249,35775,5346213,0.704929,7584050
4,2021-04-25,36924,8495624,25199,4789882,11720,3418914,5,286828,17649,1877634,0.247577,19214,3487011,0.459782,18432,5364645,0.707359,7584050
4,2021-04-26,62600,8558224,38562,4828444,23769,3442683,269,287097,24057,1866387,0.246094,38384,3525395,0.464843,27137,5391782,0.710937,7584050
4,2021-04-27,53017,8611241,32348,4860792,20166,3462849,503,287600,16403,1849580,0.243878,36489,3561884,0.469655,19682,5411464,0.713532,7584050
